         930
       10002       40003  0.765960872      -4.13152948E-02           1
       10002       50004  0.194104165      -5.61347194E-02           1
       10002       60005   7.77000040E-02  -7.83061013E-02           1
       10002       70006   3.88148092E-02  -9.87115800E-02           1
       10002       80007   2.21878439E-02 -0.109037288               1
       10002       90008   1.38502968E-02 -0.109251514               1
       10002      100009   9.21756495E-03 -0.110783644               1
       10002      110010   6.43876335E-03 -0.147499427               1
       10002      120011   4.69600037E-03 -0.242049336               1
       10002      130012   3.51992715E-03 -0.379737079               1
       10002      140013   2.70985044E-03 -0.539011717               1
       10002      150014   2.12727766E-03 -0.746306777               1
       10002      160015   1.70450704E-03 -0.952345550               1
       10002      170016   1.38445920E-03  -1.06456113               1
       10002      180017   1.14046060E-03  -1.04665375               1
       10002      190018   9.54631483E-04 -0.933710337               1
       10002      200019   8.02877825E-04 -0.797044992               1
       10002      210020   6.83388847E-04 -0.653150737               1
       10002      220021   5.87408373E-04 -0.492737174               1
       10002      230022   5.06374112E-04 -0.376349032               1
       10002      240023   4.38980118E-04 -0.335223973               1
       10002      250024   3.83259932E-04 -0.345223486               1
       10002      260025   3.35237477E-04 -0.364915580               1
       10002      270026   2.95812497E-04 -0.375872970               1
       10002      280027   2.62049463E-04 -0.373352438               1
       10002      290028   2.33596220E-04 -0.364204913               1
       10002      300029   2.10017926E-04 -0.352650672               1
       10002      310030   1.89082202E-04 -0.343198717               1
       10002      320031   1.69875158E-04 -0.339641243               1
       10002      330032   1.53497109E-04 -0.330240637               1
       20003       50004  0.769391775      -2.92716920E-02           1
       20003       60005  0.194707140      -5.52624986E-02           1
       20003       70006   7.79109448E-02  -7.97705874E-02           1
       20003       80007   3.89991105E-02  -9.47304145E-02           1
       20003       90008   2.22833119E-02  -9.97156799E-02           1
       20003      100009   1.39141567E-02 -0.105238780               1
       20003      110010   9.25708096E-03 -0.144111857               1
       20003      120011   6.49559265E-03 -0.238545299               1
       20003      130012   4.71889740E-03 -0.374818951               1
       20003      140013   3.54052288E-03 -0.533816159               1
       20003      150014   2.72031385E-03 -0.742763281               1
       20003      160015   2.14054692E-03 -0.950811803               1
       20003      170016   1.71198696E-03  -1.06492364               1
       20003      180017   1.39155204E-03  -1.04908454               1
       20003      190018   1.15137501E-03 -0.938473523               1
       20003      200019   9.58507182E-04 -0.803879678               1
       20003      210020   8.08502082E-04 -0.661023140               1
       20003      220021   6.89368753E-04 -0.501015961               1
       20003      230022   5.89984877E-04 -0.385085940               1
       20003      240023   5.08130237E-04 -0.344648421               1
       20003      250024   4.40998090E-04 -0.355533779               1
       20003      260025   3.83646257E-04 -0.376237482               1
       20003      270026   3.36838391E-04 -0.388274103               1
       20003      280027   2.97018327E-04 -0.386860728               1
       20003      290028   2.63639609E-04 -0.378819257               1
       20003      300029   2.36093823E-04 -0.368341297               1
       20003      310030   2.11782739E-04 -0.359912872               1
       20003      320031   1.89624814E-04 -0.357313633               1
       20003      330032   1.70801344E-04 -0.348823071               1
       30004       20001  0.765952587      -4.14847732E-02           1
       30004       60005  0.771384060      -1.99029837E-02           1
       30004       70006  0.195136338      -4.73745391E-02           1
       30004       80007   7.82521218E-02  -6.69336319E-02           1
       30004       90008   3.91446799E-02  -7.72277415E-02           1
       30004      100009   2.23738868E-02  -8.73503014E-02           1
       30004      110010   1.39664635E-02 -0.128714457               1
       30004      120011   9.33456793E-03 -0.222950414               1
       30004      130012   6.52491301E-03 -0.357452899               1
       30004      140013   4.74478723E-03 -0.515971482               1
       30004      150014   3.55285616E-03 -0.726623237               1
       30004      160015   2.73623574E-03 -0.936665118               1
       30004      170016   2.14917026E-03  -1.05251563               1
       30004      180017   1.72007247E-03  -1.03851223               1
       30004      190018   1.40437984E-03 -0.929965615               1
       30004      200019   1.15563674E-03 -0.797085941               1
       30004      210020   9.64876323E-04 -0.654744744               1
       30004      220021   8.15303589E-04 -0.494529366               1
       30004      230022   6.92164991E-04 -0.378438205               1
       30004      240023   5.91831864E-04 -0.338085294               1
       30004      250024   5.10278158E-04 -0.349265963               1
       30004      260025   4.41268872E-04 -0.370398670               1
       30004      270026   3.85313935E-04 -0.382935524               1
       30004      280027   3.38055514E-04 -0.382051319               1
       30004      290028   2.98673142E-04 -0.374537677               1
       30004      300029   2.66321469E-04 -0.364557415               1
       30004      310030   2.37952889E-04 -0.356573194               1
       30004      320031   2.12275976E-04 -0.354350269               1
       30004      330032   1.90551931E-04 -0.346185416               1
       40005       20001  0.194100082      -5.67316003E-02           1
       40005       30002  0.769389331      -2.93398928E-02           1
       40005       70006  0.770108879      -1.60147212E-02           1
       40005       80007  0.195160046      -4.12249714E-02           1
       40005       90008   7.81571940E-02  -5.84521741E-02           1
       40005      100009   3.91016379E-02  -7.48082101E-02           1
       40005      110010   2.23389063E-02 -0.119854711               1
       40005      120011   1.40080284E-02 -0.214527071               1
       40005      130012   9.32662655E-03 -0.347561836               1
       40005      140013   6.52505038E-03 -0.506113052               1
       40005      150014   4.73491754E-03 -0.719308555               1
       40005      160015   3.55346827E-03 -0.932114184               1
       40005      170016   2.73154513E-03  -1.05032110               1
       40005      180017   2.14663777E-03  -1.03871000               1
       40005      190018   1.72563537E-03 -0.932766616               1
       40005      200019   1.40103942E-03 -0.802052081               1
       40005      210020   1.15612405E-03 -0.660485268               1
       40005      220021   9.66879132E-04 -0.500214875               1
       40005      230022   8.13366030E-04 -0.384123743               1
       40005      240023   6.89785695E-04 -0.344052285               1
       40005      250024   5.90340991E-04 -0.355756849               1
       40005      260025   5.07077202E-04 -0.377569407               1
       40005      270026   4.40059201E-04 -0.390872777               1
       40005      280027   3.83908162E-04 -0.390795022               1
       40005      290028   3.37419217E-04 -0.384093314               1
       40005      300029   2.99425592E-04 -0.374896795               1
       40005      310030   2.66344025E-04 -0.367639989               1
       40005      320031   2.36626453E-04 -0.366070509               1
       40005      330032   2.11597304E-04 -0.358503163               1
       50006       20001   7.76995420E-02  -7.94753209E-02           1
       50006       30002  0.194707274      -5.54882027E-02           1
       50006       40003  0.771386921      -1.99214220E-02           1
       50006       80007  0.771660030      -8.80161952E-03           1
       50006       90008  0.195145920      -3.39758284E-02           1
       50006      100009   7.81513527E-02  -5.80598637E-02           1
       50006      110010   3.90753634E-02 -0.107958481               1
       50006      120011   2.24250462E-02 -0.203656286               1
       50006      130012   1.40094031E-02 -0.335526466               1
       50006      140013   9.33518913E-03 -0.494715840               1
       50006      150014   6.51693391E-03 -0.711405277               1
       50006      160015   4.73952526E-03 -0.927770019               1
       50006      170016   3.55028617E-03  -1.04889667               1
       50006      180017   2.73039611E-03  -1.04013324               1
       50006      190018   2.15536496E-03 -0.937196255               1
       50006      200019   1.72295864E-03 -0.808918595               1
       50006      210020   1.40281511E-03 -0.668159783               1
       50006      220021   1.15956273E-03 -0.507739663               1
       50006      230022   9.65480227E-04 -0.391549885               1
       50006      240023   8.11342208E-04 -0.351685673               1
       50006      250024   6.88698026E-04 -0.363860995               1
       50006      260025   5.87193237E-04 -0.386315107               1
       50006      270026   5.06162760E-04 -0.400356710               1
       50006      280027   4.38862771E-04 -0.401064098               1
       50006      290028   3.83541279E-04 -0.395157486               1
       50006      300029   3.38586920E-04 -0.386729717               1
       50006      310030   2.99739128E-04 -0.380184680               1
       50006      320031   2.65119277E-04 -0.379249930               1
       50006      330032   2.36104373E-04 -0.372258753               1
       60007       20001   3.88162732E-02 -0.100492321               1
       60007       30002   7.79123902E-02  -8.02123621E-02           1
       60007       40003  0.195139781      -4.74365614E-02           1
       60007       50004  0.770111084      -1.60192121E-02           1
       60007       90008  0.771587253       3.44396057E-03           1
       60007      100009  0.195207700      -2.88781095E-02           1
       60007      110010   7.81434625E-02  -8.42953846E-02           1
       60007      120011   3.92568707E-02 -0.181301758               1
       60007      130012   2.24515684E-02 -0.312310338               1
       60007      140013   1.40387025E-02 -0.473072350               1
       60007      150014   9.33490042E-03 -0.694575548               1
       60007      160015   6.53147465E-03 -0.915505767               1
       60007      170016   4.74167895E-03  -1.04019737               1
       60007      180017   3.55352834E-03  -1.03475630               1
       60007      190018   2.74551217E-03 -0.935212255               1
       60007      200019   2.15526763E-03 -0.809575498               1
       60007      210020   1.72784145E-03 -0.669520795               1
       60007      220021   1.40932016E-03 -0.508678436               1
       60007      230022   1.15988974E-03 -0.392101377               1
       60007      240023   9.64798906E-04 -0.352174252               1
       60007      250024   8.11528356E-04 -0.364566028               1
       60007      260025   6.86286949E-04 -0.387417734               1
       60007      270026   5.87225892E-04 -0.401960194               1
       60007      280027   5.05736272E-04 -0.403219670               1
       60007      290028   4.39277530E-04 -0.397877872               1
       60007      300029   3.85615102E-04 -0.389989793               1
       60007      310030   3.39615886E-04 -0.383927077               1
       60007      320031   2.98967934E-04 -0.383395344               1
       60007      330032   2.65082490E-04 -0.376746684               1
       70008       20001   2.21891925E-02 -0.111444525               1
       70008       30002   3.90000977E-02  -9.54497010E-02           1
       70008       40003   7.82545954E-02  -6.70914203E-02           1
       70008       50004  0.195161432      -4.12616171E-02           1
       70008       60005  0.771660089      -8.81124847E-03           1
       70008      100009  0.770995677       2.03692000E-02           1
       70008      110010  0.195104629      -4.00586538E-02           1
       70008      120011   7.85085559E-02 -0.137957409               1
       70008      130012   3.93266939E-02 -0.268322796               1
       70008      140013   2.25172173E-02 -0.432320297               1
       70008      150014   1.40518863E-02 -0.660844326               1
       70008      160015   9.36586875E-03 -0.887917995               1
       70008      170016   6.54259324E-03  -1.01714027               1
       70008      180017   4.75200638E-03  -1.01569605               1
       70008      190018   3.57837090E-03 -0.920072436               1
       70008      200019   2.74956808E-03 -0.797351480               1
       70008      210020   2.16484955E-03 -0.657870948               1
       70008      220021   1.73885853E-03 -0.496248692               1
       70008      230022   1.41229748E-03 -0.378889352               1
       70008      240023   1.16128183E-03 -0.338510722               1
       70008      250024   9.66896885E-04 -0.350735217               1
       70008      260025   8.10297788E-04 -0.373601884               1
       70008      270026   6.87715015E-04 -0.388261229               1
       70008      280027   5.87936782E-04 -0.389686793               1
       70008      290028   5.07270044E-04 -0.384521693               1
       70008      300029   4.42594552E-04 -0.376783162               1
       70008      310030   3.87635169E-04 -0.370810270               1
       70008      320031   3.39503342E-04 -0.370285481               1
       70008      330032   2.99611827E-04 -0.363580525               1
       80009       20001   1.38513353E-02 -0.112050720               1
       80009       30002   2.22836845E-02 -0.100661851               1
       80009       40003   3.91460620E-02  -7.75253922E-02           1
       80009       50004   7.81575665E-02  -5.85878082E-02           1
       80009       60005  0.195145085      -3.40478905E-02           1
       80009       70006  0.771585703       3.42299184E-03           1
       80009      110010  0.771241784       2.25794222E-02           1
       80009      120011  0.196083084      -7.37515986E-02           1
       80009      130012   7.86922202E-02 -0.203179479               1
       80009      140013   3.94617021E-02 -0.373125345               1
       80009      150014   2.25479249E-02 -0.612488627               1
       80009      160015   1.41035542E-02 -0.848370492               1
       80009      170016   9.38549079E-03 -0.983701408               1
       80009      180017   6.55858591E-03 -0.987325788               1
       80009      190018   4.78694169E-03 -0.896471500               1
       80009      200019   3.58487037E-03 -0.777198970               1
       80009      210020   2.76272767E-03 -0.638318479               1
       80009      220021   2.17950740E-03 -0.475662053               1
       80009      230022   1.74327206E-03 -0.357229292               1
       80009      240023   1.41461100E-03 -0.316125363               1
       80009      250024   1.16428197E-03 -0.327922732               1
       80009      260025   9.65809042E-04 -0.350551456               1
       80009      270026   8.12278129E-04 -0.365077764               1
       80009      280027   6.88774511E-04 -0.366420805               1
       80009      290028   5.89895877E-04 -0.361184239               1
       80009      300029   5.11246501E-04 -0.353346109               1
       80009      310030   4.45041514E-04 -0.347211599               1
       80009      320031   3.87617562E-04 -0.346437752               1
       80009      330032   3.40328057E-04 -0.339417398               1
       90010       20001   9.21823457E-03 -0.112898402               1
       90010       30002   1.39139593E-02 -0.105773732               1
       90010       40003   2.23743226E-02  -8.74816924E-02           1
       90010       50004   3.91011685E-02  -7.49473721E-02           1
       90010       60005   7.81497881E-02  -5.82133830E-02           1
       90010       70006  0.195205495      -2.89665628E-02           1
       90010       80007  0.770993948       2.03496385E-02           1
       90010      120011  0.773042262      -1.58762478E-03           1
       90010      130012  0.196204916     -0.128084809               1
       90010      140013   7.88468271E-02 -0.308341622               1
       90010      150014   3.94614041E-02 -0.565009594               1
       90010      160015   2.26007458E-02 -0.814234018               1
       90010      170016   1.41162658E-02 -0.958232582               1
       90010      180017   9.39635374E-03 -0.968498170               1
       90010      190018   6.59935689E-03 -0.883571148               1
       90010      200019   4.79028467E-03 -0.768501699               1
       90010      210020   3.59808933E-03 -0.630386829               1
       90010      220021   2.77860463E-03 -0.466569006               1
       90010      230022   2.18291790E-03 -0.346947074               1
       90010      240023   1.74446369E-03 -0.305076450               1
       90010      250024   1.41686259E-03 -0.316469431               1
       90010      260025   1.16179185E-03 -0.338931501               1
       90010      270026   9.67143220E-04 -0.353433430               1
       90010      280027   8.12624698E-04 -0.354832441               1
       90010      290028   6.90264045E-04 -0.349685907               1
       90010      300029   5.93805569E-04 -0.341925442               1
       90010      310030   5.13444829E-04 -0.335815012               1
       90010      320031   4.44465375E-04 -0.334980339               1
       90010      330032   3.88059096E-04 -0.327834249               1
      100011       20001   6.43926207E-03 -0.146321699               1
      100011       30002   9.25661344E-03 -0.142208889               1
      100011       40003   1.39663583E-02 -0.127217770               1
      100011       50004   2.23380551E-02 -0.119032376               1
      100011       60005   3.90735827E-02 -0.107648693               1
      100011       70006   7.81411082E-02  -8.42100233E-02           1
      100011       80007  0.195102647      -4.00173999E-02           1
      100011       90008  0.771240652       2.26011537E-02           1
      100011      130012  0.772742867      -7.18457475E-02           1
      100011      140013  0.196357206     -0.269208908               1
      100011      150014   7.87426904E-02 -0.554198682               1
      100011      160015   3.94965187E-02 -0.824511349               1
      100011      170016   2.25898307E-02 -0.981486022               1
      100011      180017   1.41100259E-02  -1.00074899               1
      100011      190018   9.44073685E-03 -0.923183918               1
      100011      200019   6.59386115E-03 -0.813110113               1
      100011      210020   4.80048032E-03 -0.675835788               1
      100011      220021   3.61332321E-03 -0.510657847               1
      100011      230022   2.77882908E-03 -0.389783561               1
      100011      240023   2.18116329E-03 -0.347301811               1
      100011      250024   1.74452970E-03 -0.358647287               1
      100011      260025   1.41156709E-03 -0.381470263               1
      100011      270026   1.16144877E-03 -0.396619081               1
      100011      280027   9.65858402E-04 -0.398866117               1
      100011      290028   8.12886807E-04 -0.394700140               1
      100011      300029   6.93519774E-04 -0.387982607               1
      100011      310030   5.95200167E-04 -0.382913381               1
      100011      320031   5.11757098E-04 -0.383068830               1
      100011      330032   4.44055739E-04 -0.376871020               1
      110012       20001   4.69599618E-03 -0.234655723               1
      110012       30002   6.49440894E-03 -0.231366083               1
      110012       40003   9.33332182E-03 -0.217264146               1
      110012       50004   1.40059441E-02 -0.210584447               1
      110012       60005   2.24219244E-02 -0.201228574               1
      110012       70006   3.92529778E-02 -0.179917172               1
      110012       80007   7.85047114E-02 -0.137188807               1
      110012       90008  0.196079835      -7.33780488E-02           1
      110012      100009  0.773039639      -1.47939008E-03           1
      110012      140013  0.774845958     -0.256029665               1
      110012      150014  0.196537584     -0.590034902               1
      110012      160015   7.89879262E-02 -0.895748198               1
      110012      170016   3.95741798E-02  -1.07391262               1
      110012      180017   2.26302184E-02  -1.10670745               1
      110012      190018   1.42108500E-02  -1.03889775               1
      110012      200019   9.45540331E-03 -0.934777260               1
      110012      210020   6.62370911E-03 -0.798099518               1
      110012      220021   4.83281445E-03 -0.630862176               1
      110012      230022   3.62290419E-03 -0.508179069               1
      110012      240023   2.78389570E-03 -0.464823186               1
      110012      250024   2.18697311E-03 -0.476156235               1
      110012      260025   1.74261176E-03 -0.499650925               1
      110012      270026   1.41489296E-03 -0.516004384               1
      110012      280027   1.16298383E-03 -0.519874513               1
      110012      290028   9.68737702E-04 -0.517648578               1
      110012      300029   8.18915083E-04 -0.513082445               1
      110012      310030   6.97052106E-04 -0.510275960               1
      110012      320031   5.94895217E-04 -0.512725115               1
      110012      330032   5.12726372E-04 -0.508838236               1
      120013       20001   3.52030643E-03 -0.365186602               1
      120013       30002   4.71810438E-03 -0.360729486               1
      120013       40003   6.52391510E-03 -0.345530272               1
      120013       50004   9.32495855E-03 -0.338273078               1
      120013       60005   1.40068680E-02 -0.328827202               1
      120013       70006   2.24483516E-02 -0.307756305               1
      120013       80007   3.93234640E-02 -0.265362561               1
      120013       90008   7.86895007E-02 -0.201434597               1
      120013      100009  0.196202770     -0.127288222               1
      120013      110010  0.772740901      -7.16554374E-02           1
      120013      150014  0.773309231     -0.593763053               1
      120013      160015  0.196372867     -0.967916429               1
      120013      170016   7.88212046E-02  -1.18675411               1
      120013      180017   3.94597352E-02  -1.24483502               1
      120013      190018   2.26860028E-02  -1.19369304               1
      120013      200019   1.41642727E-02  -1.09898591               1
      120013      210020   9.45121329E-03 -0.963794410               1
      120013      220021   6.63529430E-03 -0.794166386               1
      120013      230022   4.82150586E-03 -0.669061363               1
      120013      240023   3.61124496E-03 -0.624239445               1
      120013      250024   2.77687726E-03 -0.635081053               1
      120013      260025   2.17301049E-03 -0.658921659               1
      120013      270026   1.73720834E-03 -0.676324189               1
      120013      280027   1.40881259E-03 -0.681833923               1
      120013      290028   1.15970022E-03 -0.681727231               1
      120013      300029   9.70121357E-04 -0.679634273               1
      120013      310030   8.18081608E-04 -0.679528952               1
      120013      320031   6.92356320E-04 -0.684799194               1
      120013      330032   5.92213415E-04 -0.683817565               1
      130014       20001   2.71077873E-03 -0.518858433               1
      130014       30002   3.54027376E-03 -0.513273835               1
      130014       40003   4.74418327E-03 -0.497374684               1
      130014       50004   6.52387040E-03 -0.490323424               1
      130014       60005   9.33322683E-03 -0.482119828               1
      130014       70006   1.40360566E-02 -0.463525414               1
      130014       80007   2.25144122E-02 -0.425381780               1
      130014       90008   3.94592285E-02 -0.368430883               1
      130014      100009   7.88447782E-02 -0.305634558               1
      130014      110010  0.196355268     -0.268110871               1
      130014      120011  0.774846196     -0.255811214               1
      130014      160015  0.774404109     -0.875582457               1
      130014      170016  0.196435839      -1.19146395               1
      130014      180017   7.87260979E-02  -1.30884552               1
      130014      190018   3.96253094E-02  -1.29565299               1
      130014      200019   2.26450469E-02  -1.22300017               1
      130014      210020   1.41762858E-02  -1.09598112               1
      130014      220021   9.47969779E-03 -0.927555025               1
      130014      230022   6.62796013E-03 -0.802182555               1
      130014      240023   4.81178472E-03 -0.757197618               1
      130014      250024   3.60608543E-03 -0.768264532               1
      130014      260025   2.76199239E-03 -0.792752683               1
      130014      270026   2.16832408E-03 -0.811220825               1
      130014      280027   1.73123751E-03 -0.818196237               1
      130014      290028   1.40593946E-03 -0.819912374               1
      130014      300029   1.16221805E-03 -0.819919050               1
      130014      310030   9.69840621E-04 -0.822093666               1
      130014      320031   8.13148741E-04 -0.829732478               1
      130014      330032   6.89705252E-04 -0.831185699               1
      140015       20001   2.12891214E-03 -0.724758923               1
      140015       30002   2.72084051E-03 -0.718260348               1
      140015       40003   3.55298491E-03 -0.702332258               1
      140015       50004   4.73463582E-03 -0.696685374               1
      140015       60005   6.51604077E-03 -0.691565037               1
      140015       70006   9.33342986E-03 -0.678035915               1
      140015       80007   1.40502388E-02 -0.647636652               1
      140015       90008   2.25465503E-02 -0.602557421               1
      140015      100009   3.94604243E-02 -0.558350623               1
      140015      110010   7.87418634E-02 -0.550659120               1
      140015      120011  0.196538761     -0.588770568               1
      140015      130012  0.773310006     -0.593533695               1
      140015      170016  0.773124039     -0.998086870               1
      140015      180017  0.195757538      -1.24966919               1
      140015      190018   7.89148211E-02  -1.31850410               1
      140015      200019   3.94802317E-02  -1.29367757               1
      140015      210020   2.26206984E-02  -1.18874466               1
      140015      220021   1.41927581E-02  -1.02953196               1
      140015      230022   9.45227500E-03 -0.909199178               1
      140015      240023   6.60295086E-03 -0.867784262               1
      140015      250024   4.79601603E-03 -0.881738544               1
      140015      260025   3.57992970E-03 -0.908758461               1
      140015      270026   2.75053736E-03 -0.929615378               1
      140015      280027   2.15633400E-03 -0.938976705               1
      140015      290028   1.72388635E-03 -0.943150342               1
      140015      300029   1.40575855E-03 -0.945688188               1
      140015      310030   1.15915213E-03 -0.950429082               1
      140015      320031   9.61665064E-04 -0.960618198               1
      140015      330032   8.08012264E-04 -0.964617610               1
      150016       20001   1.70692801E-03 -0.937881470               1
      150016       30002   2.14187521E-03 -0.929072320               1
      150016       40003   2.73706461E-03 -0.911701381               1
      150016       50004   3.55392788E-03 -0.905978978               1
      150016       60005   4.73939860E-03 -0.902400196               1
      150016       70006   6.53072307E-03 -0.892287314               1
      150016       80007   9.36476793E-03 -0.867654443               1
      150016       90008   1.41024934E-02 -0.831647873               1
      150016      100009   2.25998759E-02 -0.801649570               1
      150016      110010   3.94956693E-02 -0.816547394               1
      150016      120011   7.89887533E-02 -0.891910017               1
      150016      130012  0.196373329     -0.966645122               1
      150016      140013  0.774404764     -0.875347078               1
      150016      180017  0.771751165      -1.03291428               1
      150016      190018  0.196632415      -1.24958587               1
      150016      200019   7.87784383E-02  -1.30703390               1
      150016      210020   3.95123959E-02  -1.24031246               1
      150016      220021   2.26925649E-02  -1.09787691               1
      150016      230022   1.41818263E-02 -0.986641765               1
      150016      240023   9.43754893E-03 -0.951089740               1
      150016      250024   6.59562927E-03 -0.969172716               1
      150016      260025   4.77162516E-03 -0.999271452               1
      150016      270026   3.57274897E-03  -1.02258623               1
      150016      280027   2.74110190E-03  -1.03406703               1
      150016      290028   2.15162244E-03  -1.04019713               1
      150016      300029   1.72722782E-03  -1.04460311               1
      150016      310030   1.40500010E-03  -1.05113852               1
      150016      320031   1.15183345E-03  -1.06303310               1
      150016      330032   9.57642449E-04  -1.06869030               1
      160017       20001   1.38759019E-03  -1.06481969               1
      160017       30002   1.71408383E-03  -1.05344546               1
      160017       40003   2.15073582E-03  -1.03403604               1
      160017       50004   2.73282733E-03  -1.02716839               1
      160017       60005   3.55106825E-03  -1.02352393               1
      160017       70006   4.74187639E-03  -1.01462758               1
      160017       80007   6.54238928E-03 -0.992826641               1
      160017       90008   9.38523002E-03 -0.961848438               1
      160017      100009   1.41161280E-02 -0.940138221               1
      160017      110010   2.25897375E-02 -0.968542635               1
      160017      120011   3.95755656E-02  -1.06647623               1
      160017      130012   7.88223594E-02  -1.18350089               1
      160017      140013  0.196437284      -1.19043159               1
      160017      150014  0.773124695     -0.997924626               1
      160017      190018  0.773168862     -0.998308539               1
      160017      200019  0.195744798      -1.19061708               1
      160017      210020   7.86216706E-02  -1.18395543               1
      160017      220021   3.95329185E-02  -1.06766355               1
      160017      230022   2.26189662E-02 -0.970160842               1
      160017      240023   1.41269555E-02 -0.942735374               1
      160017      250024   9.40497220E-03 -0.965830505               1
      160017      260025   6.54688524E-03 -0.999003291               1
      160017      270026   4.75084735E-03  -1.02413929               1
      160017      280027   3.55189666E-03  -1.03661442               1
      160017      290028   2.72828899E-03  -1.04318285               1
      160017      300029   2.15030252E-03  -1.04762256               1
      160017      310030   1.72186736E-03  -1.05387211               1
      160017      320031   1.39249768E-03  -1.06520307               1
      160017      330032   1.14396052E-03  -1.07012117               1
      170018       20001   1.14428683E-03  -1.06289816               1
      170018       30002   1.39438920E-03  -1.05072069               1
      170018       40003   1.72234210E-03  -1.03070211               1
      170018       50004   2.14866898E-03  -1.02365446               1
      170018       60005   2.73196679E-03  -1.02035773               1
      170018       70006   3.55450995E-03  -1.01246572               1
      170018       80007   4.75249672E-03 -0.992564738               1
      170018       90008   6.55887462E-03 -0.964775562               1
      170018      100009   9.39663686E-03 -0.948199391               1
      170018      110010   1.41102979E-02 -0.984848499               1
      170018      120011   2.26316899E-02  -1.09657764               1
      170018      130012   3.94610576E-02  -1.23980319               1
      170018      140013   7.87277371E-02  -1.30691516               1
      170018      150014  0.195758507      -1.24924815               1
      170018      160015  0.771752536      -1.03291321               1
      170018      200019  0.772260308     -0.875227094               1
      170018      210020  0.195930883     -0.966701686               1
      170018      220021   7.88754299E-02 -0.892718256               1
      170018      230022   3.95084620E-02 -0.817797244               1
      170018      240023   2.25908048E-02 -0.803783953               1
      170018      250024   1.41123906E-02 -0.835045815               1
      170018      260025   9.35737975E-03 -0.873108685               1
      170018      270026   6.53283950E-03 -0.900960326               1
      170018      280027   4.73300461E-03 -0.914597809               1
      170018      290028   3.54225817E-03 -0.921146810               1
      170018      300029   2.73180520E-03 -0.924609125               1
      170018      310030   2.14769738E-03 -0.929084182               1
      170018      320031   1.70977146E-03 -0.937968671               1
      170018      330032   1.38556096E-03 -0.939974666               1
      180019       20001   9.59403580E-04 -0.960999131               1
      180019       30002   1.15516095E-03 -0.950344980               1
      180019       40003   1.40751502E-03 -0.931869328               1
      180019       50004   1.72848382E-03 -0.926533222               1
      180019       60005   2.15767580E-03 -0.925141335               1
      180019       70006   2.74709403E-03 -0.919397295               1
      180019       80007   3.57922120E-03 -0.902031481               1
      180019       90008   4.78726765E-03 -0.877421916               1
      180019      100009   6.59933407E-03 -0.865072846               1
      180019      110010   9.44039878E-03 -0.907673478               1
      180019      120011   1.42111750E-02  -1.02854264               1
      180019      130012   2.26859786E-02  -1.18856120               1
      180019      140013   3.96253616E-02  -1.29389381               1
      180019      150014   7.89141357E-02  -1.31848431               1
      180019      160015  0.196631953      -1.24999094               1
      180019      170016  0.773167312     -0.998468339               1
      180019      210020  0.772798002     -0.593889594               1
      180019      220021  0.196673930     -0.589755058               1
      180019      230022   7.89318383E-02 -0.552084446               1
      180019      240023   3.95383276E-02 -0.560555756               1
      180019      250024   2.26173904E-02 -0.605905354               1
      180019      260025   1.40758166E-02 -0.652890027               1
      180019      270026   9.36175697E-03 -0.686367869               1
      180019      280027   6.52593188E-03 -0.703333199               1
      180019      290028   4.73318109E-03 -0.711435020               1
      180019      300029   3.55690299E-03 -0.714956403               1
      180019      310030   2.73660966E-03 -0.718200684               1
      180019      320031   2.13919301E-03 -0.724749982               1
      180019      330032   1.70664093E-03 -0.723626196               1
      190020       20001   8.08085839E-04 -0.830404222               1
      190020       30002   9.62787541E-04 -0.822037816               1
      190020       40003   1.15927123E-03 -0.805808842               1
      190020       50004   1.40443468E-03 -0.802776575               1
      190020       60005   1.72587042E-03 -0.803720772               1
      190020       70006   2.15748698E-03 -0.800327063               1
      190020       80007   2.75104586E-03 -0.785372794               1
      190020       90008   3.58577771E-03 -0.763354897               1
      190020      100009   4.79081320E-03 -0.753966928               1
      190020      110010   6.59410888E-03 -0.800215602               1
      190020      120011   9.45616513E-03 -0.926180542               1
      190020      130012   1.41648585E-02  -1.09544969               1
      190020      140013   2.26458292E-02  -1.22288537               1
      190020      150014   3.94805372E-02  -1.29533207               1
      190020      160015   7.87790641E-02  -1.30890977               1
      190020      170016  0.195744529      -1.19163764               1
      190020      180017  0.772259772     -0.875460446               1
      190020      220021  0.773571968     -0.256075948               1
      190020      230022  0.196152702     -0.268868715               1
      190020      240023   7.87231401E-02 -0.307093143               1
      190020      250024   3.94354649E-02 -0.370901048               1
      190020      260025   2.24719550E-02 -0.429567635               1
      190020      270026   1.40261566E-02 -0.470589310               1
      190020      280027   9.31317452E-03 -0.492461383               1
      190020      290028   6.49810862E-03 -0.503595948               1
      190020      300029   4.73176967E-03 -0.508617997               1
      190020      310030   3.54725122E-03 -0.512020409               1
      190020      320031   2.71341228E-03 -0.517546177               1
      190020      330032   2.12535751E-03 -0.514543712               1
      200021       20001   6.89112640E-04 -0.686132431               1
      200021       30002   8.13333900E-04 -0.679936409               1
      200021       40003   9.69046203E-04 -0.665734351               1
      200021       50004   1.16005703E-03 -0.664625645               1
      200021       60005   1.40626228E-03 -0.667304516               1
      200021       70006   1.73056859E-03 -0.665358365               1
      200021       80007   2.16675526E-03 -0.651499987               1
      200021       90008   2.76393304E-03 -0.630186260               1
      200021      100009   3.59877571E-03 -0.621092379               1
      200021      110010   4.80077695E-03 -0.667243659               1
      200021      120011   6.62422646E-03 -0.792998731               1
      200021      130012   9.45152994E-03 -0.963514984               1
      200021      140013   1.41767096E-02  -1.09914851               1
      200021      150014   2.26206966E-02  -1.19368780               1
      200021      160015   3.95126119E-02  -1.24522996               1
      200021      170016   7.86210224E-02  -1.18717468               1
      200021      180017  0.195929930     -0.967962861               1
      200021      190018  0.772798657     -0.594117641               1
      200021      230022  0.773381889      -7.16681853E-02           1
      200021      240023  0.196280658     -0.128016382               1
      200021      250024   7.87684470E-02 -0.203083485               1
      200021      260025   3.93134877E-02 -0.268576533               1
      200021      270026   2.24674549E-02 -0.313658029               1
      200021      280027   1.39994295E-02 -0.337850600               1
      200021      290028   9.30335745E-03 -0.350181818               1
      200021      300029   6.51700050E-03 -0.355537415               1
      200021      310030   4.73439693E-03 -0.358500391               1
      200021      320031   3.52892489E-03 -0.362851083               1
      200021      330032   2.70492886E-03 -0.358167380               1
      210022       20001   5.93661447E-04 -0.515346527               1
      210022       30002   6.94760995E-04 -0.511767745               1
      210022       40003   8.20019341E-04 -0.500010908               1
      210022       50004   9.71347617E-04 -0.501187801               1
      210022       60005   1.16352865E-03 -0.505879045               1
      210022       70006   1.41252507E-03 -0.505530298               1
      210022       80007   1.74115307E-03 -0.492724150               1
      210022       90008   2.18096119E-03 -0.471783876               1
      210022      100009   2.77937669E-03 -0.462238342               1
      210022      110010   3.61355348E-03 -0.506958961               1
      210022      120011   4.83294250E-03 -0.630324781               1
      210022      130012   6.63511269E-03 -0.798474550               1
      210022      140013   9.47944261E-03 -0.935602129               1
      210022      150014   1.41920177E-02  -1.03957641               1
      210022      160015   2.26918329E-02  -1.10780334               1
      210022      170016   3.95312607E-02  -1.07502472               1
      210022      180017   7.88733363E-02 -0.896526158               1
      210022      190018  0.196673140     -0.591009378               1
      210022      200019  0.773569882     -0.256291896               1
      210022      240023  0.773941040      -1.84115407E-03           1
      210022      250024  0.196399465      -7.44910762E-02           1
      210022      260025   7.85651132E-02 -0.139675483               1
      210022      270026   3.93311381E-02 -0.184846357               1
      210022      280027   2.24412382E-02 -0.209074572               1
      210022      290028   1.39950905E-02 -0.221233025               1
      210022      300029   9.33781918E-03 -0.226136878               1
      210022      310030   6.52668253E-03 -0.228313178               1
      210022      320031   4.71481727E-03 -0.231475919               1
      210022      330032   3.52169550E-03 -0.225374907               1
      220023       20001   5.12589992E-04 -0.386901200               1
      220023       30002   5.95377933E-04 -0.385423809               1
      220023       40003   6.96888543E-04 -0.375682533               1
      220023       50004   8.17856926E-04 -0.378818989               1
      220023       60005   9.69492830E-04 -0.385327965               1
      220023       70006   1.16316392E-03 -0.386537910               1
      220023       80007   1.41466502E-03 -0.374914020               1
      220023       90008   1.74478057E-03 -0.354647249               1
      220023      100009   2.18372955E-03 -0.345103204               1
      220023      110010   2.77911732E-03 -0.388960719               1
      220023      120011   3.62299359E-03 -0.510525465               1
      220023      130012   4.82139830E-03 -0.676616430               1
      220023      140013   6.62785769E-03 -0.814326584               1
      220023      150014   9.45190247E-03 -0.924249709               1
      220023      160015   1.41815543E-02  -1.00222492               1
      220023      170016   2.26180330E-02 -0.982965469               1
      220023      180017   3.95072661E-02 -0.825695395               1
      220023      190018   7.89318457E-02 -0.555592597               1
      220023      200019  0.196151659     -0.269954950               1
      220023      210020  0.773381412      -7.18556345E-02           1
      220023      250024  0.772050738       2.25335862E-02           1
      220023      260025  0.195312098      -4.12298404E-02           1
      220023      270026   7.83424303E-02  -8.75504091E-02           1
      220023      280027   3.91485319E-02 -0.113630466               1
      220023      290028   2.23511104E-02 -0.127686203               1
      220023      300029   1.39931617E-02 -0.134223998               1
      220023      310030   9.31608304E-03 -0.137669772               1
      220023      320031   6.47500204E-03 -0.141677126               1
      220023      330032   4.68704756E-03 -0.136210322               1
      230024       20001   4.44854610E-04 -0.341368407               1
      230024       30002   5.13208914E-04 -0.340641528               1
      230024       40003   5.96243073E-04 -0.331645310               1
      230024       50004   6.93969836E-04 -0.335572928               1
      230024       60005   8.15065694E-04 -0.342869908               1
      230024       70006   9.67805507E-04 -0.344789267               1
      230024       80007   1.16339314E-03 -0.333717376               1
      230024       90008   1.41586072E-03 -0.313746095               1
      230024      100009   1.74501911E-03 -0.304109156               1
      230024      110010   2.18122848E-03 -0.347317487               1
      230024      120011   2.78370711E-03 -0.467596829               1
      230024      130012   3.61098186E-03 -0.632293284               1
      230024      140013   4.81163012E-03 -0.770793498               1
      230024      150014   6.60276040E-03 -0.885659456               1
      230024      160015   9.43759829E-03 -0.970934272               1
      230024      170016   1.41266631E-02 -0.960595727               1
      230024      180017   2.25904807E-02 -0.816240847               1
      230024      190018   3.95391844E-02 -0.567140579               1
      230024      200019   7.87232667E-02 -0.309767276               1
      230024      210020  0.196281448     -0.128800094               1
      230024      220021  0.773943365      -1.94733590E-03           1
      230024      260025  0.769036829       2.00268663E-02           1
      230024      270026  0.194969654      -3.10415644E-02           1
      230024      280027   7.80397952E-02  -6.25655055E-02           1
      230024      290028   3.90073024E-02  -8.17872882E-02           1
      230024      300029   2.23520640E-02  -9.28256810E-02           1
      230024      310030   1.39627019E-02 -0.100075021               1
      230024      320031   9.24355816E-03 -0.107230283               1
      230024      330032   6.43725879E-03 -0.104579858               1
      240025       20001   3.88690009E-04 -0.356099457               1
      240025       30002   4.45649261E-04 -0.355077982               1
      240025       40003   5.14257583E-04 -0.345816731               1
      240025       50004   5.94087993E-04 -0.349568307               1
      240025       60005   6.91989902E-04 -0.356749445               1
      240025       70006   8.14113242E-04 -0.358564287               1
      240025       80007   9.68588807E-04 -0.347346365               1
      240025       90008   1.16510177E-03 -0.327113241               1
      240025      100009   1.41697808E-03 -0.316995084               1
      240025      110010   1.74416497E-03 -0.359365791               1
      240025      120011   2.18628929E-03 -0.478388637               1
      240025      130012   2.77619157E-03 -0.641855478               1
      240025      140013   3.60555784E-03 -0.781041563               1
      240025      150014   4.79560858E-03 -0.900030792               1
      240025      160015   6.59553241E-03 -0.991144359               1
      240025      170016   9.40476358E-03 -0.987343729               1
      240025      180017   1.41122937E-02 -0.851558924               1
      240025      190018   2.26183645E-02 -0.615693152               1
      240025      200019   3.94359492E-02 -0.375519753               1
      240025      210020   7.87696019E-02 -0.204789296               1
      240025      220021  0.196402043      -7.48522803E-02           1
      240025      230022  0.772052467       2.25139372E-02           1
      240025      270026  0.770564258       2.80246139E-03           1
      240025      280027  0.194931597      -3.64920497E-02           1
      240025      290028   7.80131742E-02  -6.32750988E-02           1
      240025      300029   3.91253717E-02  -8.09142590E-02           1
      240025      310030   2.23686956E-02  -9.36913639E-02           1
      240025      320031   1.38939274E-02 -0.105390847               1
      240025      330032   9.21500940E-03 -0.106760927               1
      250026       20001   3.39743565E-04 -0.384860396               1
      250026       30002   3.87378474E-04 -0.383300483               1
      250026       40003   4.44318488E-04 -0.373536289               1
      250026       50004   5.09883161E-04 -0.376876950               1
      250026       60005   5.89548494E-04 -0.383717656               1
      250026       70006   6.87951222E-04 -0.385223329               1
      250026       80007   8.11087899E-04 -0.373684347               1
      250026       90008   9.65744723E-04 -0.353053778               1
      250026      100009   1.16105075E-03 -0.342371851               1
      250026      110010   1.41040119E-03 -0.383893192               1
      250026      120011   1.74113829E-03 -0.501729071               1
      250026      130012   2.17167498E-03 -0.664052308               1
      250026      140013   2.76096142E-03 -0.803717256               1
      250026      150014   3.57928174E-03 -0.926028848               1
      250026      160015   4.77151340E-03  -1.02178013               1
      250026      170016   6.54706452E-03  -1.02290606               1
      250026      180017   9.35802888E-03 -0.893086135               1
      250026      190018   1.40776876E-02 -0.665873766               1
      250026      200019   2.24738363E-02 -0.436372399               1
      250026      210020   3.93163078E-02 -0.271454781               1
      250026      220021   7.85694867E-02 -0.140408173               1
      250026      230022  0.195315957      -4.12599109E-02           1
      250026      240023  0.769039571       2.00485718E-02           1
      250026      280027  0.768097460      -9.49729048E-03           1
      250026      290028  0.194242537      -4.37517837E-02           1
      250026      300029   7.79921785E-02  -6.84196278E-02           1
      250026      310030   3.90323624E-02  -8.72549489E-02           1
      250026      320031   2.21924558E-02 -0.103886031               1
      250026      330032   1.38101559E-02 -0.109547757               1
      260027       20001   2.99591193E-04 -0.404436111               1
      260027       30002   3.39844410E-04 -0.402584702               1
      260027       40003   3.87623615E-04 -0.392562687               1
      260027       50004   4.42105928E-04 -0.395731658               1
      260027       60005   5.07749792E-04 -0.402466118               1
      260027       70006   5.88119845E-04 -0.403893173               1
      260027       80007   6.87731022E-04 -0.392260730               1
      260027       90008   8.11428472E-04 -0.371460348               1
      260027      100009   9.65603802E-04 -0.360445708               1
      260027      110010   1.15948124E-03 -0.401360065               1
      260027      120011   1.41256768E-03 -0.518265486               1
      260027      130012   1.73505361E-03 -0.679664791               1
      260027      140013   2.16649426E-03 -0.819753647               1
      260027      150014   2.74918671E-03 -0.944830060               1
      260027      160015   3.57198063E-03  -1.04434657               1
      260027      170016   4.75054886E-03  -1.04930449               1
      260027      180017   6.53313100E-03 -0.923846066               1
      260027      190018   9.36319027E-03 -0.702600002               1
      260027      200019   1.40278358E-02 -0.479923815               1
      260027      210020   2.24700850E-02 -0.318059057               1
      260027      220021   3.93352211E-02 -0.186145574               1
      260027      230022   7.83461705E-02  -8.75974968E-02           1
      260027      240023  0.194972411      -3.09396498E-02           1
      260027      250024  0.770566821       2.82581151E-03           1
      260027      290028  0.767953396      -1.70183349E-02           1
      260027      300029  0.194823220      -4.71580625E-02           1
      260027      310030   7.80788511E-02  -7.13300630E-02           1
      260027      320031   3.88694219E-02  -9.24768001E-02           1
      260027      330032   2.21418254E-02 -0.102139421               1
      270028       20001   2.64973613E-04 -0.407724053               1
      270028       30002   2.99166917E-04 -0.405935764               1
      270028       40003   3.39492748E-04 -0.396009326               1
      270028       50004   3.85061139E-04 -0.399354935               1
      270028       60005   4.39545867E-04 -0.406327784               1
      270028       70006   5.05724573E-04 -0.408018321               1
      270028       80007   5.87046961E-04 -0.396632612               1
      270028       90008   6.87015068E-04 -0.376003593               1
      270028      100009   8.10171070E-04 -0.365001410               1
      270028      110010   9.62980615E-04 -0.405664474               1
      270028      120011   1.15971873E-03 -0.522006691               1
      270028      130012   1.40575424E-03 -0.682815433               1
      270028      140013   1.72853551E-03 -0.823433518               1
      270028      150014   2.15421035E-03 -0.950973332               1
      270028      160015   2.73962808E-03  -1.05370677               1
      270028      170016   3.55108245E-03  -1.06181002               1
      270028      180017   4.73292964E-03 -0.939741075               1
      270028      190018   6.52698660E-03 -0.722881854               1
      270028      200019   9.31474939E-03 -0.504825830               1
      270028      210020   1.40020279E-02 -0.344354212               1
      270028      220021   2.24452503E-02 -0.211375222               1
      270028      230022   3.91524360E-02 -0.113872774               1
      270028      240023   7.80429542E-02  -6.23821728E-02           1
      270028      250024  0.194934666      -3.64111066E-02           1
      270028      260025  0.768098354      -9.48599540E-03           1
      270028      300029  0.769191325      -1.79580320E-02           1
      270028      310030  0.194787785      -4.59065214E-02           1
      270028      320031   7.76726529E-02  -7.06809014E-02           1
      270028      330032   3.87421809E-02  -8.38864818E-02           1
      280029       20001   2.35804575E-04 -0.401319563               1
      280029       30002   2.65072274E-04 -0.399850190               1
      280029       40003   2.99384090E-04 -0.390274853               1
      280029       50004   3.37827543E-04 -0.394049972               1
      280029       60005   3.83470964E-04 -0.401513070               1
      280029       70006   4.38511197E-04 -0.403719753               1
      280029       80007   5.05626027E-04 -0.392835855               1
      280029       90008   5.87378338E-04 -0.372639090               1
      280029      100009   6.87044638E-04 -0.361919969               1
      280029      110010   8.09237536E-04 -0.402618885               1
      280029      120011   9.64666018E-04 -0.518703699               1
      280029      130012   1.15584210E-03 -0.679212570               1
      280029      140013   1.40243524E-03 -0.820484519               1
      280029      150014   1.72100344E-03 -0.950307369               1
      280029      160015   2.14940170E-03  -1.05589902               1
      280029      170016   2.72683054E-03  -1.06670666               1
      280029      180017   3.54160066E-03 -0.947422266               1
      280029      190018   4.73356899E-03 -0.733993948               1
      280029      200019   6.49916893E-03 -0.519300759               1
      280029      210020   9.30540636E-03 -0.359355688               1
      280029      220021   1.39984069E-02 -0.225093141               1
      280029      230022   2.23544408E-02 -0.128469199               1
      280029      240023   3.90100181E-02  -8.16364735E-02           1
      280029      250024   7.80158043E-02  -6.31407499E-02           1
      280029      260025  0.194243118      -4.37181704E-02           1
      280029      270026  0.767953753      -1.70161910E-02           1
      280029      310030  0.769344985      -1.89029500E-02           1
      280029      320031  0.193928137      -4.62418981E-02           1
      280029      330032   7.74854347E-02  -6.26069978E-02           1
      290030       20001   2.11907594E-04 -0.388715118               1
      290030       30002   2.37220695E-04 -0.387780756               1
      290030       40003   2.66731222E-04 -0.378771901               1
      290030       50004   2.99527426E-04 -0.383189976               1
      290030       60005   3.38212616E-04 -0.391355962               1
      290030       70006   3.84553627E-04 -0.394291967               1
      290030       80007   4.40665346E-04 -0.384125054               1
      290030       90008   5.08448167E-04 -0.364580780               1
      290030      100009   5.90302399E-04 -0.354373157               1
      290030      110010   6.89578243E-04 -0.395349950               1
      290030      120011   8.14514235E-04 -0.511434913               1
      290030      130012   9.65915271E-04 -0.671891570               1
      290030      140013   1.15832803E-03 -0.813938379               1
      290030      150014   1.40247075E-03 -0.945929527               1
      290030      160015   1.72454165E-03  -1.05412805               1
      290030      170016   2.14836840E-03  -1.06732976               1
      290030      180017   2.73060193E-03 -0.950409234               1
      290030      190018   3.55652790E-03 -0.739762485               1
      290030      200019   4.73201321E-03 -0.527635276               1
      290030      210020   6.51798537E-03 -0.367767543               1
      290030      220021   9.33969487E-03 -0.232093185               1
      290030      230022   1.39948959E-02 -0.135972604               1
      290030      240023   2.23530307E-02  -9.29067805E-02           1
      290030      250024   3.91259640E-02  -8.07699412E-02           1
      290030      260025   7.79906213E-02  -6.83549270E-02           1
      290030      270026  0.194821134      -4.71440591E-02           1
      290030      280027  0.769188344      -1.79539025E-02           1
      290030      320031  0.767096043      -2.32147984E-02           1
      290030      330032  0.193813503      -4.26206216E-02           1
      300031       20001   1.90558756E-04 -0.375430346               1
      300031       30002   2.12510960E-04 -0.375079215               1
      300031       40003   2.37972199E-04 -0.366684526               1
      300031       50004   2.66053772E-04 -0.371790111               1
      300031       60005   2.98980187E-04 -0.380702883               1
      300031       70006   3.38185782E-04 -0.384414911               1
      300031       80007   3.85357649E-04 -0.375017673               1
      300031       90008   4.41913202E-04 -0.356189072               1
      300031      100009   5.09625184E-04 -0.346572280               1
      300031      110010   5.90951880E-04 -0.387930244               1
      300031      120011   6.92336471E-04 -0.504146039               1
      300031      130012   8.13564402E-04 -0.664683163               1
      300031      140013   9.65633488E-04 -0.807533443               1
      300031      150014   1.15556037E-03 -0.941530228               1
      300031      160015   1.40200113E-03  -1.05207634               1
      300031      170016   1.71965978E-03  -1.06738269               1
      300031      180017   2.14622729E-03 -0.952463746               1
      300031      190018   2.73587299E-03 -0.744075716               1
      300031      200019   3.54718580E-03 -0.533917189               1
      300031      210020   4.73498600E-03 -0.373850018               1
      300031      220021   6.52798265E-03 -0.236703634               1
      300031      230022   9.31727514E-03 -0.140721217               1
      300031      240023   1.39631843E-02 -0.100543074               1
      300031      250024   2.23687310E-02  -9.35271755E-02           1
      300031      260025   3.90303768E-02  -8.70834440E-02           1
      300031      270026   7.80762434E-02  -7.12319836E-02           1
      300031      280027  0.194784224      -4.58514057E-02           1
      300031      290028  0.769341588      -1.88854355E-02           1
      300031      330032  0.763638198      -2.87210904E-02           1
      310032       20001   1.70551604E-04 -0.365658879               1
      310032       30002   1.89555518E-04 -0.365846753               1
      310032       40003   2.11494611E-04 -0.358020246               1
      310032       50004   2.35522442E-04 -0.363762319               1
      310032       60005   2.63543159E-04 -0.373368770               1
      310032       70006   2.96726619E-04 -0.377805680               1
      310032       80007   3.36426165E-04 -0.369132936               1
      310032       90008   3.83700826E-04 -0.350985885               1
      310032      100009   4.39864729E-04 -0.341943830               1
      310032      110010   5.06732089E-04 -0.383693814               1
      310032      120011   5.89396572E-04 -0.500082552               1
      310032      130012   6.87057269E-04 -0.660749316               1
      310032      140013   8.08159821E-04 -0.804362774               1
      310032      150014   9.57313518E-04 -0.940163732               1
      310032      160015   1.14809303E-03  -1.05278492               1
      310032      170016   1.38961966E-03  -1.06991005               1
      310032      180017   1.70770055E-03 -0.956655383               1
      310032      190018   2.13787309E-03 -0.750066400               1
      310032      200019   2.71293195E-03 -0.541370511               1
      310032      210020   3.52919800E-03 -0.380872875               1
      310032      220021   4.71587153E-03 -0.242191970               1
      310032      230022   6.47625001E-03 -0.146005020               1
      310032      240023   9.24448110E-03 -0.107928485               1
      310032      250024   1.38947433E-02 -0.104900174               1
      310032      260025   2.21918281E-02 -0.103246287               1
      310032      270026   3.88686359E-02  -9.19659808E-02           1
      310032      280027   7.76715130E-02  -7.03228265E-02           1
      310032      290028  0.193927839      -4.60549444E-02           1
      310032      300029  0.767100096      -2.31606644E-02           1
      320033       20001   1.53507834E-04 -0.335643053               1
      320033       30002   1.70068874E-04 -0.336968601               1
      320033       40003   1.89104525E-04 -0.330307245               1
      320033       50004   2.09813588E-04 -0.337280691               1
      320033       60005   2.33842366E-04 -0.348174423               1
      320033       70006   2.62156216E-04 -0.353928238               1
      320033       80007   2.95854174E-04 -0.346570045               1
      320033       90008   3.35732620E-04 -0.329695970               1
      320033      100009   3.82774335E-04 -0.321823567               1
      320033      110010   4.38332791E-04 -0.364569187               1
      320033      120011   5.06502867E-04 -0.481744826               1
      320033      130012   5.86156733E-04 -0.643150151               1
      320033      140013   6.83916558E-04 -0.788062036               1
      320033      150014   8.02823459E-04 -0.926071703               1
      320033      160015   9.53013427E-04  -1.04110265               1
      320033      170016   1.14016735E-03  -1.06035304               1
      320033      180017   1.38253171E-03 -0.949012101               1
      320033      190018   1.70426199E-03 -0.744355381               1
      320033      200019   2.12381128E-03 -0.537198365               1
      320033      210020   2.70405575E-03 -0.376542002               1
      320033      220021   3.52147594E-03 -0.236712530               1
      320033      230022   4.68705408E-03 -0.140460894               1
      320033      240023   6.43701945E-03 -0.104253575               1
      320033      250024   9.21470113E-03 -0.104708634               1
      320033      260025   1.38086174E-02 -0.107269533               1
      320033      270026   2.21402682E-02 -0.100176364               1
      320033      280027   3.87405045E-02  -8.23576599E-02           1
      320033      290028   7.74849877E-02  -6.16004243E-02           1
      320033      300029  0.193818420      -4.21207473E-02           1
      320033      310030  0.763645589      -2.85820980E-02           1
