        1122
       10002       40003   4.89803123      -14.9389286    
       10002       50004   1.29120362      -24.0929089    
       10002       60005  0.523221552      -33.5591240    
       10002       70006  0.262256026      -32.5839958    
       10002       80007  0.149229407      -33.2666588    
       10002       90008   9.21726525E-02  -23.6981144    
       10002      100009   6.02542944E-02  -9.13457680    
       10002      110010   4.10657078E-02  -9.26151848    
       10002      120011   2.89631784E-02  -9.18082523    
       10002      130012   2.11089160E-02  -9.02375126    
       10002      140013   1.59446802E-02  -8.84591293    
       10002      150014   1.25310309E-02  -8.67152405    
       10002      160015   1.02606863E-02  -8.51484299    
       10002      170016   8.74581095E-03  -8.38257885    
       10002      180017   7.75842415E-03  -8.27504730    
       10002      190018   7.12493015E-03  -8.19028568    
       10002      200019   6.57060277E-03  -8.12494564    
       10002      210020   5.83964586E-03  -8.07078743    
       10002      220021   4.99722408E-03  -8.01857948    
       10002      230022   4.26888885E-03  -7.96335411    
       10002      240023   3.66969150E-03  -7.90642977    
       10002      250024   3.01340315E-03  -7.84337282    
       10002      260025   2.51833745E-03  -7.76683378    
       10002      270026   1.48435477E-02  -7.71094418    
       10002      280027   1.04998453E-02  -7.68023348    
       10002      290028   8.31213780E-03  -7.64666700    
       10002      300029   6.95407065E-03  -7.61697674    
       10002      310030   5.89300506E-03  -7.59369707    
       10002      320031   4.90614586E-03  -7.57672119    
       10002      330032   2.39709881E-03  -7.56501722    
       10002      340033   4.23824851E-04  -7.49541426    
       10002      350034   4.20598633E-04  -7.44545364    
       10002      360035   4.02482023E-04  -7.40477610    
       20003       50004   4.86731339      -16.4427319    
       20003       60005   1.28318560      -31.4099808    
       20003       70006  0.519991994      -32.1786385    
       20003       80007  0.260410637      -34.3955231    
       20003       90008  0.147851884      -26.6644421    
       20003      100009   9.10159647E-02  -12.5475092    
       20003      110010   5.92507161E-02  -13.0824976    
       20003      120011   4.02696654E-02  -13.3644743    
       20003      130012   2.84438562E-02  -13.5208559    
       20003      140013   2.09068432E-02  -13.6164894    
       20003      150014   1.60456728E-02  -13.6787271    
       20003      160015   1.28781423E-02  -13.7204657    
       20003      170016   1.07996212E-02  -13.7485428    
       20003      180017   9.45799053E-03  -13.7670088    
       20003      190018   8.60054605E-03  -13.7783861    
       20003      200019   7.87324551E-03  -13.7845039    
       20003      210020   6.95643947E-03  -13.7869005    
       20003      220021   5.92072774E-03  -13.7863617    
       20003      230022   5.02993958E-03  -13.7830572    
       20003      240023   4.30010818E-03  -13.7773285    
       20003      250024   3.51005024E-03  -13.7689562    
       20003      260025   2.91242893E-03  -13.7573748    
       20003      270026   1.70765072E-02  -13.7488842    
       20003      280027   1.20434472E-02  -13.7461109    
       20003      290028   9.50287748E-03  -13.7437334    
       20003      300029   7.92695303E-03  -13.7424173    
       20003      310030   6.70165103E-03  -13.7426052    
       20003      320031   5.56921726E-03  -13.7451963    
       20003      330032   2.71723419E-03  -13.7505436    
       20003      340033   4.76011424E-04  -13.8023491    
       20003      350034   4.69160208E-04  -13.8451824    
       20003      360035   4.46277729E-04  -13.8893700    
       30004       20001   4.89803505      -14.9387064    
       30004       60005   4.86420441      -23.0227242    
       30004       70006   1.28126359      -25.4270344    
       30004       80007  0.518518269      -28.6615944    
       30004       90008  0.259063363      -22.7390518    
       30004      100009  0.146585017      -8.79449940    
       30004      110010   8.98381323E-02  -9.52943325    
       30004      120011   5.82774542E-02  -10.0252638    
       30004      130012   3.96137871E-02  -10.3836622    
       30004      140013   2.81738751E-02  -10.6692495    
       30004      150014   2.10159943E-02  -10.9072676    
       30004      160015   1.64674073E-02  -11.1046667    
       30004      170016   1.35439504E-02  -11.2632322    
       30004      180017   1.16826557E-02  -11.3862715    
       30004      190018   1.05024967E-02  -11.4781847    
       30004      200019   9.53402184E-03  -11.5445395    
       30004      210020   8.36891588E-03  -11.5951643    
       30004      220021   7.08082737E-03  -11.6397552    
       30004      230022   5.97977918E-03  -11.6832514    
       30004      240023   5.08198701E-03  -11.7253351    
       30004      250024   4.12191963E-03  -11.7697353    
       30004      260025   3.39395669E-03  -11.8226786    
       30004      270026   1.97877418E-02  -11.8617496    
       30004      280027   1.39120286E-02  -11.8838644    
       30004      290028   1.09396018E-02  -11.9086046    
       30004      300029   9.09737963E-03  -11.9313536    
       30004      310030   7.67222838E-03  -11.9505072    
       30004      320031   6.36369828E-03  -11.9670601    
       30004      330032   3.10036005E-03  -11.9821548    
       30004      340033   5.38007007E-04  -12.0934315    
       30004      350034   5.26503194E-04  -12.1809082    
       30004      360035   4.97704081E-04  -12.2634468    
       40005       20001   1.29120970      -24.0915375    
       40005       30002   4.86731768      -16.4426060    
       40005       70006   4.86235762      -30.1680832    
       40005       80007   1.27974117      -32.5562592    
       40005       90008  0.516992569      -27.8933945    
       40005      100009  0.257551730      -13.4746761    
       40005      110010  0.145119384      -13.9235744    
       40005      120011   8.85906741E-02  -14.2711391    
       40005      130012   5.74084558E-02  -14.5363054    
       40005      140013   3.92262451E-02  -14.7591887    
       40005      150014   2.82711294E-02  -14.9550705    
       40005      160015   2.15192847E-02  -15.1253567    
       40005      170016   1.72888562E-02  -15.2671289    
       40005      180017   1.46442084E-02  -15.3797035    
       40005      190018   1.29881743E-02  -15.4648809    
       40005      200019   1.16768340E-02  -15.5267353    
       40005      210020   1.01747336E-02  -15.5741177    
       40005      220021   8.55281390E-03  -15.6162243    
       40005      230022   7.17649562E-03  -15.6578417    
       40005      240023   6.06048200E-03  -15.6986437    
       40005      250024   4.88224672E-03  -15.7422724    
       40005      260025   3.98709951E-03  -15.7951174    
       40005      270026   2.31050905E-02  -15.8347702    
       40005      280027   1.61914025E-02  -15.8578444    
       40005      290028   1.26864742E-02  -15.8839407    
       40005      300029   1.05163399E-02  -15.9082022    
       40005      310030   8.84619541E-03  -15.9288931    
       40005      320031   7.32305180E-03  -15.9471226    
       40005      330032   3.56247113E-03  -15.9641266    
       40005      340033   6.12275442E-04  -16.0922546    
       40005      350034   5.94815414E-04  -16.1949844    
       40005      360035   5.58650296E-04  -16.2936745    
       50006       20001  0.523230195      -33.5544968    
       50006       30002   1.28319263      -31.4089661    
       50006       40003   4.86420918      -23.0224628    
       50006       80007   4.86075974      -32.2857780    
       50006       90008   1.27796888      -30.0497570    
       50006      100009  0.515159905      -15.6550627    
       50006      110010  0.255693555      -16.0845337    
       50006      120011  0.143489540      -16.4929466    
       50006      130012   8.74127969E-02  -16.8292904    
       50006      140013   5.68352453E-02  -17.1265831    
       50006      150014   3.92796062E-02  -17.4006023    
       50006      160015   2.88600344E-02  -17.6518269    
       50006      170016   2.25313995E-02  -17.8734570    
       50006      180017   1.86670423E-02  -18.0598621    
       50006      190018   1.62896048E-02  -18.2084293    
       50006      200019   1.44793484E-02  -18.3212433    
       50006      210020   1.25113586E-02  -18.4105167    
       50006      220021   1.04412511E-02  -18.4908028    
       50006      230022   8.69986694E-03  -18.5701752    
       50006      240023   7.29701668E-03  -18.6489086    
       50006      250024   5.83582278E-03  -18.7344418    
       50006      260025   4.72407741E-03  -18.8393040    
       50006      270026   2.71973778E-02  -18.9172497    
       50006      280027   1.89946704E-02  -18.9528828    
       50006      290028   1.48279332E-02  -18.9917507    
       50006      300029   1.22508602E-02  -19.0273037    
       50006      310030   1.02780182E-02  -19.0570068    
       50006      320031   8.49123020E-03  -19.0819378    
       50006      330032   4.12458228E-03  -19.1034298    
       50006      340033   7.02068617E-04  -19.2586613    
       50006      350034   6.76997472E-04  -19.3846664    
       50006      360035   6.31633622E-04  -19.5060902    
       60007       20001  0.262267590      -32.5760269    
       60007       30002  0.520002007      -32.1766624    
       60007       40003   1.28127170      -25.4262600    
       60007       50004   4.86236382      -30.1680069    
       60007       90008   4.85861492      -29.7239704    
       60007      100009   1.27571976      -14.9088097    
       60007      110010  0.512757301      -14.7650537    
       60007      120011  0.253523588      -14.8719835    
       60007      130012  0.141856372      -15.0022373    
       60007      140013   8.65397677E-02  -15.1401987    
       60007      150014   5.67775294E-02  -15.2858276    
       60007      160015   3.99378315E-02  -15.4372673    
       60007      170016   3.00931055E-02  -15.5883942    
       60007      180017   2.42576916E-02  -15.7309961    
       60007      190018   2.07513012E-02  -15.8565607    
       60007      200019   1.81954913E-02  -15.9601202    
       60007      210020   1.55701693E-02  -16.0473976    
       60007      220021   1.28888916E-02  -16.1288204    
       60007      230022   1.06570171E-02  -16.2109528    
       60007      240023   8.87285825E-03  -16.2944355    
       60007      250024   7.04104034E-03  -16.3874569    
       60007      260025   5.64610073E-03  -16.5037632    
       60007      270026   3.22771482E-02  -16.5904312    
       60007      280027   2.24635750E-02  -16.6228962    
       60007      290028   1.74693651E-02  -16.6571045    
       60007      300029   1.43843144E-02  -16.6880226    
       60007      310030   1.20352805E-02  -16.7135124    
       60007      320031   9.92268790E-03  -16.7341137    
       60007      330032   4.81271464E-03  -16.7505379    
       60007      340033   8.11413513E-04  -16.8631973    
       60007      350034   7.76643399E-04  -16.9562168    
       60007      360035   7.19776726E-04  -17.0465755    
       70008       20001  0.149244025      -33.2539673    
       70008       30002  0.260423809      -34.3920822    
       70008       40003  0.518529594      -28.6599464    
       70008       50004   1.27975035      -32.5560570    
       70008       60005   4.86076593      -32.2858505    
       70008      100009   4.85604858      -15.8906946    
       70008      110010   1.27260017      -15.0810013    
       70008      120011  0.509850085      -14.7442789    
       70008      130012  0.251232862      -14.5812836    
       70008      140013  0.140506357      -14.5011997    
       70008      150014   8.62461254E-02  -14.4689617    
       70008      160015   5.74475490E-02  -14.4714384    
       70008      170016   4.14031819E-02  -14.5037889    
       70008      180017   3.22413407E-02  -14.5601997    
       70008      190018   2.69014761E-02  -14.6300364    
       70008      200019   2.31964272E-02  -14.7015266    
       70008      210020   1.96217448E-02  -14.7705097    
       70008      220021   1.60926711E-02  -14.8393946    
       70008      230022   1.31927142E-02  -14.9111137    
       70008      240023   1.08958483E-02  -14.9861860    
       70008      250024   8.57398938E-03  -15.0722189    
       70008      260025   6.80562854E-03  -15.1821489    
       70008      270026   3.86095978E-02  -15.2646198    
       70008      280027   2.67740060E-02  -15.2897491    
       70008      290028   2.07409076E-02  -15.3151045    
       70008      300029   1.70192663E-02  -15.3377695    
       70008      310030   1.42008942E-02  -15.3563128    
       70008      320031   1.16841234E-02  -15.3708830    
       70008      330032   5.65872993E-03  -15.3815928    
       70008      340033   9.45254636E-04  -15.4502401    
       70008      350034   8.98179598E-04  -15.5085478    
       70008      360035   8.26940464E-04  -15.5663128    
       80009       20001   9.21903402E-02  -23.6951885    
       80009       30002  0.147868216      -26.6688366    
       80009       40003  0.259077936      -22.7416573    
       80009       50004  0.517004907      -27.8957539    
       80009       60005   1.27797866      -30.0511456    
       80009       70006   4.85862207      -29.7242889    
       80009      110010   4.85164213      -3.02894163    
       80009      120011   1.26863015      -2.90778637    
       80009      130012  0.506596148      -2.77191687    
       80009      140013  0.249116331      -2.65242004    
       80009      150014  0.139738321      -2.55426264    
       80009      160015   8.67751688E-02  -2.48063254    
       80009      170016   5.90949506E-02  -2.43893242    
       80009      180017   4.40241396E-02  -2.43432212    
       80009      190018   3.55749913E-02  -2.46222830    
       80009      200019   3.00330967E-02  -2.50993419    
       80009      210020   2.50499211E-02  -2.56695104    
       80009      220021   2.03226339E-02  -2.62970161    
       80009      230022   1.64997783E-02  -2.69848847    
       80009      240023   1.35058984E-02  -2.77364874    
       80009      250024   1.05307857E-02  -2.86310363    
       80009      260025   8.26659333E-03  -2.98082805    
       80009      270026   4.65076640E-02  -3.07062888    
       80009      280027   3.21314931E-02  -3.09509921    
       80009      290028   2.47932673E-02  -3.11902094    
       80009      300029   2.02736128E-02  -3.14000654    
       80009      310030   1.68696512E-02  -3.15656471    
       80009      320031   1.38515374E-02  -3.16811037    
       80009      330032   6.69888593E-03  -3.17421961    
       80009      340033   1.10921974E-03  -3.19952202    
       80009      350034   1.04664953E-03  -3.22092485    
       80009      360035   9.57533892E-04  -3.24016380    
       90010       20001   6.02746345E-02  -9.15246391    
       90010       30002   9.10350382E-02  -12.5686941    
       90010       40003  0.146602407      -8.80776405    
       90010       50004  0.257567018      -13.4841442    
       90010       60005  0.515172601      -15.6607676    
       90010       70006   1.27572942      -14.9109154    
       90010       80007   4.85605478      -15.8912106    
       90010      120011   4.84662628      -1.82442796    
       90010      130012   1.26418746     -0.813912451    
       90010      140013  0.503364205       4.14135903E-02
       90010      150014  0.247499764      0.768215418    
       90010      160015  0.139822513       1.40790772    
       90010      170016   8.84364098E-02   1.97582150    
       90010      180017   6.21781573E-02   2.45101213    
       90010      190018   4.81721945E-02   2.80259705    
       90010      200019   3.95623222E-02   3.02466249    
       90010      210020   3.24190259E-02   3.15407848    
       90010      220021   2.59593874E-02   3.23713565    
       90010      230022   2.08402965E-02   3.29847884    
       90010      240023   1.68869812E-02   3.34343314    
       90010      250024   1.30335819E-02   3.37734437    
       90010      260025   1.01064853E-02   3.40933609    
       90010      270026   5.63337468E-02   3.43244076    
       90010      280027   3.87705527E-02   3.45342565    
       90010      290028   2.97960211E-02   3.47697425    
       90010      300029   2.42784880E-02   3.49793696    
       90010      310030   2.01460868E-02   3.51472425    
       90010      320031   1.65082887E-02   3.52816772    
       90010      330032   7.97287002E-03   3.53970671    
       90010      340033   1.30946259E-03   3.62527633    
       90010      350034   1.22757175E-03   3.69471002    
       90010      360035   1.11639372E-03   3.76135993    
      100011       20001   4.10878509E-02  -9.27977371    
      100011       30002   5.92716821E-02  -13.1084433    
      100011       40003   8.98574963E-02  -9.54676151    
      100011       50004  0.145136699      -13.9375544    
      100011       60005  0.255708367      -16.0943642    
      100011       70006  0.512769163      -14.7695141    
      100011       80007   1.27260876      -15.0826683    
      100011       90008   4.85164738      -3.02909946    
      100011      130012   4.84067917      -2.73603868    
      100011      140013   1.25931180      -2.39818811    
      100011      150014  0.500244498      -2.02946258    
      100011      160015  0.246517882      -1.64558625    
      100011      170016  0.141056806      -1.25558877    
      100011      180017   9.17951837E-02 -0.885249972    
      100011      190018   6.71930462E-02 -0.577110291    
      100011      200019   5.31760603E-02 -0.361511379    
      100011      210020   4.25809175E-02 -0.223532498    
      100011      220021   3.35459337E-02 -0.126423225    
      100011      230022   2.65699495E-02  -4.77045774E-02
      100011      240023   2.12771557E-02   1.76140163E-02
      100011      250024   1.62325352E-02   7.68744648E-02
      100011      260025   1.24134542E-02  0.143856674    
      100011      270026   6.84667379E-02  0.194956481    
      100011      280027   4.69285659E-02  0.223172754    
      100011      290028   3.59152816E-02  0.253696918    
      100011      300029   2.91586798E-02  0.280758202    
      100011      310030   2.41274275E-02  0.302257985    
      100011      320031   1.97307281E-02  0.318656147    
      100011      330032   9.51676816E-03  0.331140697    
      100011      340033   1.55146339E-03  0.415941179    
      100011      350034   1.44578645E-03  0.485116422    
      100011      360035   1.30771601E-03  0.550773442    
      110012       20001   2.89858095E-02  -9.20015049    
      110012       30002   4.02911939E-02  -13.3965416    
      110012       40003   5.82974590E-02  -10.0477600    
      110012       50004   8.86087120E-02  -14.2910643    
      110012       60005  0.143505156      -16.5085258    
      110012       70006  0.253536344      -14.8800049    
      110012       80007  0.509859681      -14.7479811    
      110012       90008   1.26863658      -2.90824318    
      110012      100009   4.84662962      -1.82433319    
      110012      140013   4.83360004      -2.91062522    
      110012      150014   1.25376463      -2.77129793    
      110012      160015  0.497155696      -2.59166956    
      110012      170016  0.246462464      -2.37860250    
      110012      180017  0.144203275      -2.14690447    
      110012      190018   9.75996181E-02  -1.92920685    
      110012      200019   7.33709112E-02  -1.76190770    
      110012      210020   5.69497980E-02  -1.64829624    
      110012      220021   4.39350419E-02  -1.56532025    
      110012      230022   3.42223421E-02  -1.49591374    
      110012      240023   2.70190518E-02  -1.43611896    
      110012      250024   2.03347467E-02  -1.37936270    
      110012      260025   1.53014166E-02  -1.31230021    
      110012      270026   8.33590329E-02  -1.25984550    
      110012      280027   5.68792224E-02  -1.23432028    
      110012      290028   4.33355272E-02  -1.20712042    
      110012      300029   3.50480303E-02  -1.18306482    
      110012      310030   2.89150402E-02  -1.16401291    
      110012      320031   2.35968810E-02  -1.14973855    
      110012      330032   1.13670919E-02  -1.13939893    
      110012      340033   1.84057734E-03  -1.07205009    
      110012      350034   1.70589483E-03  -1.01674950    
      110012      360035   1.53540249E-03 -0.964317024    
      120013       20001   2.11303644E-02  -9.04486942    
      120013       30002   2.84642670E-02  -13.5605850    
      120013       40003   3.96327525E-02  -10.4125805    
      120013       50004   5.74255399E-02  -14.5639486    
      120013       60005   8.74275491E-02  -16.8526897    
      120013       70006  0.141868383      -15.0153761    
      120013       80007  0.251241833      -14.5881910    
      120013       90008  0.506602049      -2.77282810    
      120013      100009   1.26419055     -0.813481033    
      120013      110010   4.84068012      -2.73598599    
      120013      150014   4.82453966      -2.96215081    
      120013      160015   1.24705529      -2.89391232    
      120013      170016  0.494332433      -2.79426312    
      120013      180017  0.248386368      -2.66625786    
      120013      190018  0.150460124      -2.52690053    
      120013      200019  0.105099231      -2.40696383    
      120013      210020   7.80972019E-02  -2.32025313    
      120013      220021   5.85929081E-02  -2.25518441    
      120013      230022   4.46798503E-02  -2.19964719    
      120013      240023   3.46625559E-02  -2.15062475    
      120013      250024   2.56645437E-02  -2.10283065    
      120013      260025   1.89434867E-02  -2.04454589    
      120013      270026  0.101674281      -1.99772716    
      120013      280027   6.90166950E-02  -1.97647667    
      120013      290028   5.23172133E-02  -1.95407128    
      120013      300029   4.21320871E-02  -1.93429685    
      120013      310030   3.46473455E-02  -1.91867232    
      120013      320031   2.82121468E-02  -1.90711010    
      120013      330032   1.35728475E-02  -1.89903641    
      120013      340033   2.18375982E-03  -1.84819818    
      120013      350034   2.01369845E-03  -1.80620790    
      120013      360035   1.80423073E-03  -1.76638508    
      130014       20001   1.59631893E-02  -8.86983871    
      130014       30002   2.09243707E-02  -13.6656876    
      130014       40003   2.81900298E-02  -10.7060061    
      130014       50004   3.92406099E-02  -14.7966576    
      130014       60005   5.68474010E-02  -17.1603470    
      130014       70006   8.65493193E-02  -15.1604519    
      130014       80007  0.140513033      -14.5128660    
      130014       90008  0.249120072      -2.65395951    
      130014      100009  0.503365338       4.25963439E-02
      130014      110010   1.25931096      -2.39794397    
      130014      120011   4.83359814      -2.91059446    
      130014      160015   4.81247854      -2.98108697    
      130014      170016   1.23924649      -2.94262743    
      130014      180017  0.493120074      -2.88097835    
      130014      190018  0.254161239      -2.79980874    
      130014      200019  0.159312591      -2.71845555    
      130014      210020  0.111102827      -2.65445781    
      130014      220021   8.02215338E-02  -2.60501266    
      130014      230022   5.95028698E-02  -2.56207705    
      130014      240023   4.51557860E-02  -2.52335286    
      130014      250024   3.27733792E-02  -2.48473406    
      130014      260025   2.36320850E-02  -2.43616104    
      130014      270026  0.124533042      -2.39586973    
      130014      280027   8.40060860E-02  -2.37837315    
      130014      290028   6.33004010E-02  -2.36007309    
      130014      300029   5.07253930E-02  -2.34394526    
      130014      310030   4.15599979E-02  -2.33122468    
      130014      320031   3.37566212E-02  -2.32190776    
      130014      330032   1.62178911E-02  -2.31560826    
      130014      340033   2.59289425E-03  -2.27720499    
      130014      350034   2.37908703E-03  -2.24531364    
      130014      360035   2.12230883E-03  -2.21506023    
      140015       20001   1.25450324E-02  -8.69954586    
      140015       30002   1.60587318E-02  -13.7392673    
      140015       40003   2.10277475E-02  -10.9532719    
      140015       50004   2.82811895E-02  -15.0045471    
      140015       60005   3.92875783E-02  -17.4474792    
      140015       70006   5.67830540E-02  -15.3155098    
      140015       80007   8.62489715E-02  -14.4873171    
      140015       90008  0.139738455      -2.55662560    
      140015      100009  0.247497484      0.770744979    
      140015      110010  0.500240505      -2.02879047    
      140015      120011   1.25375986      -2.77115512    
      140015      130012   4.82453537      -2.96213293    
      140015      170016   4.79686975      -2.98911166    
      140015      180017   1.23143017      -2.96458077    
      140015      190018  0.495996416      -2.92308092    
      140015      200019  0.263784736      -2.87165570    
      140015      210020  0.166972980      -2.82558107    
      140015      220021  0.114093907      -2.78841019    
      140015      230022   8.15532506E-02  -2.75558257    
      140015      240023   6.01735488E-02  -2.72533679    
      140015      250024   4.26134095E-02  -2.69448733    
      140015      260025   2.98629496E-02  -2.65434241    
      140015      270026  0.153805077      -2.61968660    
      140015      280027  0.102949858      -2.60502958    
      140015      290028   7.70110339E-02  -2.58978295    
      140015      300029   6.13456927E-02  -2.57635093    
      140015      310030   5.00407889E-02  -2.56576657    
      140015      320031   4.05268446E-02  -2.55808377    
      140015      330032   1.94403622E-02  -2.55304289    
      140015      340033   3.08756600E-03  -2.52329636    
      140015      350034   2.81837606E-03  -2.49846029    
      140015      360035   2.50302395E-03  -2.47489667    
      150016       20001   1.02689387E-02  -8.54830933    
      150016       30002   1.28854681E-02  -13.7939463    
      150016       40003   1.64734758E-02  -11.1610584    
      150016       50004   2.15237420E-02  -15.1886625    
      150016       60005   2.88625248E-02  -17.7142353    
      150016       70006   3.99380364E-02  -15.4785957    
      150016       80007   5.74452728E-02  -14.4985323    
      150016       90008   8.67704079E-02  -2.48400354    
      150016      100009  0.139815599       1.41254282    
      150016      110010  0.246509433      -1.64416134    
      150016      120011  0.497146666      -2.59127975    
      150016      130012   1.24704683      -2.89383054    
      150016      140013   4.81247187      -2.98107696    
      150016      180017   4.77678585      -2.99287152    
      150016      190018   1.22577190      -2.97549129    
      150016      200019  0.503858566      -2.94673967    
      150016      210020  0.273197770      -2.91505551    
      150016      220021  0.171511129      -2.88731194    
      150016      230022  0.116410442      -2.86228633    
      150016      240023   8.28048810E-02  -2.83875346    
      150016      250024   5.68839796E-02  -2.81420732    
      150016      260025   3.84957120E-02  -2.78101563    
      150016      270026  0.192639187      -2.75090551    
      150016      280027  0.127683282      -2.73830962    
      150016      290028   9.46458802E-02  -2.72523975    
      150016      300029   7.48408139E-02  -2.71371150    
      150016      310030   6.07222728E-02  -2.70462656    
      150016      320031   4.90056574E-02  -2.69808340    
      150016      330032   2.34650783E-02  -2.69391131    
      150016      340033   3.69969383E-03  -2.67009068    
      150016      350034   3.35822767E-03  -2.65008950    
      150016      360035   2.96833226E-03  -2.63111043    
      160017       20001   8.74724984E-03  -8.42272663    
      160017       30002   1.08001027E-02  -13.8360910    
      160017       40003   1.35431783E-02  -11.3307180    
      160017       50004   1.72865167E-02  -15.3454180    
      160017       60005   2.25271787E-02  -17.9529915    
      160017       70006   3.00867315E-02  -15.6429882    
      160017       80007   4.13944982E-02  -14.5413227    
      160017       90008   5.90839945E-02  -2.44341278    
      160017      100009   8.84235203E-02   1.98338926    
      160017      110010  0.141042620      -1.25303257    
      160017      120011  0.246447891      -2.37779021    
      160017      130012  0.494318545      -2.79404402    
      160017      140013   1.23923433      -2.94258332    
      160017      150014   4.79686022      -2.98910666    
      160017      190018   4.75157022      -2.99477482    
      160017      200019   1.22423828      -2.98176575    
      160017      210020  0.513523519      -2.96220446    
      160017      220021  0.280229181      -2.94202971    
      160017      230022  0.175907061      -2.92301846    
      160017      240023  0.119060576      -2.90479827    
      160017      250024   7.87416920E-02  -2.88542914    
      160017      260025   5.10719270E-02  -2.85812879    
      160017      270026  0.246491566      -2.83181667    
      160017      280027  0.161350280      -2.82077074    
      160017      290028  0.118237354      -2.80929828    
      160017      300029   9.26429927E-02  -2.79914641    
      160017      310030   7.46702850E-02  -2.79113388    
      160017      320031   6.00060411E-02  -2.78540087    
      160017      330032   2.86706835E-02  -2.78184319    
      160017      340033   4.48338874E-03  -2.76219726    
      160017      350034   4.04417701E-03  -2.74560094    
      160017      360035   3.55604780E-03  -2.72985053    
      170018       20001   7.75185740E-03  -8.32292175    
      170018       30002   9.45035648E-03  -13.8692398    
      170018       40003   1.16736945E-02  -11.4650898    
      170018       50004   1.46336462E-02  -15.4733715    
      170018       60005   1.86546128E-02  -18.1570816    
      170018       70006   2.42431667E-02  -15.7995615    
      170018       80007   3.22246179E-02  -14.6091032    
      170018       90008   4.40052859E-02  -2.43985033    
      170018      100009   6.21575415E-02   2.46221304    
      170018      110010   9.17734429E-02 -0.881218195    
      170018      120011  0.144181296      -2.14549136    
      170018      130012  0.248365179      -2.66581488    
      170018      140013  0.493100733      -2.88086510    
      170018      150014   1.23141372      -2.96456027    
      170018      160015   4.77677345      -2.99286962    
      170018      200019   4.72262430      -2.99587893    
      170018      210020   1.22651923      -2.98612976    
      170018      220021  0.522566795      -2.97261572    
      170018      230022  0.287723303      -2.95833039    
      170018      240023  0.180915400      -2.94424248    
      170018      250024  0.113919355      -2.92911363    
      170018      260025   7.01943561E-02  -2.90693235    
      170018      270026  0.323867321      -2.88397312    
      170018      280027  0.208700985      -2.87417483    
      170018      290028  0.150767908      -2.86395097    
      170018      300029  0.116803817      -2.85485101    
      170018      310030   9.33845863E-02  -2.84764600    
      170018      320031   7.46591315E-02  -2.84251666    
      170018      330032   3.55814472E-02  -2.83941293    
      170018      340033   5.51280659E-03  -2.82283998    
      170018      350034   4.93823504E-03  -2.80874991    
      170018      360035   4.31749597E-03  -2.79537702    
      180019       20001   7.10945949E-03  -8.24647999    
      180019       30002   8.58381670E-03  -13.8952341    
      180019       40003   1.04842866E-02  -11.5680494    
      180019       50004   1.29682533E-02  -15.5734949    
      180019       60005   1.62677541E-02  -18.3227844    
      180019       70006   2.07273420E-02  -15.9387598    
      180019       80007   2.68753543E-02  -14.6902342    
      180019       90008   3.55468169E-02  -2.46859217    
      180019      100009   4.81423661E-02   2.81776237    
      180019      110010   6.71622083E-02 -0.571420550    
      180019      120011   9.75686312E-02  -1.92707872    
      180019      130012  0.150429979      -2.52616596    
      180019      140013  0.254132956      -2.79959226    
      180019      150014  0.495970935      -2.92303228    
      180019      160015   1.22575033      -2.97548485    
      180019      170016   4.75155401      -2.99477458    
      180019      210020   4.69890642      -2.99669909    
      180019      220021   1.22907948      -2.98933458    
      180019      230022  0.529406130      -2.97915483    
      180019      240023  0.293146908      -2.96816945    
      180019      250024  0.171982348      -2.95632315    
      180019      260025   9.94545594E-02  -2.93847179    
      180019      270026  0.433812290      -2.91844893    
      180019      280027  0.274146825      -2.90967131    
      180019      290028  0.194601104      -2.90043855    
      180019      300029  0.148699269      -2.89215016    
      180019      310030  0.117726050      -2.88555336    
      180019      320031   9.35404971E-02  -2.88087296    
      180019      330032   4.44479175E-02  -2.87810659    
      180019      340033   6.81647472E-03  -2.86382794    
      180019      350034   6.05978910E-03  -2.85161042    
      180019      360035   5.26579702E-03  -2.84001637    
      190020       20001   6.54769549E-03  -8.18909740    
      190020       30002   7.84894731E-03  -13.9151783    
      190020       40003   9.50814784E-03  -11.6448355    
      190020       50004   1.16491951E-02  -15.6493711    
      190020       60005   1.44497734E-02  -18.4516411    
      190020       70006   1.81638505E-02  -16.0550861    
      190020       80007   2.31627095E-02  -14.7723322    
      190020       90008   2.99974568E-02  -2.51700377    
      190020      100009   3.95251848E-02   3.04370117    
      190020      110010   5.31380661E-02 -0.354171842    
      190020      120011   7.33328983E-02  -1.75904238    
      190020      130012  0.105062135      -2.40590906    
      190020      140013  0.159277380      -2.71811414    
      190020      150014  0.263752341      -2.87156844    
      190020      160015  0.503830016      -2.94672632    
      190020      170016   1.22421491      -2.98176622    
      190020      180017   4.72260809      -2.99587941    
      190020      220021   4.67408943      -2.99741435    
      190020      230022   1.21794057      -2.99161029    
      190020      240023  0.523565531      -2.98342419    
      190020      250024  0.270959646      -2.97408533    
      190020      260025  0.143363521      -2.95984817    
      190020      270026  0.580105245      -2.94237018    
      190020      280027  0.357307553      -2.93441415    
      190020      290028  0.247955933      -2.92594934    
      190020      300029  0.186170086      -2.91826105    
      190020      310030  0.145579010      -2.91209507    
      190020      320031  0.114782825      -2.90772796    
      190020      330032   5.43447956E-02  -2.90520501    
      190020      340033   8.23745504E-03  -2.89264727    
      190020      350034   7.26069743E-03  -2.88183355    
      190020      360035   6.26717974E-03  -2.87157845    
      200021       20001   5.81362331E-03  -8.14193344    
      200021       30002   6.92912471E-03  -13.9307995    
      200021       40003   8.34015757E-03  -11.7057352    
      200021       50004   1.01443799E-02  -15.7105970    
      200021       60005   1.24792783E-02  -18.5569477    
      200021       70006   1.55362738E-02  -16.1551762    
      200021       80007   1.95860583E-02  -14.8519402    
      200021       90008   2.50126291E-02  -2.57491565    
      200021      100009   3.23805548E-02   3.17691779    
      200021      110010   4.25418988E-02 -0.214535654    
      200021      120011   5.69110289E-02  -1.64467096    
      200021      130012   7.80595466E-02  -2.31885505    
      200021      140013  0.111067183      -2.65397191    
      200021      150014  0.166940212      -2.82544208    
      200021      160015  0.273168832      -2.91502929    
      200021      170016  0.513499796      -2.96220493    
      200021      180017   1.22650278      -2.98613167    
      200021      190018   4.69889879      -2.99669933    
      200021      230022   4.62454224      -2.99802804    
      200021      240023   1.18335533      -2.99342775    
      200021      250024  0.475549668      -2.98670530    
      200021      260025  0.216863200      -2.97596145    
      200021      270026  0.782682300      -2.96115518    
      200021      280027  0.464054227      -2.95401597    
      200021      290028  0.311651826      -2.94628263    
      200021      300029  0.228197739      -2.93913126    
      200021      310030  0.175342709      -2.93332338    
      200021      320031  0.136764124      -2.92920637    
      200021      330032   6.44319206E-02  -2.92688298    
      200021      340033   9.62011889E-03  -2.91579151    
      200021      350034   8.38774256E-03  -2.90616894    
      200021      360035   7.18014920E-03  -2.89705563    
      210022       20001   4.97139292E-03  -8.09625053    
      210022       30002   5.89386746E-03  -13.9439068    
      210022       40003   7.05281598E-03  -11.7612677    
      210022       50004   8.52353219E-03  -15.7676687    
      210022       60005   1.04105985E-02  -18.6549129    
      210022       70006   1.28568104E-02  -16.2508907    
      210022       80007   1.60592142E-02  -14.9327316    
      210022       90008   2.02879962E-02  -2.63891530    
      210022      100009   2.59239953E-02   3.26410484    
      210022      110010   3.35103832E-02 -0.115594856    
      210022      120011   4.39000688E-02  -1.56084192    
      210022      130012   5.85593060E-02  -2.25339246    
      210022      140013   8.01900923E-02  -2.60435438    
      210022      150014  0.114065431      -2.78820276    
      210022      160015  0.171486497      -2.88726354    
      210022      170016  0.280209720      -2.94202566    
      210022      180017  0.522554517      -2.97261763    
      210022      190018   1.22907615      -2.98933506    
      210022      200019   4.67409277      -2.99741411    
      210022      240023   4.52369165      -2.99851799    
      210022      250024   1.09062421      -2.99497914    
      210022      260025  0.380294681      -2.98805809    
      210022      270026   1.13684928      -2.97660589    
      210022      280027  0.634831131      -2.97055936    
      210022      290028  0.405673951      -2.96381068    
      210022      300029  0.286126494      -2.95738196    
      210022      310030  0.214204744      -2.95204329    
      210022      320031  0.164432272      -2.94823241    
      210022      330032   7.69123286E-02  -2.94612885    
      210022      340033   1.12460982E-02  -2.93653941    
      210022      350034   9.66031104E-03  -2.92813015    
      210022      360035   8.17797799E-03  -2.92017531    
      220023       20001   4.24305070E-03  -8.04820728    
      220023       30002   5.00327675E-03  -13.9557304    
      220023       40003   5.95219433E-03  -11.8169680    
      220023       50004   7.14789703E-03  -15.8262320    
      220023       60005   8.67018197E-03  -18.7545242    
      220023       70006   1.06262136E-02  -16.3495445    
      220023       80007   1.31608667E-02  -15.0183468    
      220023       90008   1.64670944E-02  -2.70916009    
      220023      100009   2.08071936E-02   3.33024788    
      220023      110010   2.65369881E-02  -3.47710699E-02
      220023      120011   3.41902003E-02  -1.49046230    
      220023      130012   4.46492322E-02  -2.19740748    
      220023      140013   5.94744831E-02  -2.56122184    
      220023      150014   8.15278143E-02  -2.75529575    
      220023      160015  0.116388790      -2.86221004    
      220023      170016  0.175890446      -2.92300653    
      220023      180017  0.287713706      -2.95833111    
      220023      190018  0.529405296      -2.97915459    
      220023      200019   1.21794641      -2.99160933    
      220023      210020   4.62454844      -2.99802780    
      220023      250024   4.29457092      -2.99889874    
      220023      260025  0.883428156      -2.99553275    
      220023      270026   1.89944005      -2.98778057    
      220023      280027  0.966379225      -2.98309994    
      220023      290028  0.574654043      -2.97764707    
      220023      300029  0.384603024      -2.97222757    
      220023      310030  0.277709454      -2.96757007    
      220023      320031  0.208530396      -2.96418977    
      220023      330032   9.65891108E-02  -2.96235466    
      220023      340033   1.37446858E-02  -2.95435190    
      220023      350034   1.15796644E-02  -2.94721723    
      220023      360035   9.66403075E-03  -2.94046187    
      230024       20001   3.64324893E-03  -7.99941206    
      230024       30002   4.27298481E-03  -13.9668150    
      230024       40003   5.05411020E-03  -11.8725777    
      230024       50004   6.03178656E-03  -15.8859529    
      230024       60005   7.26745604E-03  -18.8559723    
      230024       70006   8.84242915E-03  -16.4517059    
      230024       80007   1.08646471E-02  -15.1092615    
      230024       90008   1.34741450E-02  -2.78594637    
      230024      100009   1.68550834E-02   3.38068199    
      230024      110010   2.12456509E-02   3.29186842E-02
      230024      120011   2.69885603E-02  -1.42958379    
      230024      130012   3.46337073E-02  -2.14789200    
      230024      140013   4.51292098E-02  -2.52228355    
      230024      150014   6.01498932E-02  -2.72496557    
      230024      160015   8.27849135E-02  -2.83864927    
      230024      170016  0.119045518      -2.90478015    
      230024      180017  0.180907190      -2.94424272    
      230024      190018  0.293147266      -2.96816874    
      230024      200019  0.523572445      -2.98342204    
      230024      210020   1.18336236      -2.99342656    
      230024      220021   4.52369452      -2.99851775    
      230024      260025   3.55425549      -2.99902940    
      230024      270026   3.80048418      -2.99463820    
      230024      280027   1.63942420      -2.99124265    
      230024      290028  0.871655822      -2.98702788    
      230024      300029  0.541576147      -2.98261881    
      230024      310030  0.372404963      -2.97866821    
      230024      320031  0.271603465      -2.97573233    
      230024      330032  0.124230549      -2.97415590    
      230024      340033   1.71136167E-02  -2.96757030    
      230024      350034   1.40870595E-02  -2.96156693    
      230024      360035   1.15611637E-02  -2.95586181    
      240025       20001   2.98880041E-03  -7.94474459    
      240025       30002   3.48507147E-03  -13.9775352    
      240025       40003   4.09651641E-03  -11.9327154    
      240025       50004   4.85637831E-03  -15.9520988    
      240025       60005   5.80946961E-03  -18.9692364    
      240025       70006   7.01422244E-03  -16.5679569    
      240025       80007   8.54682177E-03  -15.2152843    
      240025       90008   1.05034951E-02  -2.87792206    
      240025      100009   1.30065661E-02   3.42135072    
      240025      110010   1.62062924E-02   9.51601267E-02
      240025      120011   2.03098301E-02  -1.37144303    
      240025      130012   2.56415028E-02  -2.09945893    
      240025      140013   3.27527486E-02  -2.48338389    
      240025      150014   4.25957590E-02  -2.69400334    
      240025      160015   5.68700172E-02  -2.81406450    
      240025      170016   7.87325725E-02  -2.88540077    
      240025      180017  0.113916978      -2.92911220    
      240025      190018  0.171988383      -2.95632148    
      240025      200019  0.270972043      -2.97408104    
      240025      210020  0.475562215      -2.98670220    
      240025      220021   1.09063280      -2.99497819    
      240025      230022   4.29457760      -2.99889851    
      240025      270026   11.8048182      -2.99854994    
      240025      280027   3.52030277      -2.99656940    
      240025      290028   1.51068318      -2.99369478    
      240025      300029  0.823705018      -2.99036121    
      240025      310030  0.522251546      -2.98715782    
      240025      320031  0.363527924      -2.98468232    
      240025      330032  0.163085312      -2.98336148    
      240025      340033   2.14607101E-02  -2.97810364    
      240025      350034   1.70938149E-02  -2.97314382    
      240025      360035   1.37063591E-02  -2.96839237    
      250026       20001   2.49359291E-03  -7.87909889    
      250026       30002   2.88744015E-03  -13.9899778    
      250026       40003   3.36869550E-03  -12.0055647    
      250026       50004   3.96154728E-03  -16.0336876    
      250026       60005   4.69823601E-03  -19.1097775    
      250026       70006   5.62001346E-03  -16.7145195    
      250026       80007   6.77942717E-03  -15.3516331    
      250026       90008   8.24051164E-03  -2.99878764    
      250026      100009   1.00809112E-02   3.46256232    
      250026      110010   1.23888515E-02  0.166188076    
      250026      120011   1.52782882E-02  -1.30250764    
      250026      130012   1.89223066E-02  -2.04031348    
      250026      140013   2.36133114E-02  -2.43443704    
      250026      150014   2.98470818E-02  -2.65371442    
      250026      160015   3.84834036E-02  -2.78083014    
      250026      170016   5.10642938E-02  -2.85809684    
      250026      180017   7.01932535E-02  -2.90693760    
      250026      190018   9.94616151E-02  -2.93847537    
      250026      200019  0.143376738      -2.95984507    
      250026      210020  0.216876447      -2.97595716    
      250026      220021  0.380303979      -2.98805618    
      250026      230022  0.883435309      -2.99553251    
      250026      240023   3.55426168      -2.99902940    
      250026      280027   11.1499214      -2.99906921    
      250026      290028   3.25033069      -2.99747777    
      250026      300029   1.45248711      -2.99528837    
      250026      310030  0.818815231      -2.99293160    
      250026      320031  0.533722043      -2.99098921    
      250026      330032  0.233211532      -2.98994637    
      250026      340033   2.90124267E-02  -2.98597383    
      250026      350034   2.21751221E-02  -2.98204112    
      250026      360035   1.72698423E-02  -2.97820592    
      260027       20001   1.45216733E-02  -7.85346413    
      260027       30002   1.67299695E-02  -14.0150156    
      260027       40003   1.94161013E-02  -12.0696754    
      260027       50004   2.27080453E-02  -16.1002846    
      260027       60005   2.67747156E-02  -19.2100277    
      260027       70006   3.18287760E-02  -16.8149090    
      260027       80007   3.81356776E-02  -15.4433718    
      260027       90008   4.60085981E-02  -3.07942319    
      260027      100009   5.58103845E-02   3.49488616    
      260027      110010   6.79202527E-02  0.220529750    
      260027      120011   8.27910081E-02  -1.24877012    
      260027      130012  0.101086624      -1.99290955    
      260027      140013  0.123927854      -2.39383531    
      260027      150014  0.153184593      -2.61888266    
      260027      160015  0.192005754      -2.75062847    
      260027      170016  0.245847911      -2.83174968    
      260027      180017  0.323216796      -2.88397622    
      260027      190018  0.433158070      -2.91846538    
      260027      200019  0.579446912      -2.94238472    
      260027      210020  0.782015502      -2.96116805    
      260027      220021   1.13617194      -2.97661614    
      260027      230022   1.89875567      -2.98778605    
      260027      240023   3.79979563      -2.99464011    
      260027      250024   11.8041220      -2.99855018    
      260027      290028   59.8476639      -2.99917436    
      260027      300029   18.1615944      -2.99772382    
      260027      310030   8.54329395      -2.99590039    
      260027      320031   5.08028078      -2.99426365    
      260027      330032   2.14543724      -2.99337077    
      260027      340033  0.251333684      -2.99011111    
      260027      350034  0.183829933      -2.98669839    
      260027      360035  0.138850942      -2.98327851    
      270028       20001   1.02763707E-02  -7.82131624    
      270028       30002   1.18020866E-02  -14.0137615    
      270028       40003   1.36523992E-02  -12.0955925    
      270028       50004   1.59132108E-02  -16.1304359    
      270028       60005   1.86976828E-02  -19.2562542    
      270028       70006   2.21476387E-02  -16.8576260    
      270028       80007   2.64391582E-02  -15.4781647    
      270028       90008   3.17779519E-02  -3.10539579    
      270028      100009   3.83988805E-02   3.51989508    
      270028      110010   4.65395860E-02  0.250886559    
      270028      120011   5.64740710E-02  -1.22204196    
      270028      130012   6.85967728E-02  -1.97095716    
      270028      140013   8.35729539E-02  -2.37591100    
      270028      150014  0.102505215      -2.60394979    
      270028      160015  0.127228945      -2.73784351    
      270028      170016  0.160888478      -2.82056761    
      270028      180017  0.208234563      -2.87407660    
      270028      190018  0.273678422      -2.90961003    
      270028      200019  0.356836349      -2.93436813    
      270028      210020  0.463575631      -2.95398331    
      270028      220021  0.634342611      -2.97053862    
      270028      230022  0.965883851      -2.98308659    
      270028      240023   1.63892424      -2.99123335    
      270028      250024   3.51979518      -2.99656415    
      270028      260025   11.1494122      -2.99906731    
      270028      300029   51.2317085      -2.99942732    
      270028      310030   14.8897686      -2.99832988    
      270028      320031   7.10204315      -2.99708557    
      270028      330032   2.77273798      -2.99635625    
      270028      340033  0.291115671      -2.99392939    
      270028      350034  0.196636975      -2.99115181    
      270028      360035  0.140762344      -2.98825598    
      280029       20001   8.13827198E-03  -7.78554296    
      280029       30002   9.31418221E-03  -14.0115843    
      280029       40003   1.07356971E-02  -12.1235619    
      280029       50004   1.24670407E-02  -16.1632404    
      280029       60005   1.45926941E-02  -19.3056831    
      280029       70006   1.72181018E-02  -16.9024334    
      280029       80007   2.04735529E-02  -15.5137548    
      280029       90008   2.45099030E-02  -3.13085270    
      280029      100009   2.94970218E-02   3.54789686    
      280029      110010   3.56012508E-02  0.283806026    
      280029      120011   4.30073440E-02  -1.19347787    
      280029      130012   5.19760065E-02  -1.94774187    
      280029      140013   6.29474744E-02  -2.35710597    
      280029      150014   7.66478106E-02  -2.58836794    
      280029      160015   9.42739323E-02  -2.72453570    
      280029      170016  0.117858648      -2.80891752    
      280029      180017  0.150385007      -2.86371517    
      280029      190018  0.194216341      -2.90026784    
      280029      200019  0.247568369      -2.92581415    
      280029      210020  0.311256826      -2.94617820    
      280029      220021  0.405268908      -2.96373558    
      280029      230022  0.574241757      -2.97759557    
      280029      240023  0.871238232      -2.98699284    
      280029      250024   1.51025701      -2.99367380    
      280029      260025   3.24990153      -2.99746704    
      280029      270026   59.8479271      -2.99917293    
      280029      310030   50.7175026      -2.99961066    
      280029      320031   15.2565489      -2.99892235    
      280029      330032   5.11499357      -2.99843073    
      280029      340033  0.457244933      -2.99692583    
      280029      350034  0.274235785      -2.99494910    
      280029      360035  0.180953309      -2.99272156    
      290030       20001   6.81149354E-03  -7.75335693    
      290030       30002   7.77134532E-03  -14.0093822    
      290030       40003   8.92836042E-03  -12.1486139    
      290030       50004   1.03335707E-02  -16.1928158    
      290030       60005   1.20540336E-02  -19.3500290    
      290030       70006   1.41731659E-02  -16.9424953    
      290030       80007   1.67936590E-02  -15.5454283    
      290030       90008   2.00335346E-02  -3.15325308    
      290030      100009   2.40241922E-02   3.57289577    
      290030      110010   2.88906209E-02  0.313095689    
      290030      120011   3.47669348E-02  -1.16812384    
      290030      130012   4.18389179E-02  -1.92717862    
      290030      140013   5.04212938E-02  -2.34047318    
      290030      150014   6.10319339E-02  -2.57459092    
      290030      160015   7.45188296E-02  -2.71275544    
      290030      170016   9.23145562E-02  -2.79857135    
      290030      180017  0.116471305      -2.85446048    
      290030      190018  0.148364827      -2.89185238    
      290030      200019  0.185832739      -2.91801882    
      290030      210020  0.227852941      -2.93893647    
      290030      220021  0.285771638      -2.95723414    
      290030      230022  0.384240657      -2.97212076    
      290030      240023  0.541208088      -2.98254204    
      290030      250024  0.823327839      -2.99031067    
      290030      260025   1.45210624      -2.99525833    
      290030      270026   18.1618958      -2.99771738    
      290030      280027   51.2318306      -2.99942613    
      290030      320031   53.0708313      -2.99974012    
      290030      330032   12.5721073      -2.99946427    
      290030      340033  0.891825378      -2.99867558    
      290030      350034  0.454234779      -2.99743557    
      290030      360035  0.268363446      -2.99586940    
      300031       20001   5.77536505E-03  -7.72733259    
      300031       30002   6.57253154E-03  -14.0074320    
      300031       40003   7.53126293E-03  -12.1687622    
      300031       50004   8.69304873E-03  -16.2167339    
      300031       60005   1.01123787E-02  -19.3857651    
      300031       70006   1.18568698E-02  -16.9747143    
      300031       80007   1.40095409E-02  -15.5708408    
      300031       90008   1.66652948E-02  -3.17109323    
      300031      100009   1.99288987E-02   3.59277534    
      300031      110010   2.38977708E-02  0.336372912    
      300031      120011   2.86735296E-02  -1.14800453    
      300031      130012   3.43948230E-02  -1.91088820    
      300031      140013   4.12974879E-02  -2.32731485    
      300031      150014   4.97694463E-02  -2.56369901    
      300031      160015   6.04434013E-02  -2.70343900    
      300031      170016   7.43855312E-02  -2.79037523    
      300031      180017   9.30961519E-02  -2.84710431    
      300031      190018  0.117435917      -2.88512802    
      300031      200019  0.145286158      -2.91174245    
      300031      210020  0.175042763      -2.93303275    
      300031      220021  0.213895097      -2.95181489    
      300031      230022  0.277392536      -2.96739841    
      300031      240023  0.372082323      -2.97853994    
      300031      250024  0.521919787      -2.98706698    
      300031      260025  0.818479598      -2.99287200    
      300031      270026   8.54362869      -2.99588466    
      300031      280027   14.8899250      -2.99832439    
      300031      290028   50.7175865      -2.99960971    
      300031      330032   48.4827042      -2.99988198    
      300031      340033   2.25373626      -2.99955416    
      300031      350034  0.900821090      -2.99889898    
      300031      360035  0.455272496      -2.99792552    
      310032       20001   4.81189508E-03  -7.70679188    
      310032       30002   5.46521600E-03  -14.0055199    
      310032       40003   6.24961918E-03  -12.1841173    
      310032       50004   7.19858985E-03  -16.2350807    
      310032       60005   8.35609809E-03  -19.4129448    
      310032       70006   9.77662392E-03  -16.9989395    
      310032       80007   1.15269581E-02  -15.5896587    
      310032       90008   1.36831952E-02  -3.18392849    
      310032      100009   1.63288955E-02   3.60796928    
      310032      110010   1.95405781E-02  0.353870511    
      310032      120011   2.33964976E-02  -1.13303363    
      310032      130012   2.80022603E-02  -1.89887428    
      310032      140013   3.35381329E-02  -2.31769037    
      310032      150014   4.03007828E-02  -2.55579090    
      310032      160015   4.87732030E-02  -2.69671822    
      310032      170016   5.97686917E-02  -2.78449440    
      310032      180017   7.44189098E-02  -2.84184790    
      310032      190018   9.32992250E-02  -2.88033581    
      310032      200019  0.114539467      -2.90727544    
      310032      210020  0.136514440      -2.92882657    
      310032      220021  0.164173707      -2.94792628    
      310032      230022  0.208265170      -2.96395373    
      310032      240023  0.271332920      -2.97555089    
      310032      250024  0.363248676      -2.98454809    
      310032      260025  0.533439040      -2.99089599    
      310032      270026   5.08065224      -2.99423528    
      310032      280027   7.10224152      -2.99707294    
      310032      290028   15.2566767      -2.99891853    
      310032      300029   53.0709152      -2.99973941    
      310032      340033   8.86824131      -2.99990535    
      310032      350034   2.29978991      -2.99963951    
      310032      360035  0.921779513      -2.99914312    
      320033       20001   2.35796534E-03  -7.68894053    
      320033       30002   2.67432467E-03  -14.0015812    
      320033       40003   3.05357506E-03  -12.1934175    
      320033       50004   3.51172872E-03  -16.2473221    
      320033       60005   4.06981912E-03  -19.4328575    
      320033       70006   4.75389650E-03  -17.0173435    
      320033       80007   5.59588568E-03  -15.6043262    
      320033       90008   6.63211290E-03  -3.19418311    
      320033      100009   7.90238287E-03   3.61844254    
      320033      110010   9.44286305E-03  0.365905255    
      320033      120011   1.12901516E-02  -1.12292469    
      320033      130012   1.34933237E-02  -1.89094079    
      320033      140013   1.61363129E-02  -2.31147909    
      320033      150014   1.93573516E-02  -2.55079532    
      320033      160015   2.33814139E-02  -2.69255209    
      320033      170016   2.85874978E-02  -2.78090930    
      320033      180017   3.55003998E-02  -2.83869267    
      320033      190018   4.43704873E-02  -2.87750316    
      320033      200019   5.42697161E-02  -2.90467787    
      320033      210020   6.43548891E-02  -2.92642593    
      320033      220021   7.68306851E-02  -2.94574928    
      320033      230022   9.65047032E-02  -2.96205401    
      320033      240023  0.124144293      -2.97392035    
      320033      250024  0.162993565      -2.98318362    
      320033      260025  0.233118653      -2.98982000    
      320033      270026   2.14597726      -2.99332786    
      320033      280027   2.77311730      -2.99633479    
      320033      290028   5.11530781      -2.99842286    
      320033      300029   12.5723839      -2.99946213    
      320033      310030   48.4829445      -2.99988174    
      320033      350034   4.89821053      -2.99991727    
      320033      360035   1.29483354      -2.99970198    
      330034       20001   4.25540813E-04  -7.57127333    
      330034       30002   4.78858099E-04  -13.9638910    
      330034       40003   5.42084221E-04  -12.2347107    
      330034       50004   6.17696322E-04  -16.3099136    
      330034       60005   7.08968262E-04  -19.5464859    
      330034       70006   8.19956826E-04  -17.1261425    
      330034       80007   9.55649186E-04  -15.6929245    
      330034       90008   1.12171541E-03  -3.25690556    
      330034      100009   1.32435188E-03   3.68032956    
      330034      110010   1.56903313E-03  0.436172664    
      330034      120011   1.86107215E-03  -1.06497109    
      330034      130012   2.20736745E-03  -1.84644616    
      330034      140013   2.61979317E-03  -2.27746463    
      330034      150014   3.11800232E-03  -2.52407503    
      330034      160015   3.73408757E-03  -2.67074633    
      330034      170016   4.52254713E-03  -2.76251650    
      330034      180017   5.55808097E-03  -2.82281923    
      330034      190018   6.86904136E-03  -2.86354375    
      330034      200019   8.29587225E-03  -2.89218211    
      330034      210020   9.68005881E-03  -2.91521883    
      330034      220021   1.13048451E-02  -2.93593812    
      330034      230022   1.38037801E-02  -2.95379329    
      330034      240023   1.71736274E-02  -2.96707964    
      330034      250024   2.15178542E-02  -2.97769308    
      330034      260025   2.90705357E-02  -2.98565793    
      330034      270026  0.252000809      -2.98999810    
      330034      280027  0.291633964      -2.99386764    
      330034      290028  0.457704186      -2.99690104    
      330034      300029  0.892249942      -2.99866843    
      330034      310030   2.25412512      -2.99955297    
      330034      320031   8.86858463      -2.99990535    
      330034      360035   4.50971174      -2.99998546    
      340035       20001   4.20849770E-04  -7.49651718    
      340035       30002   4.70398867E-04  -13.9488869    
      340035       40003   5.28821372E-04  -12.2791719    
      340035       50004   5.98315732E-04  -16.3662643    
      340035       60005   6.81800826E-04  -19.6292610    
      340035       70006   7.82895251E-04  -17.1961365    
      340035       80007   9.06060101E-04  -15.7422953    
      340035       90008   1.05637137E-03  -3.28328395    
      340035      100009   1.23937731E-03   3.74010181    
      340035      110010   1.45990367E-03  0.498509586    
      340035      120011   1.72250450E-03  -1.01438701    
      340035      130012   2.03292700E-03  -1.80771136    
      340035      140013   2.40105833E-03  -2.24783635    
      340035      150014   2.84328964E-03  -2.50082016    
      340035      160015   3.38646048E-03  -2.65184522    
      340035      170016   4.07648226E-03  -2.74667263    
      340035      180017   4.97588422E-03  -2.80922914    
      340035      190018   6.10388489E-03  -2.85164475    
      340035      200019   7.30986474E-03  -2.88155651    
      340035      210020   8.43788311E-03  -2.90568399    
      340035      220021   9.70886182E-03  -2.92753649    
      340035      230022   1.16280997E-02  -2.94661117    
      340035      240023   1.41358683E-02  -2.96099353    
      340035      250024   1.71393435E-02  -2.97262549    
      340035      260025   2.22210363E-02  -2.98161173    
      340035      270026  0.184463739      -2.98658490    
      340035      280027  0.197127581      -2.99108553    
      340035      290028  0.274669677      -2.99492121    
      340035      300029  0.454635203      -2.99742794    
      340035      310030  0.901186645      -2.99889898    
      340035      320031   2.30011153      -2.99964070    
      340035      330032   4.89834404      -2.99991775    
      350036       20001   4.01769561E-04  -7.43069029    
      350036       30002   4.46462480E-04  -13.9344854    
      350036       40003   4.98873123E-04  -12.3171434    
      350036       50004   5.60899149E-04  -16.4156151    
      350036       60005   6.35072996E-04  -19.7035198    
      350036       70006   7.24537531E-04  -17.2601128    
      350036       80007   8.33181373E-04  -15.7883558    
      350036       90008   9.65437095E-04  -3.30862403    
      350036      100009   1.12616003E-03   3.79444242    
      350036      110010   1.31952378E-03  0.555829048    
      350036      120011   1.54937780E-03 -0.967604160    
      350036      130012   1.82044727E-03  -1.77176058    
      350036      140013   2.14084284E-03  -2.22027254    
      350036      150014   2.52403342E-03  -2.47914147    
      350036      160015   2.99215433E-03  -2.63418698    
      350036      170016   3.58338305E-03  -2.73183537    
      350036      180017   4.34953766E-03  -2.79647183    
      350036      190018   5.30357659E-03  -2.84045243    
      350036      200019   6.30938960E-03  -2.87154937    
      350036      210020   7.22292066E-03  -2.89669991    
      350036      220021   8.21889751E-03  -2.91961646    
      350036      230022   9.70450509E-03  -2.93982363    
      350036      240023   1.16016045E-02  -2.95521212    
      350036      250024   1.37432469E-02  -2.96776414    
      350036      260025   1.73066743E-02  -2.97765422    
      350036      270026  0.139453903      -2.98317862    
      350036      280027  0.141228005      -2.98819685    
      350036      290028  0.181364834      -2.99269867    
      350036      300029  0.268742830      -2.99586678    
      350036      310030  0.455618054      -2.99793053    
      350036      320031  0.922082245      -2.99914813    
      350036      330032   1.29495132      -2.99970388    
      350036      340033   4.50968218      -2.99998522    
