         988
      770000      230022  1.43249305E-02  -3.1483238               1
      770000      240023  1.49856498E-02  -4.4371605               1
      770000      250024  1.10694468E-02  -4.2840033               1
      770000      260025  1.93631686E-02  -10.837079               1
      770000      270026  1.97883490E-02  -19.095139               1
      770000      280027  2.53506023E-02  -18.194113               1
      770000      290028  6.53259084E-02  -14.000059               1
      770000      300029  5.88847287E-02  -10.960977               1
      770000      310030  9.29348394E-02  -8.7379360               1
      770000      320031  9.37574878E-02  -6.1401820               1
      770000      450044  2.45166719E-02  -18.483000               1
      770000      460045  6.30334616E-02  -14.756714               1
      770000      470046  7.39720911E-02  -10.512403               1
      770000      480047  4.88105789E-02  -8.5649052               1
      770000      490048  0.17195624      -6.5939937               1
      770000      570056  2.03460567E-02  -15.068193               1
      770000      580057  2.42462792E-02  -15.237391               1
      770000      590058  2.45843716E-02  -14.311959               1
      770000      600059  3.41284685E-02  -23.338017               1
      770000      610060  7.26521015E-02  -14.638353               1
      770000      340033  1.33354254E-02  -2.6653483               1
      770000      350034  1.36969145E-02  -5.2315574               1
      770000      360035  1.33169452E-02  -5.6172380               1
      770000      370036  2.12014280E-02  -14.961849               1
      770000      380037  2.15662085E-02  -19.785873               1
      770000      390038  4.55315113E-02  -16.805019               1
      770000      400039  6.26821890E-02  -11.195203               1
      770000      410040  7.11101815E-02  -10.404410               1
      770000      420041  9.94070545E-02  -6.9398522               1
      770000      430042  9.34661031E-02  -6.7740393               1
      770000      510050  2.63432357E-02  -24.022018               1
      770000      520051  9.13048685E-02  -11.365045               1
      770000      540053  8.99909437E-02  -7.1147938               1
      770000      550054  0.49271879      -6.4337344               1
      770000      630062  2.33065095E-02  -15.288892               1
      770000      640063  2.58809123E-02  -15.387197               1
      770000      650064  2.60599535E-02  -15.697827               1
      770000      660065  4.70958203E-02  -24.639761               1
      770000      670066  7.64654279E-02  -8.5207987               1
      780000      230022  1.40480408E-02  -3.2258077               1
      780000      240023  1.46754077E-02  -4.6246467               1
      780000      250024  1.12060225E-02  -4.2368131               1
      780000      260025  1.91646218E-02  -10.776882               1
      780000      270026  1.94670986E-02  -18.634573               1
      780000      280027  2.48263013E-02  -17.641565               1
      780000      290028  6.19076565E-02  -13.869872               1
      780000      300029  5.84393255E-02  -10.681319               1
      780000      310030  0.10447534      -8.0016146               1
      780000      320031  0.16839644      -5.7857661               1
      780000      450044  2.29034033E-02  -18.543682               1
      780000      460045  5.78207187E-02  -14.771907               1
      780000      470046  6.52595386E-02  -10.513916               1
      780000      480047  3.78470384E-02  -8.7478533               1
      780000      490048  8.57715160E-02  -6.9961181               1
      780000      570056  1.92661490E-02  -14.921309               1
      780000      580057  2.27883235E-02  -15.143469               1
      780000      590058  2.28142347E-02  -14.321939               1
      780000      600059  3.10617201E-02  -23.424522               1
      780000      610060  6.42706230E-02  -14.917267               1
      780000      340033  1.32240308E-02  -2.8576770               1
      780000      350034  1.33316424E-02  -5.3790379               1
      780000      360035  1.34745175E-02  -5.4851608               1
      780000      370036  2.10668519E-02  -14.803519               1
      780000      380037  2.11649593E-02  -19.086967               1
      780000      390038  4.32570912E-02  -16.651625               1
      780000      400039  6.00970946E-02  -10.975433               1
      780000      410040  7.54514858E-02  -9.9104710               1
      780000      420041  0.12431499      -6.0647178               1
      780000      430042  0.36144355      -6.5381889               1
      780000      520051  8.27767625E-02  -11.381934               1
      780000      540053  5.89819439E-02  -7.5944762               1
      780000      550054  0.10760508      -7.3726544               1
      780000      630062  2.19872668E-02  -15.166728               1
      780000      640063  2.42243409E-02  -15.333978               1
      780000      650064  2.39187516E-02  -15.742844               1
      780000      670066  6.63963035E-02  -8.7195930               1
      860000       20001  1.31577104E-02  -13.721944               1
      860000       30002  2.65743490E-02  -16.065598               1
      860000       40003  2.59721596E-02  -15.870385               1
      860000       50004  1.05083054E-02  -14.331782               1
      860000       60005  1.10255536E-02  -15.598567               1
      860000       70006  1.73327718E-02  -14.908805               1
      860000       80007  1.55651690E-02  -13.317736               1
      860000       90008  2.07718229E-03 -0.51385123               1
      860000       90010  3.00137419E-03  -12.259614               1
      860000      100011  2.81703006E-03  -4.6596866               1
      860000      110012  3.13793216E-03  -1.4038295               1
      860000      120013  5.31402836E-03  -2.1295652               1
      860000      130014  4.51010186E-03  -5.2586956               1
      860000      140015  3.83163965E-03  -6.6036038               1
      860000      150016  3.42454039E-03  -6.0704117               1
      860000      160017  3.16157797E-03  -9.9618559               1
      860000      170018  3.09280818E-03  -11.048067               1
      860000      180019  3.43996217E-03  -8.9286184               1
      860000      190020  3.06919031E-03  -9.2482338               1
      860000      200021  3.27790133E-03  -11.753263               1
      860000      230022  3.67407650E-02  -8.2871380               1
      860000      240023  4.52378988E-02  -9.7308531               1
      860000      250024  2.17437521E-02  -10.904981               1
      860000      260025  3.31586786E-02  -19.017977               0
      860000      260027  4.31701029E-03   71.417152               1
      860000      270028  4.13777195E-02  -16.293894               1
      860000      300031  1.63500663E-02  -19.962967               1
      860000      310032  6.67014625E-03  -14.929742               1
      860000      570056  6.47772625E-02  -18.355448               1
      860000      580057  7.95119032E-02  -18.726837               1
      860000      590058  2.55515962E-03  -150.16898               1
      860000      590060  4.40755077E-02  -24.489939               1
      860000      600061  7.09241033E-02  -21.711678               1
      860000      340033  3.48534770E-02  -7.3902102               1
      860000      350034  4.34685722E-02  -10.836435               1
      860000      360035  2.19352078E-02  -14.314812               0
      860000      370036  1.05193462E-02  -32.411663               0
      860000      370038  2.19189879E-02  0.36857954               1
      860000      380039  3.39229479E-02  -21.797258               1
      860000      400041  1.98487137E-02  -21.221014               1
      860000      410042  1.04104048E-02  -17.789719               1
      860000      420043  5.82252629E-03  -14.090107               1
      860000      630062  7.76593611E-02  -18.358711               1
      860000      640063  6.18666522E-02  -21.335329               1
      860000      640065  4.13165540E-02  -14.094132               1
      860000      650066  5.28635457E-02  -28.568623               1
      860000      660067  6.11928403E-02  -15.931314               1
      870000       20001  1.28040155E-02  -13.096045               1
      870000       30002  2.61578895E-02  -15.530685               1
      870000       40003  2.60126982E-02  -15.418632               1
      870000       50004  1.08285425E-02  -13.980977               1
      870000       60005  1.22701637E-02  -15.607743               1
      870000       70006  2.15617083E-02  -15.723690               1
      870000       80007  2.40620393E-02  -16.186718               1
      870000       90008  7.93582387E-03  -13.898355               1
      870000      110010  2.60039553E-04  -140.87630               0
      870000      110012  7.23898760E-04   53.593155               1
      870000      120013  2.22755806E-03   23.406776               1
      870000      130014  3.20781372E-03   2.3985238               1
      870000      140015  3.51487752E-03  -3.5680425               1
      870000      150016  3.67304287E-03  -5.2318335               1
      870000      160017  3.70969716E-03  -10.239959               1
      870000      170018  3.78760113E-03  -11.923606               1
      870000      180019  4.28467896E-03  -10.116600               1
      870000      190020  3.83813190E-03  -10.528575               1
      870000      200021  4.05556336E-03  -12.981454               1
      870000      230022  2.78857872E-02  -8.1440401               1
      870000      240023  3.34177576E-02  -9.9956789               1
      870000      250024  2.18358431E-02  -10.180375               1
      870000      260025  4.36736606E-02  -17.003124               1
      870000      270026  3.22211310E-02  -30.929733               1
      870000      270028  8.25173501E-03   1.2706083               1
      870000      290030  3.14448252E-02  -21.423258               1
      870000      300031  2.46103741E-02  -21.436525               1
      870000      310032  9.64611489E-03  -16.657616               1
      870000      570056  4.54003736E-02  -17.619789               1
      870000      580057  6.20614663E-02  -17.208731               1
      870000      590058  4.82045338E-02  -17.435429               1
      870000      600059  5.32143237E-03  -25.464746               1
      870000      600061  6.81259483E-02  -20.261374               1
      870000      340033  2.65994892E-02  -7.7016611               1
      870000      350034  3.24202403E-02  -11.047746               1
      870000      360035  2.71771047E-02  -12.162059               1
      870000      370036  3.84253822E-02  -21.072975               1
      870000      380037  1.60764288E-02  -47.928593               0
      870000      380039  9.23041999E-03  -27.106134               1
      870000      400041  2.91551743E-02  -22.701406               1
      870000      410042  1.56201227E-02  -19.351017               1
      870000      420043  8.00816342E-03  -15.826099               1
      870000      630062  5.52882478E-02  -17.440601               1
      870000      640063  6.73663244E-02  -17.545879               1
      870000      650064  2.22812016E-02  -18.691925               1
      870000      650066  2.99491510E-02  -24.283789               0
      870000      660067  6.47340715E-02  -16.054478               1
      880000       20001  1.08616874E-02  -13.170642               1
      880000       30002  2.25220472E-02  -16.048723               1
      880000       40003  2.30234992E-02  -16.388474               1
      880000       50004  1.00853266E-02  -15.508435               1
      880000       60005  1.32420491E-02  -18.140213               1
      880000       70006  2.84049455E-02  -19.013716               1
      880000       80007  4.36769016E-02  -19.518347               1
      880000       90008  2.67744884E-02  -14.368807               1
      880000      100009  2.88875643E-02  -11.155514               1
      880000      120011  1.60965528E-02  -8.4505854               1
      880000      130012  2.34911907E-02  -9.8404398               1
      880000      140013  1.12434523E-02  -10.270100               1
      880000      150014  2.38982891E-03  -14.669838               1
      880000      160017  7.20652426E-03  -10.623969               1
      880000      170018  8.52939487E-03  -12.119002               1
      880000      180019  9.79266409E-03  -10.203248               1
      880000      190020  8.43848754E-03  -10.400714               1
      880000      200021  8.23577400E-03  -12.831143               1
      880000      230022  1.73657145E-02  -4.1718559               1
      880000      240023  1.89446043E-02  -5.5998268               1
      880000      250024  1.39830774E-02  -5.6868939               1
      880000      260025  2.67128013E-02  -12.370297               1
      880000      270026  2.91209351E-02  -21.246290               1
      880000      280027  3.91008221E-02  -20.126938               1
      880000      290028  9.96247008E-02  -15.250235               1
      880000      300029  2.44002678E-02  -6.9147577               1
      880000      300031  3.58171016E-02  -17.945576               1
      880000      310032  2.33047139E-02  -12.527031               1
      880000      570056  2.58118901E-02  -15.379835               1
      880000      580057  3.23480554E-02  -15.369667               1
      880000      590058  3.39344256E-02  -14.557836               1
      880000      600059  4.68377359E-02  -23.484655               1
      880000      610060  6.61636591E-02  -13.352620               1
      880000      340033  1.62482299E-02  -3.7132916               1
      880000      350034  1.77691281E-02  -6.4768901               1
      880000      360035  1.74058527E-02  -7.2399650               1
      880000      370036  2.94970237E-02  -16.501005               1
      880000      380037  3.25054489E-02  -22.345734               1
      880000      390038  7.61334971E-02  -17.943993               1
      880000      400039  7.01151714E-02  -12.284158               1
      880000      400041  1.69125646E-02  -27.188074               1
      880000      410042  3.16884480E-02  -14.342248               1
      880000      420043  1.96380671E-02  -13.215335               1
      880000      630062  3.01900767E-02  -15.477246               1
      880000      640063  3.55621763E-02  -15.549187               1
      880000      650064  3.59840840E-02  -16.002806               1
      880000      660065  5.58618046E-02  -24.704605               1
      880000      670066  4.50239144E-02  -1.6528469               1
      890000       20001  1.02947615E-02  -13.410849               1
      890000       30002  2.13965345E-02  -16.404491               1
      890000       40003  2.19900552E-02  -16.849583               1
      890000       50004  9.72992554E-03  -16.079006               1
      890000       60005  1.31440395E-02  -18.810259               1
      890000       70006  2.91948859E-02  -19.615833               1
      890000       80007  4.70488034E-02  -19.805843               1
      890000       90008  3.07605024E-02  -14.045111               1
      890000      100009  3.51457372E-02  -10.367510               1
      890000      110010  2.07050387E-02  -6.9892411               1
      890000      120011  2.28048302E-02  -7.1424313               1
      890000      130012  3.92234363E-02  -8.1684265               1
      890000      140013  3.25860195E-02  -8.8219976               1
      890000      150014  2.64197160E-02  -8.0129786               1
      890000      160015  1.19334534E-02  -7.0273056               1
      890000      160017  7.62300100E-03  -7.1469736               1
      890000      170018  1.88731086E-02  -9.9330959               1
      890000      180019  2.20912248E-02  -8.3859863               1
      890000      190020  1.65261384E-02  -8.9395933               1
      890000      200021  1.39315417E-02  -11.622186               1
      890000      230022  1.50792403E-02  -3.1876614               1
      890000      240023  1.59113370E-02  -4.4161825               1
      890000      250024  1.15346713E-02  -4.4290948               1
      890000      260025  2.08499618E-02  -11.006254               1
      890000      270026  2.17923634E-02  -19.556053               1
      890000      280027  2.88487747E-02  -18.614754               1
      890000      290028  7.84837231E-02  -14.040116               1
      890000      300029  6.31030574E-02  -11.122824               1
      890000      310030  4.24484722E-02  -10.381661               1
      890000      310032  1.37606971E-02  -10.810312               1
      890000      570056  2.21852399E-02  -15.151049               1
      890000      580057  2.68622097E-02  -15.226269               1
      890000      590058  2.78441701E-02  -14.194887               1
      890000      600059  3.98908593E-02  -23.142071               1
      890000      610060  8.59977454E-02  -14.174882               1
      890000      340033  1.39531819E-02  -2.6220284               1
      890000      350034  1.46730179E-02  -5.2471957               1
      890000      360035  1.39854588E-02  -5.8496642               1
      890000      370036  2.28828862E-02  -15.183115               1
      890000      380037  2.40919981E-02  -20.407888               1
      890000      390038  5.43585345E-02  -16.840366               1
      890000      400039  7.40665868E-02  -11.380437               1
      890000      410040  5.57927415E-02  -10.910412               1
      890000      420041  1.36004984E-02  -11.121207               0
      890000      420043  2.40684822E-02  -12.159767               1
      890000      630062  2.55942866E-02  -15.322068               1
      890000      640063  2.89619993E-02  -15.330445               1
      890000      650064  3.00051104E-02  -15.556279               1
      890000      660065  5.55461720E-02  -24.267067               1
      890000      670066  8.88054967E-02  -7.8854084               1
      900000       20001  1.31843593E-02  -14.476482               1
      900000       30002  2.29814518E-02  -16.438419               1
      900000       40003  1.85655430E-02  -16.203188               1
      900000       50004  5.64463250E-03  -15.142809               1
      900000       60005  2.22552312E-03  -18.485109               1
      900000       60007  3.37352394E-03  -17.885214               1
      900000       70008  1.44283436E-02  -19.687771               1
      900000       80009  1.22890808E-02  -15.266538               1
      900000       90010  1.41434520E-02  -12.483878               1
      900000      100011  7.28899753E-03  -9.3504648               1
      900000      110012  5.79554029E-03  -8.4692345               1
      900000      120013  8.15737527E-03  -9.3527002               1
      900000      130014  5.24874125E-03  -10.214952               1
      900000      140015  3.58434371E-03  -10.094910               1
      900000      150016  2.68281624E-03  -7.9196215               1
      900000      160017  2.18060403E-03  -10.219025               1
      900000      170018  1.98498857E-03  -9.9484720               1
      900000      180019  2.13445723E-03  -6.8425360               1
      900000      190020  1.87932048E-03  -6.6045585               1
      900000      200021  2.04750872E-03  -8.9770470               1
      900000      230022  1.16074625E-02   12.134583               0
      900000      230024  1.42108835E-03  -240.78372               1
      900000      240025  2.46793367E-02  -10.474165               1
      900000      250026  2.82467622E-02  -13.874676               1
      900000      260027  2.00565308E-02  -15.034879               1
      900000      270028  1.54434228E-02  -11.611121               1
      900000      280029  7.53966579E-03  -14.710062               0
      900000      290030  3.94879701E-03  -11.653598               0
      900000      440045  3.76889929E-02  -15.062769               1
      900000      450046  3.48048359E-02  -17.494034               1
      900000      460047  2.44207643E-02  -13.210473               1
      900000      480049  4.14866675E-03  -7.8536720               1
      900000      340035  7.53114873E-04  -327.43936               0
      900000      350036  3.23427729E-02  -8.5170088               1
      900000      360037  2.96279583E-02  -16.784216               1
      900000      370038  1.59314442E-02  -10.249568               1
      900000      390040  5.98146347E-03  -11.174150               0
      900000      500051  2.31454745E-02  -23.368519               1
      900000      510052  4.02720310E-02  -14.160091               1
      900000      530054  4.51388722E-03  -8.6969900               1
      900000      540055  3.13161989E-03  -7.7586999               1
      910000       20001  1.88307017E-02  -15.921329               1
      910000       30002  3.74406837E-02  -18.135855               1
      910000       40003  3.52125652E-02  -17.857534               1
      910000       50004  1.32684717E-02  -16.336462               1
      910000       60005  1.09141078E-02  -17.507597               1
      910000       70006  9.48942453E-03  -13.833983               1
      910000       70008  6.02362351E-03  -38.419979               1
      910000       80009  1.41072720E-02  -20.396479               1
      910000       90010  2.00354848E-02  -16.173658               1
      910000      100011  1.10233501E-02  -12.622891               1
      910000      110012  9.08674579E-03  -11.510747               1
      910000      120013  1.29583282E-02  -12.278463               1
      910000      130014  8.45707394E-03  -13.089754               1
      910000      140015  5.77922678E-03  -12.936454               1
      910000      150016  4.26752260E-03  -10.690349               1
      910000      160017  3.38679971E-03  -12.888284               1
      910000      170018  3.00182472E-03  -12.517976               1
      910000      180019  3.13607883E-03  -9.2274256               1
      910000      190020  2.67432653E-03  -8.7648067               1
      910000      200021  2.81893439E-03  -10.899526               1
      910000      240023  1.65719260E-02   2.9786336               0
      910000      240025  2.50595692E-03  -37.467754               1
      910000      250026  2.71135289E-03  -36.227589               1
      910000      260027  7.21296621E-03  -5.7493696               1
      910000      270028  1.21957334E-02  -8.2145329               1
      910000      280029  4.23827441E-03  -9.2089806               0
      910000      290030  3.83418729E-03  -8.3808279               0
      910000      310032  2.91618332E-03  -6.6476727               1
      910000      440045  6.54060543E-02  -17.924965               1
      910000      450046  6.35270774E-02  -19.028099               1
      910000      460047  4.28369045E-02  -15.477221               1
      910000      470048  8.79663695E-03  -12.521264               1
      910000      480049  6.48125773E-03  -10.067816               1
      910000      340033  1.21075138E-02   8.3473921               0
      910000      350034  1.52355824E-02  0.50740647               0
      910000      350036  6.93094172E-03  -15.682503               1
      910000      360037  8.46869964E-03  -20.375023               1
      910000      370038  8.50522425E-03   1.5965685               1
      910000      390040  4.85364906E-03  -6.9669685               0
      910000      500051  4.45227511E-02  -24.327286               1
      910000      510052  7.19285086E-02  -16.132452               1
      910000      530054  7.22459611E-03  -10.877378               1
      910000      540055  4.79040062E-03  -10.043846               1
      920000       20001  1.88182648E-02  -16.430195               1
      920000       30002  3.97551209E-02  -18.806665               1
      920000       40003  4.07636128E-02  -18.477005               1
      920000       50004  1.76751912E-02  -16.612284               1
      920000       60005  2.09443588E-02  -16.967539               1
      920000       70006  3.50591056E-02  -14.817734               1
      920000       80007  2.90206168E-02  -8.7909689               1
      920000       80009  3.47522809E-03  -68.134735               1
      920000       90010  2.03775112E-02  -20.222979               1
      920000      100011  1.47847952E-02  -13.854933               1
      920000      110012  1.45377712E-02  -11.825487               1
      920000      120013  2.20182780E-02  -12.363361               1
      920000      130014  1.50238145E-02  -13.314934               1
      920000      140015  1.03177633E-02  -13.420305               1
      920000      150016  7.41053885E-03  -11.465628               1
      920000      160017  5.62033104E-03  -13.916615               1
      920000      170018  4.75806324E-03  -13.716183               1
      920000      180019  4.75805718E-03  -10.443684               1
      920000      190020  3.88375670E-03  -9.9821310               1
      920000      200021  3.93426605E-03  -12.080585               1
      920000      230022  1.73376296E-02  -1.7887123               1
      920000      240023  1.75550934E-02  -1.2235520               1
      920000      250024  5.29559469E-03   6.5034194               0
      920000      260025  1.08445166E-02  -5.1107244               0
      920000      270026  5.44912834E-03  -29.870134               0
      920000      270028  3.18695162E-03   13.104305               1
      920000      290028  6.72285445E-03  -19.084530               1
      920000      300029  3.19287908E-04  -71.120697               1
      920000      310032  3.60090402E-03  -6.6598473               1
      920000      450044  1.23005686E-02   9.2403555               0
      920000      450046  5.41531667E-02  -20.179205               1
      920000      460047  6.20684139E-02  -17.635309               1
      920000      470048  1.39532406E-02  -13.891212               1
      920000      480049  9.96684562E-03  -11.383400               1
      920000      340033  1.37015162E-02   2.3291695               1
      920000      350034  1.65089834E-02  -2.9625070               1
      920000      360035  4.59308876E-03   7.0720744               0
      920000      380037  2.01313640E-03  -91.216461               0
      920000      400039  2.50736461E-03  -25.026358               1
      920000      420043  4.67705121E-03  -9.9722071               1
      920000      500051  9.68798529E-03  -39.813732               1
      920000      510052  8.75810534E-02  -18.337868               1
      920000      530054  1.11838616E-02  -12.352942               1
      920000      540055  7.40275672E-03  -11.205826               1
      930000       20001  1.46074742E-02  -14.276379               1
      930000       30002  3.13679799E-02  -17.201887               1
      930000       40003  3.34402174E-02  -17.503916               1
      930000       50004  1.57405101E-02  -16.448103               1
      930000       60005  2.39277463E-02  -18.447006               1
      930000       70006  5.74486516E-02  -18.530949               1
      930000       80007  9.83724743E-02  -18.057901               1
      930000       90008  6.62064850E-02  -12.005676               1
      930000      100009  6.89560622E-02  -8.2432585               1
      930000      110010  2.69512981E-02  -4.1242838               1
      930000      110012  1.21667022E-02  -15.603934               1
      930000      120013  6.33711517E-02  -10.456759               1
      930000      130014  6.25943765E-02  -11.688643               1
      930000      140015  4.19785902E-02  -12.727585               1
      930000      150016  2.63054892E-02  -11.739253               1
      930000      160017  1.69603303E-02  -15.002358               1
      930000      170018  1.24373762E-02  -15.389144               1
      930000      180019  1.09523321E-02  -12.294647               1
      930000      190020  7.90315773E-03  -12.016972               1
      930000      200021  7.17956759E-03  -14.212349               1
      930000      230022  1.54882381E-02  -1.9157088               1
      930000      240023  1.59563404E-02  -2.4513540               1
      930000      250024  8.64466093E-03  -3.6931517               1
      930000      260025  1.61921997E-02  -10.995321               1
      930000      270026  1.44498209E-02  -24.323240               1
      930000      280027  1.37683218E-02  -28.211771               0
      930000      290028  4.04034555E-02  -18.779591               1
      930000      300029  2.35049706E-02  -16.829720               1
      930000      310030  1.00167319E-02  -20.963167               1
      930000      450044  3.09756603E-02  -17.031103               1
      930000      460045  4.77055609E-02  -22.905849               1
      930000      470046  1.55904703E-02  -13.094491               1
      930000      470048  1.58370137E-02  -14.718100               1
      930000      480049  1.83674209E-02  -13.262649               1
      930000      340033  1.33499373E-02 -0.41952720               1
      930000      350034  1.48351500E-02  -3.6050858               1
      930000      360035  9.79012903E-03  -6.0505767               1
      930000      370036  1.57407690E-02  -16.483131               1
      930000      380037  1.39468331E-02  -29.186934               0
      930000      390038  2.92457603E-02  -21.740465               1
      930000      400039  3.33576240E-02  -16.722364               1
      930000      410040  1.56033002E-02  -18.005711               1
      930000      420041  4.12355363E-03  -29.800711               1
      930000      420043  6.36977004E-03  -10.654176               1
      930000      520051  4.30115610E-02  -17.992247               1
      930000      530054  1.68484114E-02  -15.161744               1
      930000      540055  1.61667075E-02  -12.724607               1
      680000      230022  4.70533501E-04   157.77086               0
      680000      230024  8.32794933E-04  -109.46723               1
      680000      240025  4.09114547E-03  -10.147094               1
      680000      260027  2.48106685E-03  -8.9627514               1
      680000      270028  2.50073476E-03  0.34882623               1
      680000      290028  8.14763654E-04  -17.558611               1
      680000      300029  3.87277047E-04  -27.678883               1
      680000      440045  4.42020921E-03  -14.772413               1
      680000      480049  1.60587882E-03 -0.66325998               1
      680000      570056  1.09932444E-03  -22.493879               0
      680000      570058  4.96813189E-03  -4.9264412               1
      680000      580059  7.85761140E-03  -6.5960059               1
      680000      590060  9.85529367E-03  -16.646458               1
      680000      600061  1.50635103E-02  -12.885336               1
      680000      330034  2.17169547E-03  -41.696838               1
      680000      350034  1.21532452E-04   581.95557               0
      680000      350036  5.00785327E-03  -7.5258565               1
      680000      360037  3.95828858E-03  -17.013838               0
      680000      370038  2.13125558E-03   4.0153418               1
      680000      400039  5.46936470E-04  -25.687283               1
      680000      400041  2.34028248E-05   293.65790               0
      680000      530054  1.56437501E-03 -0.45086610               1
      680000      540055  1.37839594E-03  -1.9071665               1
      680000      620063  1.65836653E-03   2.1074667               1
      680000      630064  8.14590789E-03  -6.7228732               1
      680000      640065  7.78638432E-03  -8.2482595               1
      680000      650066  1.14606395E-02  -21.201012               1
      790000       20001  6.53330330E-03  -14.323408               1
      790000       30002  1.18706664E-02  -16.391272               1
      790000       40003  1.04027214E-02  -16.160269               1
      790000       50004  3.65964323E-03  -14.814503               1
      790000       60005  2.81872717E-03  -16.623390               1
      790000       70006  2.80319969E-03  -16.184484               1
      790000       80009  2.10427376E-03  -13.151338               1
      790000       90010  3.42264120E-03  -8.8458910               1
      790000      100011  1.99084915E-03  -4.6841679               1
      790000      110012  1.74048136E-03  -2.5350459               1
      790000      120013  2.60862289E-03  -2.9848282               1
      790000      130014  1.89288729E-03  -4.4737563               1
      790000      140015  1.47385173E-03  -4.9387660               1
      790000      150016  1.27475045E-03  -3.7905500               1
      790000      160017  1.18186430E-03  -7.3232832               1
      790000      170018  1.18853617E-03  -8.2971315               1
      790000      180019  1.38386770E-03  -6.3475761               1
      790000      190020  1.31518196E-03  -6.9645171               1
      790000      200021  1.50620134E-03  -9.8504200               1
      790000      440045  3.50472145E-02  -15.314589               1
      790000      450046  3.24018300E-02  -21.469540               1
      790000      460047  2.28197891E-02  -16.772030               1
      790000      470048  5.08675259E-03  -14.744485               1
      790000      480049  3.66978114E-03  -10.790549               1
      790000      560057  3.89476642E-02  -12.228770               0
      790000      570058  3.07481624E-02  -12.661296               1
      790000      580059  1.69253666E-02  -11.660793               1
      790000      590060  1.17308106E-02  -22.944359               1
      790000      600061  1.84115116E-02  -18.507706               1
      790000      500051  2.17475146E-02  -26.238121               1
      790000      510052  3.68921496E-02  -17.853941               1
      790000      530054  4.29811701E-03  -12.216378               1
      790000      540055  2.40489468E-03  -9.2902975               1
      790000      620063  3.78414765E-02  -12.663028               0
      790000      630064  2.20636930E-02  -12.687396               1
      790000      640065  1.32221989E-02  -13.485832               1
      790000      650066  1.36225400E-02  -26.647860               1
      790000      660067  1.66050345E-02  -12.211051               1
      800000       20001  7.94923119E-03  -12.058430               1
      800000       30002  1.50755988E-02  -14.143404               1
      800000       40003  1.38531923E-02  -13.876761               1
      800000       50004  5.19056106E-03  -12.424683               1
      800000       60005  4.70533455E-03  -14.096565               1
      800000       70006  6.43501291E-03  -14.098646               1
      800000       80007  4.76546166E-03  -13.931391               1
      800000       90008  6.57647615E-05  -50.877708               0
      800000       90010  1.65753404E-03  -1.4717702               1
      800000      100011  1.20851933E-03   2.7862360               1
      800000      110012  1.16444880E-03   5.9797039               1
      800000      120013  1.85788295E-03   5.4397798               1
      800000      130014  1.52540253E-03   2.0291002               1
      800000      140015  1.31855707E-03  0.20741667               1
      800000      150016  1.24764885E-03  0.14008591               1
      800000      160017  1.22965709E-03  -4.3176408               1
      800000      170018  1.27989147E-03  -6.0014553               1
      800000      180019  1.51890155E-03  -4.5554628               1
      800000      190020  1.46326411E-03  -5.4692616               1
      800000      200021  1.67412800E-03  -8.5060797               1
      800000      440045  5.10403551E-02  -12.834455               1
      800000      450046  4.58844230E-02  -20.256536               1
      800000      460047  3.17170285E-02  -15.558231               1
      800000      470048  6.93559181E-03  -13.795856               1
      800000      480049  4.75815730E-03  -9.7033930               1
      800000      560057  9.56033077E-03  -10.238834               0
      800000      570058  1.98734794E-02  -10.143174               0
      800000      590060  1.14997104E-02  -20.206598               1
      800000      600061  1.99512634E-02  -15.937935               1
      800000      500051  3.15899588E-02  -24.433519               1
      800000      510052  5.14973961E-02  -16.672453               1
      800000      530054  5.75612765E-03  -11.100494               1
      800000      540055  2.93582329E-03  -8.0425549               1
      800000      620063  1.78352445E-02  -10.419819               0
      800000      630064  1.59797370E-02  -9.3320894               0
      800000      640065  1.31450184E-02  -10.375428               1
      800000      650066  1.41836423E-02  -23.685654               1
      800000      660067  1.79667231E-02  -9.9635477               1
      810000       20001  8.40749219E-03  -11.238577               1
      810000       30002  1.65102519E-02  -13.392163               1
      810000       40003  1.57842357E-02  -13.126478               1
      810000       50004  6.24103146E-03  -11.615412               1
      810000       60005  6.43594889E-03  -13.219451               1
      810000       70006  1.05602080E-02  -13.378444               1
      810000       80007  1.13164950E-02  -13.784238               1
      810000       90008  3.91370151E-03  -10.683968               1
      810000      100009  2.17002141E-03  -13.025799               0
      810000      110010  7.18814379E-04  -19.714163               0
      810000      120011  4.54053312E-04  -36.689472               0
      810000      130012  4.40985488E-04  -62.147121               0
      810000      130014  1.66972124E-04   90.408989               1
      810000      140015  5.24828793E-04   15.278591               1
      810000      150016  8.12533312E-04   5.3365693               1
      810000      160017  1.01601775E-03  -2.1991110               1
      810000      170018  1.19504030E-03  -5.3903313               1
      810000      180019  1.52946124E-03  -4.7214522               1
      810000      190020  1.57080952E-03  -5.7414637               1
      810000      200021  1.85022934E-03  -8.6586609               1
      810000      440045  3.95312160E-02  -13.877580               1
      810000      450046  5.54359555E-02  -21.636343               1
      810000      460047  4.29396629E-02  -15.926404               1
      810000      470048  9.89204925E-03  -14.138631               1
      810000      480049  6.50477549E-03  -9.8657274               1
      810000      570056  1.35737294E-02  -7.8024445               1
      810000      580057  5.03569096E-03 -0.33178580               1
      810000      580059  1.74663984E-03  -7.6973438               0
      810000      590060  5.12830447E-03  -22.879757               1
      810000      600061  1.54595971E-02  -15.681678               1
      810000      500051  3.29354331E-02  -26.275911               1
      810000      510052  6.57248870E-02  -17.674759               1
      810000      530054  8.17460567E-03  -11.067822               1
      810000      540055  3.65187344E-03  -8.4632149               1
      810000      630062  9.13717318E-03  -4.7229052               1
      810000      640063  3.93979950E-03  -5.2171707               1
      810000      640065  5.23322495E-03  -12.398226               1
      810000      650066  9.27266572E-03  -22.875044               1
      810000      660067  1.42039694E-02  -10.548768               1
      820000       20001  8.60632304E-03  -11.609421               1
      820000       30002  1.72614586E-02  -14.092429               1
      820000       40003  1.69252157E-02  -14.114375               1
      820000       50004  6.93844818E-03  -12.935905               1
      820000       60005  7.79670244E-03  -15.240488               1
      820000       70006  1.42170703E-02  -16.159983               1
      820000       80007  1.78580061E-02  -17.383240               1
      820000       90008  8.31191149E-03  -14.322647               1
      820000      100009  7.02871103E-03  -13.580206               1
      820000      120011  2.87378300E-03  -14.229226               0
      820000      130012  4.04638890E-03  -16.599247               0
      820000      140013  2.10219692E-03  -19.557293               0
      820000      150014  8.72500066E-04  -27.037909               0
      820000      150016  2.09327536E-05   564.09503               1
      820000      160017  6.16705918E-04   1.8087895               1
      820000      170018  1.04022422E-03  -7.2888379               1
      820000      180019  1.56580482E-03  -8.0063953               1
      820000      190020  1.79881463E-03  -8.8339682               1
      820000      200021  2.21318007E-03  -11.249547               1
      820000      450046  3.52815166E-02  -29.107187               0
      820000      460047  5.28374463E-02  -20.081152               1
      820000      470048  1.49964159E-02  -18.000063               1
      820000      480049  9.76610370E-03  -13.279887               1
      820000      570056  2.00195014E-02  -12.896619               1
      820000      580057  1.92464180E-02  -13.400201               1
      820000      590058  1.13336015E-02  -15.681220               1
      820000      600059  4.77517443E-03  -24.630770               1
      820000      600061  4.49710386E-03  -13.977108               1
      820000      630062  2.04697959E-02  -13.126383               1
      820000      640063  1.85694750E-02  -14.520631               1
      820000      650064  5.46046440E-03  -17.806030               1
      820000      660065  3.15177400E-04  -145.86584               1
      820000      660067  4.78148274E-03  -15.042393               1
      830000       20001  9.12797917E-03  -12.589237               1
      830000       30002  1.86456330E-02  -15.363943               1
      830000       40003  1.87190585E-02  -15.646301               1
      830000       50004  7.96588697E-03  -14.759342               1
      830000       60005  9.81617253E-03  -17.538233               1
      830000       70006  1.98894385E-02  -18.708353               1
      830000       80007  2.87678968E-02  -19.721502               1
      830000       90008  1.64316166E-02  -15.325604               1
      830000      100009  1.68011039E-02  -12.647463               1
      830000      110010  9.04376153E-03  -9.7660551               1
      830000      120011  8.65982566E-03  -10.046391               1
      830000      130012  1.31312180E-02  -11.388026               1
      830000      140013  8.16806871E-03  -12.413280               1
      830000      150014  4.76149376E-03  -13.296611               1
      830000      160015  2.15110159E-03  -14.480998               1
      830000      170016  3.04026355E-04  -41.051018               1
      830000      180019  2.24798289E-03  -11.843861               1
      830000      190020  3.04965046E-03  -11.518202               1
      830000      200021  3.80622735E-03  -13.365770               1
      830000      450044  4.02314179E-02  -21.954466               1
      830000      460045  7.03159869E-02  -13.868361               1
      830000      460047  2.68901810E-02  -28.123234               1
      830000      470048  3.19857150E-02  -19.197777               1
      830000      480049  2.31503807E-02  -14.228863               1
      830000      570056  2.11595297E-02  -14.374022               1
      830000      580057  2.41761710E-02  -14.691922               1
      830000      590058  2.06912793E-02  -15.004204               1
      830000      600059  2.07701083E-02  -24.476654               1
      830000      610060  2.63180770E-02  -16.464520               1
      830000      510050  4.17107381E-02  -24.257675               1
      830000      520051  4.71296348E-02  -5.3062582               1
      830000      530054  2.99713388E-02  -15.049761               1
      830000      540055  1.09531172E-02  -13.947150               1
      830000      630062  2.36325860E-02  -14.619082               1
      830000      640063  2.51492616E-02  -15.208673               1
      830000      650064  1.78708341E-02  -16.730684               1
      830000      660065  2.19783466E-02  -27.434717               1
      830000      670066  2.31282040E-02  -8.0561476               1
      840000       20001  9.48983710E-03  -13.162848               1
      840000       30002  1.95904337E-02  -16.083847               1
      840000       40003  1.99512970E-02  -16.478352               1
      840000       50004  8.69014487E-03  -15.678545               1
      840000       60005  1.13250045E-02  -18.461819               1
      840000       70006  2.43351702E-02  -19.428398               1
      840000       80007  3.77706960E-02  -19.914248               1
      840000       90008  2.35420130E-02  -14.558847               1
      840000      100009  2.57699657E-02  -11.102369               1
      840000      110010  1.44894291E-02  -7.7679577               1
      840000      120011  1.46349845E-02  -7.7518983               1
      840000      130012  2.33888626E-02  -8.9090261               1
      840000      140013  1.68588925E-02  -9.9021902               1
      840000      150014  1.28281992E-02  -9.8076477               1
      840000      160015  9.97304823E-03  -8.6576948               1
      840000      170016  7.76517438E-03  -11.682743               1
      840000      180017  5.33022499E-03  -9.7073574               1
      840000      190018  2.17758259E-03   2.9243867               1
      840000      190020  2.75854673E-03  -15.851061               1
      840000      200021  5.80634922E-03  -13.568911               1
      840000      450044  3.10846176E-02  -19.824276               1
      840000      460045  8.42602178E-02  -14.535993               1
      840000      470046  6.53240681E-02  -8.4990597               1
      840000      480047  4.75561363E-04   410.05389               0
      840000      480049  2.48027388E-02  -13.703606               1
      840000      570056  2.08234098E-02  -14.886268               1
      840000      580057  2.46702656E-02  -15.046062               1
      840000      590058  2.40493566E-02  -14.382807               1
      840000      600059  3.09409741E-02  -23.404644               1
      840000      610060  5.68047240E-02  -14.800274               1
      840000      510050  3.51734012E-02  -24.156572               1
      840000      520051  0.11145641      -11.053616               1
      840000      530054  1.90545730E-02  -15.735988               1
      840000      540055  1.27547877E-02  -15.441932               1
      840000      630062  2.37458535E-02  -15.087008               1
      840000      640063  2.62282100E-02  -15.278952               1
      840000      650064  2.43239496E-02  -15.779572               1
      840000      660065  3.97527069E-02  -25.013327               1
      840000      670066  5.47401682E-02  -8.0362339               1
      850000       20001  9.43088159E-03  -13.363432               1
      850000       30002  1.95184387E-02  -16.352499               1
      850000       40003  1.99587774E-02  -16.802425               1
      850000       50004  8.75255000E-03  -16.054342               1
      850000       60005  1.15998555E-02  -18.872568               1
      850000       70006  2.53814738E-02  -19.788839               1
      850000       80007  4.02527712E-02  -20.117329               1
      850000       90008  2.57416870E-02  -14.492302               1
      850000      100009  2.87294891E-02  -10.841553               1
      850000      110010  1.63602307E-02  -7.3988824               1
      850000      120011  1.69276111E-02  -7.2792683               1
      850000      130012  2.82833390E-02  -8.3191767               1
      850000      140013  2.37626061E-02  -9.2507172               1
      850000      150014  2.38484535E-02  -8.0847883               1
      850000      160015  2.82397661E-02  -6.0101213               1
      850000      170016  3.67876329E-02  -8.2638674               1
      850000      180017  4.59879003E-02  -7.3580556               1
      850000      190018  5.05141802E-02  -3.7196121               1
      850000      200019  1.96836460E-02  -1.3334081               1
      850000      200021  6.23335829E-03  -17.761482               1
      850000      450044  2.46490147E-02  -18.799873               1
      850000      460045  6.37626052E-02  -14.812714               1
      850000      470046  7.18167797E-02  -10.526965               1
      850000      480047  4.16183099E-02  -8.7918882               1
      850000      490048  6.09122813E-02  -5.6828051               1
      850000      570056  1.99650265E-02  -15.060594               1
      850000      580057  2.36807559E-02  -15.254081               1
      850000      590058  2.37329695E-02  -14.414865               1
      850000      600059  3.22932899E-02  -23.483044               1
      850000      610060  6.61920458E-02  -14.922678               1
      850000      510050  2.66265739E-02  -24.137407               1
      850000      520051  9.14906859E-02  -11.458274               1
      850000      540053  5.57390414E-02  -7.6794033               1
      850000      550054  5.00073433E-02  -4.4071121               1
      850000      630062  2.28115562E-02  -15.290590               1
      850000      640063  2.52094921E-02  -15.435170               1
      850000      650064  2.48658825E-02  -15.820178               1
      850000      660065  4.37916555E-02  -24.911955               1
      850000      670066  6.77888468E-02  -8.6593590               1
      690000      230022  2.48501496E-03   31.880302               0
      690000      240023  8.28584074E-04   124.21453               0
      690000      240025  4.09917673E-03  -13.411906               1
      690000      250026  3.18196625E-03  -21.289280               1
      690000      260027  2.45334138E-03  -6.3903031               1
      690000      270028  2.88379914E-03   2.5995736               1
      690000      290028  1.80331047E-03  -23.622829               1
      690000      300029  8.44853406E-04  -31.190859               1
      690000      440045  5.37196826E-03  -17.498480               1
      690000      480049  2.36594118E-03  -3.9974720               1
      690000      570056  9.84866079E-03  -19.379688               0
      690000      580057  2.56449595E-04  -346.73615               0
      690000      580059  8.20497796E-03  -4.7167859               1
      690000      590060  1.40421055E-02  -18.532082               1
      690000      330034  8.68133735E-04  -124.47403               1
      690000      350034  1.60488219E-03   45.050476               0
      690000      350036  5.28450869E-03  -9.7678289               1
      690000      370038  2.22138991E-03   10.236865               1
      690000      400039  1.24324195E-03  -28.830584               1
      690000      530054  2.27082800E-03  -3.3316247               1
      690000      540055  2.05759867E-03  -5.6582241               1
      690000      630062  6.52175583E-03  -25.184778               0
      690000      630064  6.50174078E-03 -0.37760141               1
      690000      640065  9.81437508E-03  -8.7688704               1
      690000      650066  1.69022754E-02  -23.701836               1
      700000      230022  6.35505700E-03   9.9867220               0
      700000      240023  4.50680219E-03   20.392677               0
      700000      240025  2.93366308E-03  -19.974329               1
      700000      250026  1.29580917E-03  -40.606297               1
      700000      260027  1.41793478E-03   14.805536               1
      700000      270028  2.78321444E-03   13.437448               1
      700000      290028  4.46917675E-03  -27.191069               1
      700000      300029  2.16630474E-03  -32.204365               1
      700000      440045  5.46710938E-03  -21.406414               1
      700000      480049  3.82195297E-03  -7.5159144               1
      700000      570056  2.84949224E-02  -19.906231               0
      700000      580057  1.75643712E-02  -25.041586               0
      700000      580059  1.55569811E-03   70.201057               1
      700000      590060  1.81363393E-02  -18.971081               1
      700000      600061  3.58653516E-02  -18.082750               1
      700000      340033  2.30880058E-03   46.395206               0
      700000      350034  4.84524015E-03   11.959962               0
      700000      350036  4.35728347E-03  -12.598476               1
      700000      360037  2.74008792E-03  -21.627800               0
      700000      370038  1.56369049E-03   42.991482               1
      700000      400039  3.21142096E-03  -29.954029               1
      700000      420043  2.14032689E-03  -6.1289511               1
      700000      530054  3.53430328E-03  -6.0947218               1
      700000      540055  3.43014090E-03  -9.7905312               1
      700000      630062  2.70936061E-02  -21.326921               0
      700000      640063  5.19025931E-03  -48.488297               0
      700000      640065  8.29886645E-03  -3.6793311               1
      700000      650066  2.43707187E-02  -25.372284               1
      700000      660067  3.70729640E-02  -12.898379               0
      710000      230022  8.89905076E-03   4.9660521               0
      710000      240023  7.33068492E-03   9.3663712               0
      710000      240025  9.81706427E-04  -45.952858               1
      710000      270026  7.23799516E-04  -103.97272               0
      710000      270028  1.12061307E-03   81.073532               1
      710000      290028  8.70461296E-03  -26.010513               1
      710000      300029  4.64386819E-03  -28.010406               1
      710000      440045  2.17209780E-03  -31.224161               1
      710000      480049  4.96296166E-03  -8.9740515               1
      710000      570056  3.65954638E-02  -19.335266               1
      710000      590058  1.44579308E-02  -23.652824               0
      710000      590060  5.86503278E-03  -7.8148150               1
      710000      600061  3.32146324E-02  -17.581858               1
      710000      340033  4.92703542E-03   18.064373               0
      710000      350034  7.28411879E-03   5.0928321               0
      710000      350036  2.19316827E-03  -17.348724               1
      710000      360037  1.01781756E-04  -107.02788               0
      710000      380037  3.20495892E-04  -397.62988               0
      710000      390038  5.29996911E-03  -33.095783               1
      710000      400039  6.66814484E-03  -26.601616               1
      710000      410040  2.67776055E-03  -35.312458               1
      710000      630062  3.85227837E-02  -19.956364               1
      710000      640063  2.13295035E-02  -23.918179               0
      710000      650064  6.30032225E-03  -33.086826               0
      710000      650066  1.43290944E-02  -24.757116               1
      710000      660067  4.40868400E-02  -13.556703               0
      720000      230022  1.27111748E-02 -0.13324191               1
      720000      240023  1.21124769E-02  0.36458868               1
      720000      250024  3.99844162E-03  -1.6211495               1
      720000      260025  8.77291057E-03  -11.110226               1
      720000      270026  7.20451586E-03  -31.510771               1
      720000      280027  5.70637593E-03  -45.656933               0
      720000      290028  2.31546834E-02  -23.380194               1
      720000      300029  1.39061986E-02  -22.680214               1
      720000      310030  7.17186695E-03  -28.408951               1
      720000      450044  1.03222020E-02  -16.631876               0
      720000      480049  7.46591482E-03  -10.990534               1
      720000      570056  3.82835902E-02  -17.420492               1
      720000      580057  4.53895517E-02  -17.587997               1
      720000      590058  4.67473529E-02  -15.437772               1
      720000      600059  5.20040877E-02  -24.261179               0
      720000      340033  9.64391697E-03   3.1507604               1
      720000      350034  1.13849267E-02  -1.4190638               1
      720000      370036  7.56958453E-03  -18.844717               1
      720000      380037  6.63239835E-03  -42.325417               0
      720000      390038  1.61318146E-02  -27.014299               1
      720000      400039  1.91121548E-02  -22.079647               1
      720000      410040  9.86315869E-03  -25.021439               1
      720000      530054  4.47782688E-03  -7.4053450               1
      720000      540055  8.63619708E-03  -13.636594               1
      720000      630062  4.46737595E-02  -17.543734               1
      720000      640063  4.60522920E-02  -17.645079               1
      720000      650064  4.90854420E-02  -16.785515               0
      720000      660065  6.03042059E-02  -24.037750               0
      720000      660067  1.97614972E-02  -20.242815               0
      730000      230022  1.41775636E-02  -1.5092690               1
      730000      240023  1.42338350E-02  -1.9205045               1
      730000      250024  7.42905820E-03  -3.7261581               1
      730000      260025  1.39566781E-02  -11.060636               1
      730000      270026  1.27609689E-02  -24.329697               1
      730000      290028  3.87699790E-02  -18.602383               1
      730000      300029  2.47998070E-02  -16.644688               1
      730000      310030  1.43280020E-02  -19.157118               1
      730000      450044  2.03655139E-02  -16.879915               1
      730000      460045  3.44598964E-02  -22.441347               1
      730000      470046  3.08647901E-02  -17.914366               1
      730000      480047  2.07284815E-03  -32.679726               1
      730000      480049  9.55387205E-03  -11.124115               1
      730000      570056  3.11632399E-02  -16.018198               1
      730000      580057  3.92693579E-02  -15.804719               1
      730000      590058  4.61552739E-02  -13.358657               1
      730000      600059  7.83073455E-02  -21.349417               1
      730000      610060  0.20103709      -11.013234               1
      730000      340033  1.19663514E-02  8.14331025E-02           1
      730000      350034  1.31811183E-02  -3.1242933               1
      730000      360035  8.30845162E-03  -6.3140121               1
      730000      370036  1.37446998E-02  -16.725187               1
      730000      380037  1.27455527E-02  -28.691080               0
      730000      390038  2.76096128E-02  -21.586491               1
      730000      400039  3.32101472E-02  -16.475716               1
      730000      410040  1.87656991E-02  -17.723520               1
      730000      420041  7.88629148E-03  -21.964931               1
      730000      630062  3.68696898E-02  -16.036575               1
      730000      640063  4.32071052E-02  -15.518690               1
      730000      650064  5.56142591E-02  -14.319065               1
      730000      660065  0.13079621      -20.441885               1
      730000      670066  0.13486524      -3.5446646               1
      740000      230022  1.45765161E-02  -2.1166348               1
      740000      240023  1.49486344E-02  -2.8609092               1
      740000      250024  9.09904949E-03  -3.7135677               1
      740000      260025  1.66305117E-02  -10.666612               1
      740000      270026  1.60538703E-02  -21.518890               1
      740000      290028  5.04299998E-02  -15.896190               1
      740000      300029  3.37914452E-02  -13.417800               1
      740000      310030  2.10093055E-02  -14.686837               1
      740000      320031  1.29016431E-03  -34.794804               1
      740000      450044  2.46634614E-02  -17.147018               1
      740000      460045  5.38710915E-02  -16.988596               1
      740000      470046  5.81079163E-02  -11.956855               1
      740000      480047  1.01703657E-02  -10.078918               1
      740000      480049  1.09671559E-02  -12.120586               1
      740000      570056  2.68900469E-02  -15.805492               1
      740000      580057  3.36424522E-02  -15.665644               1
      740000      590058  3.85996252E-02  -13.692453               1
      740000      600059  6.60696924E-02  -21.886400               1
      740000      610060  0.22196545      -10.746247               1
      740000      340033  1.28241125E-02 -0.96732050               1
      740000      350034  1.37950638E-02  -3.8898005               1
      740000      360035  1.05798542E-02  -5.6184545               1
      740000      370036  1.71993617E-02  -15.530802               1
      740000      380037  1.66967455E-02  -23.973183               0
      740000      390038  3.59053575E-02  -18.751892               1
      740000      400039  4.42161635E-02  -13.448102               1
      740000      410040  2.66199689E-02  -14.011209               1
      740000      420041  1.19436989E-02  -16.218176               1
      740000      520051  7.37937987E-02  -13.099937               1
      740000      540053  1.11662585E-03   52.541996               1
      740000      540055  1.87194664E-02  -10.215862               1
      740000      630062  3.15841027E-02  -15.879777               1
      740000      640063  3.70967612E-02  -15.476410               1
      740000      650064  4.58988734E-02  -14.739033               1
      740000      660065  0.11245991      -21.247328               1
      740000      670066  0.33798394      -5.9786777               1
      750000      230022  1.47114964E-02  -2.5219424               1
      750000      240023  1.52429333E-02  -3.4598215               1
      750000      250024  1.00193927E-02  -3.8628089               1
      750000      260025  1.81038249E-02  -10.628946               1
      750000      270026  1.79851484E-02  -20.380020               1
      750000      280027  2.17244476E-02  -20.174059               1
      750000      290028  5.81137612E-02  -14.787598               1
      750000      300029  4.07156944E-02  -12.103628               1
      750000      310030  2.80531142E-02  -12.617109               1
      750000      320031  3.25957080E-03  -16.609316               1
      750000      450044  2.63389200E-02  -17.581869               1
      750000      460045  6.43174052E-02  -15.370568               1
      750000      470046  7.66207278E-02  -10.622602               1
      750000      480047  2.45761052E-02  -8.0225277               1
      750000      480049  6.35313755E-03  -17.306761               1
      750000      570056  2.44428329E-02  -15.633346               1
      750000      580057  3.01869158E-02  -15.606272               1
      750000      590058  3.33406813E-02  -14.087542               1
      750000      600059  5.38642555E-02  -22.687160               1
      750000      610060  0.16108778      -12.465649               1
      750000      340033  1.32274264E-02  -1.6138177               1
      750000      350034  1.40392212E-02  -4.3966060               1
      750000      360035  1.18515640E-02  -5.4995790               1
      750000      370036  1.91866811E-02  -15.147288               1
      750000      380037  1.91139225E-02  -22.043554               0
      750000      390038  4.12186682E-02  -17.607065               1
      750000      400039  5.18805422E-02  -12.214045               1
      750000      410040  3.36990170E-02  -12.451326               1
      750000      420041  1.69459004E-02  -13.221666               1
      750000      510050  2.76560318E-02  -24.137594               1
      750000      520051  9.24365222E-02  -11.626732               1
      750000      540053  1.44126927E-02  1.19187376E-02           1
      750000      540055  2.41358578E-02  -9.4198656               1
      750000      630062  2.84965709E-02  -15.763623               1
      750000      640063  3.30260620E-02  -15.550561               1
      750000      650064  3.83225232E-02  -15.310460               1
      750000      660065  8.58651847E-02  -22.798508               1
      750000      670066  0.24373020      -7.6620922               1
      760000      230022  1.45578161E-02  -2.9914560               1
      760000      240023  1.52165936E-02  -4.1675682               1
      760000      250024  1.08440677E-02  -4.1974320               1
      760000      260025  1.92825459E-02  -10.795732               1
      760000      270026  1.96658392E-02  -19.493717               1
      760000      280027  2.49767825E-02  -18.714428               1
      760000      290028  6.55656457E-02  -14.125607               1
      760000      300029  5.30036502E-02  -11.174495               1
      760000      310030  5.80271855E-02  -9.7815771               1
      760000      320031  2.43517179E-02  -6.6069331               1
      760000      450044  2.59600338E-02  -18.291481               1
      760000      460045  6.75899237E-02  -14.753780               1
      760000      470046  8.36096257E-02  -10.538722               1
      760000      480047  6.01360500E-02  -8.1545897               1
      760000      490048  0.15894538      -5.7767653               1
      760000      570056  2.15844326E-02  -15.255716               1
      760000      580057  2.60033887E-02  -15.369672               1
      760000      590058  2.69596521E-02  -14.318120               1
      760000      600059  3.88686694E-02  -23.281786               1
      760000      610060  8.85775611E-02  -14.324255               1
      760000      340033  1.34016704E-02  -2.3747911               1
      760000      350034  1.39662288E-02  -5.0069761               1
      760000      360035  1.30138807E-02  -5.6180029               1
      760000      370036  2.09497586E-02  -15.025090               1
      760000      380037  2.13552862E-02  -20.454662               1
      760000      390038  4.59501185E-02  -16.936724               1
      760000      400039  6.11374862E-02  -11.400584               1
      760000      410040  5.40728830E-02  -10.917229               1
      760000      420041  4.72958051E-02  -8.4479532               1
      760000      430042  6.04636269E-03  -2.0254858               1
      760000      510050  2.80305874E-02  -23.980789               1
      760000      520051  9.93004292E-02  -11.334102               1
      760000      540053  0.11341723      -5.8805127               1
      760000      550054  4.08418290E-02  -1.2809160               0
      760000      630062  2.48561446E-02  -15.450761               1
      760000      640063  2.79517695E-02  -15.470453               1
      760000      650064  2.91707348E-02  -15.684881               1
      760000      660065  5.52916490E-02  -24.352446               1
      760000      670066  9.84345749E-02  -8.5311899               1
