         930
       10002       40003  0.766687930      -6.30855793E-05           1
       10002       50004  0.192318246       9.07646399E-03           1
       10002       60005   7.57003874E-02   3.21594998E-02           1
       10002       70006   3.71912904E-02   7.59728774E-02           1
       10002       80007   2.09207311E-02  0.151462063               1
       10002       90008   1.28929615E-02  0.257080197               1
       10002      100009   8.50625616E-03  0.359232068               1
       10002      110010   5.89020597E-03  0.384022087               1
       10002      120011   4.25930927E-03  0.241982743               1
       10002      130012   3.17904400E-03 -0.138947308               1
       10002      140013   2.44055875E-03 -0.779287517               1
       10002      150014   1.91251608E-03  -1.59217155               1
       10002      160015   1.52503815E-03  -2.37469864               1
       10002      170016   1.23773632E-03  -2.95048809               1
       10002      180017   1.01974781E-03  -3.22006464               1
       10002      190018   8.53499165E-04  -3.17719555               1
       10002      200019   7.20200653E-04  -2.86267877               1
       10002      210020   6.13581447E-04  -2.36511326               1
       10002      220021   5.27597498E-04  -1.82926083               1
       10002      230022   4.54745285E-04  -1.40166628               1
       10002      240023   3.95477487E-04  -1.12469506               1
       10002      250024   3.46079498E-04 -0.967696726               1
       10002      260025   3.01955908E-04 -0.869616747               1
       10002      270026   2.65359442E-04 -0.792643964               1
       10002      280027   2.33185507E-04 -0.727261424               1
       10002      290028   2.05325618E-04 -0.675659418               1
       10002      300029   1.81727955E-04 -0.638981879               1
       10002      310030   1.59661417E-04 -0.618210495               1
       10002      320031   1.38338088E-04 -0.611172199               1
       10002      330032   1.21591016E-04 -0.607142925               1
       20003       50004  0.774331987       5.37272252E-04           1
       20003       60005  0.193496555       1.25314333E-02           1
       20003       70006   7.64276907E-02   4.38700765E-02           1
       20003       80007   3.77513021E-02  0.107062660               1
       20003       90008   2.13429052E-02  0.203335419               1
       20003      100009   1.32389739E-02  0.302941799               1
       20003      110010   8.74967687E-03  0.334884167               1
       20003      120011   6.09933166E-03  0.208977476               1
       20003      130012   4.42142040E-03 -0.152739465               1
       20003      140013   3.31512070E-03 -0.780696929               1
       20003      150014   2.54878006E-03  -1.59325981               1
       20003      160015   2.00101803E-03  -2.38405991               1
       20003      170016   1.60343084E-03  -2.97319651               1
       20003      180017   1.30720763E-03  -3.25881791               1
       20003      190018   1.08460430E-03  -3.23252177               1
       20003      200019   9.08622867E-04  -2.93245173               1
       20003      210020   7.69484730E-04  -2.44500732               1
       20003      220021   6.58380450E-04  -1.91564250               1
       20003      230022   5.65163908E-04  -1.49260247               1
       20003      240023   4.89873753E-04  -1.21930194               1
       20003      250024   4.27541119E-04  -1.06553757               1
       20003      260025   3.72242212E-04 -0.970431566               1
       20003      270026   3.26591951E-04 -0.896237075               1
       20003      280027   2.86642346E-04 -0.833493531               1
       20003      290028   2.52177764E-04 -0.784430623               1
       20003      300029   2.23075738E-04 -0.750215888               1
       20003      310030   1.95942383E-04 -0.731834710               1
       20003      320031   1.69781037E-04 -0.727151275               1
       20003      330032   1.49274289E-04 -0.725477040               1
       30004       20001  0.766720593      -1.47584346E-04           1
       30004       60005  0.779040515       2.79410422E-04           1
       30004       70006  0.195425361       1.83923282E-02           1
       30004       80007   7.75920972E-02   6.73855543E-02           1
       30004       90008   3.84928398E-02  0.152408823               1
       30004      100009   2.18962263E-02  0.248538122               1
       30004      110010   1.36018088E-02  0.288526654               1
       30004      120011   9.04475059E-03  0.182003021               1
       30004      130012   6.31811377E-03 -0.155504525               1
       30004      140013   4.59806016E-03 -0.766531706               1
       30004      150014   3.45106889E-03  -1.57639658               1
       30004      160015   2.65661650E-03  -2.37493992               1
       30004      170016   2.09451932E-03  -2.97824979               1
       30004      180017   1.68475159E-03  -3.28177762               1
       30004      190018   1.38220913E-03  -3.27455258               1
       30004      200019   1.14701735E-03  -2.99134588               1
       30004      210020   9.63614671E-04  -2.51552367               1
       30004      220021   8.18883127E-04  -1.99319065               1
       30004      230022   6.98890130E-04  -1.57469404               1
       30004      240023   6.02810935E-04  -1.30478597               1
       30004      250024   5.23918075E-04  -1.15385342               1
       30004      260025   4.54540947E-04  -1.06123960               1
       30004      270026   3.97603202E-04 -0.989271879               1
       30004      280027   3.48078349E-04 -0.928545356               1
       30004      290028   3.05563182E-04 -0.881332755               1
       30004      300029   2.69804703E-04 -0.848841131               1
       30004      310030   2.36625347E-04 -0.832084477               1
       30004      320031   2.04771393E-04 -0.828971982               1
       30004      330032   1.79848183E-04 -0.828853488               1
       40005       20001  0.192383766       8.73511098E-03           1
       40005       30002  0.774374187       4.99280170E-04           1
       40005       70006  0.777125239       1.11547683E-03           1
       40005       80007  0.195655182       3.25761102E-02           1
       40005       90008   7.78577849E-02  0.102326319               1
       40005      100009   3.88128906E-02  0.192404643               1
       40005      110010   2.20888071E-02  0.240354076               1
       40005      120011   1.37897106E-02  0.155826911               1
       40005      130012   9.18065291E-03 -0.152870387               1
       40005      140013   6.43116888E-03 -0.742902637               1
       40005      150014   4.68115229E-03  -1.54863846               1
       40005      160015   3.51439673E-03  -2.35579515               1
       40005      170016   2.71407398E-03  -2.97588825               1
       40005      180017   2.14580586E-03  -3.30129695               1
       40005      190018   1.73510914E-03  -3.31799293               1
       40005      200019   1.42222317E-03  -3.05645037               1
       40005      210020   1.18226011E-03  -2.59592271               1
       40005      220021   9.95572307E-04  -2.08310080               1
       40005      230022   8.43016198E-04  -1.67093861               1
       40005      240023   7.22148921E-04  -1.40589464               1
       40005      250024   6.23900152E-04  -1.25911236               1
       40005      260025   5.38460212E-04  -1.17020929               1
       40005      270026   4.68851853E-04  -1.10159481               1
       40005      280027   4.08782100E-04  -1.04393399               1
       40005      290028   3.57543613E-04 -0.999558508               1
       40005      300029   3.14665667E-04 -0.969739616               1
       40005      310030   2.75154802E-04 -0.955545783               1
       40005      320031   2.37471555E-04 -0.954970479               1
       40005      330032   2.08042780E-04 -0.957444787               1
       50006       20001   7.57903978E-02   3.14428881E-02           1
       50006       30002  0.193557471       1.23917665E-02           1
       50006       40003  0.779078603       2.58615415E-04           1
       50006       80007  0.777398229       9.30042472E-03           1
       50006       90008  0.195795536       5.85468672E-02           1
       50006      100009   7.82154873E-02  0.138691634               1
       50006      110010   3.89833413E-02  0.194187090               1
       50006      120011   2.22736150E-02  0.134414122               1
       50006      130012   1.39126368E-02 -0.140932307               1
       50006      140013   9.27998591E-03 -0.706315041               1
       50006      150014   6.49823342E-03  -1.50705099               1
       50006      160015   4.72807093E-03  -2.32410932               1
       50006      170016   3.55864572E-03  -2.96373916               1
       50006      180017   2.75423331E-03  -3.31482387               1
       50006      190018   2.18766439E-03  -3.35979748               1
       50006      200019   1.76625245E-03  -3.12400055               1
       50006      210020   1.44937623E-03  -2.68165755               1
       50006      220021   1.20696716E-03  -2.18009877               1
       50006      230022   1.01218896E-03  -1.77539706               1
       50006      240023   8.59778374E-04  -1.51607192               1
       50006      250024   7.37345137E-04  -1.37418425               1
       50006      260025   6.32247946E-04  -1.28968012               1
       50006      270026   5.47359930E-04  -1.22506130               1
       50006      280027   4.74781787E-04  -1.17106855               1
       50006      290028   4.13340778E-04  -1.13009930               1
       50006      300029   3.62231949E-04  -1.10350037               1
       50006      310030   3.15526995E-04  -1.09240735               1
       50006      320031   2.71340250E-04  -1.09491909               1
       50006      330032   2.36906359E-04  -1.10057151               1
       60007       20001   3.72930765E-02   7.50818178E-02           1
       60007       30002   7.64977410E-02   4.36681360E-02           1
       60007       40003  0.195471793       1.83252301E-02           1
       60007       50004  0.777150691       1.09937612E-03           1
       60007       90008  0.775849402       2.55180877E-02           1
       60007      100009  0.196200281       9.02352631E-02           1
       60007      110010   7.83888549E-02  0.152959496               1
       60007      120011   3.92118320E-02  0.122274049               1
       60007      130012   2.24172175E-02 -0.113782212               1
       60007      140013   1.40225170E-02 -0.650611699               1
       60007      150014   9.34912637E-03  -1.44587672               1
       60007      160015   6.54239021E-03  -2.27452087               1
       60007      170016   4.77092667E-03  -2.93667364               1
       60007      180017   3.59783741E-03  -3.31731606               1
       60007      190018   2.79669533E-03  -3.39488196               1
       60007      200019   2.21736799E-03  -3.18872619               1
       60007      210020   1.79173937E-03  -2.76713443               1
       60007      220021   1.47248036E-03  -2.27818561               1
       60007      230022   1.22085866E-03  -1.88163483               1
       60007      240023   1.02678372E-03  -1.62844074               1
       60007      250024   8.72974575E-04  -1.49176097               1
       60007      260025   7.42861419E-04  -1.41193235               1
       60007      270026   6.38799800E-04  -1.35156322               1
       60007      280027   5.50759665E-04  -1.30147278               1
       60007      290028   4.76868590E-04  -1.26412559               1
       60007      300029   4.15822695E-04  -1.24094915               1
       60007      310030   3.60559381E-04  -1.23315418               1
       60007      320031   3.08752438E-04  -1.23895442               1
       60007      330032   2.68481526E-04  -1.24800336               1
       70008       20001   2.10255142E-02  0.151187733               1
       70008       30002   3.78236771E-02  0.107149333               1
       70008       40003   7.76410103E-02   6.73376098E-02           1
       70008       50004  0.195684344       3.25098187E-02           1
       70008       60005  0.777412713       9.27769020E-03           1
       70008      100009  0.773524046       5.06642163E-02           1
       70008      110010  0.195801243      0.119342387               1
       70008      120011   7.84966797E-02  0.125000969               1
       70008      130012   3.93023863E-02  -6.19315468E-02           1
       70008      140013   2.24943720E-02 -0.564749360               1
       70008      150014   1.40670864E-02  -1.35462487               1
       70008      160015   9.37211048E-03  -2.19750643               1
       70008      170016   6.57242723E-03  -2.88597846               1
       70008      180017   4.80167661E-03  -3.30074120               1
       70008      190018   3.63627914E-03  -3.41583371               1
       70008      200019   2.82102800E-03  -3.24369645               1
       70008      210020   2.23818026E-03  -2.84562683               1
       70008      220021   1.81094033E-03  -2.37059617               1
       70008      230022   1.48157461E-03  -1.98270810               1
       70008      240023   1.23172998E-03  -1.73581541               1
       70008      250024   1.03675155E-03  -1.60439396               1
       70008      260025   8.74485995E-04  -1.52925181               1
       70008      270026   7.46158650E-04  -1.47312772               1
       70008      280027   6.38861791E-04  -1.42692232               1
       70008      290028   5.49677934E-04  -1.39316714               1
       70008      300029   4.76566958E-04  -1.37337458               1
       70008      310030   4.11068962E-04  -1.36883712               1
       70008      320031   3.50289571E-04  -1.37788916               1
       70008      330032   3.03184177E-04  -1.39030814               1
       80009       20001   1.29957199E-02  0.259306312               1
       80009       30002   2.14136075E-02  0.204805389               1
       80009       40003   3.85406166E-02  0.152828604               1
       80009       50004   7.78871775E-02  0.102279566               1
       80009       60005  0.195811555       5.84493987E-02           1
       80009       70006  0.775857151       2.54868902E-02           1
       80009      110010  0.774107575       8.04695338E-02           1
       80009      120011  0.196251839      0.132987663               1
       80009      130012   7.87133351E-02   1.24009112E-02           1
       80009      140013   3.94110717E-02 -0.446615279               1
       80009      150014   2.25450154E-02  -1.23180580               1
       80009      160015   1.40825957E-02  -2.09388471               1
       80009      170016   9.39856842E-03  -2.81463599               1
       80009      180017   6.60125818E-03  -3.26986718               1
       80009      190018   4.84160474E-03  -3.42898607               1
       80009      200019   3.65835428E-03  -3.29652262               1
       80009      210020   2.83941301E-03  -2.92551565               1
       80009      220021   2.25524371E-03  -2.46602774               1
       80009      230022   1.81628251E-03  -2.08736992               1
       80009      240023   1.48972496E-03  -1.84687829               1
       80009      250024   1.23936636E-03  -1.72064352               1
       80009      260025   1.03480706E-03  -1.65006185               1
       80009      270026   8.75097874E-04  -1.59804213               1
       80009      280027   7.43320328E-04  -1.55557680               1
       80009      290028   6.34979282E-04  -1.52526569               1
       80009      300029   5.46941068E-04  -1.50871027               1
       80009      310030   4.68973565E-04  -1.50729024               1
       80009      320031   3.97429743E-04  -1.51946294               1
       80009      330032   3.42177373E-04  -1.53513432               1
       90010       20001   8.60433187E-03  0.367663503               1
       90010       30002   1.33058028E-02  0.308477223               1
       90010       40003   2.19407324E-02  0.251043051               1
       90010       50004   3.88403013E-02  0.193128809               1
       90010       60005   7.82308057E-02  0.138741642               1
       90010       70006  0.196208268       9.01846141E-02           1
       90010       80007  0.773527563       5.06538525E-02           1
       90010      120011  0.775256217      0.108591683               1
       90010      130012  0.196805671       8.30487534E-02           1
       90010      140013   7.88732618E-02 -0.313897133               1
       90010      150014   3.94772664E-02  -1.09477782               1
       90010      160015   2.25523021E-02  -1.98500085               1
       90010      170016   1.41077526E-02  -2.74815702               1
       90010      180017   9.42863338E-03  -3.25336862               1
       90010      190018   6.64694747E-03  -3.46545219               1
       90010      200019   4.86339955E-03  -3.38026166               1
       90010      210020   3.67587362E-03  -3.04120803               1
       90010      220021   2.85573048E-03  -2.59972310               1
       90010      230022   2.25753174E-03  -2.23138666               1
       90010      240023   1.82257523E-03  -1.99776518               1
       90010      250024   1.49589370E-03  -1.87694883               1
       90010      260025   1.23444805E-03  -1.81108308               1
       90010      270026   1.03331311E-03  -1.76330853               1
       90010      280027   8.69807205E-04  -1.72473335               1
       90010      290028   7.37024471E-04  -1.69803309               1
       90010      300029   6.30192284E-04  -1.68490314               1
       90010      310030   5.36767475E-04  -1.68681383               1
       90010      320031   4.52082546E-04  -1.70234966               1
       90010      330032   3.86955333E-04  -1.72155643               1
      100011       20001   5.98267000E-03  0.404384047               1
      100011       30002   8.81216023E-03  0.349597335               1
      100011       40003   1.36428420E-02  0.297107518               1
      100011       50004   2.21141707E-02  0.244540051               1
      100011       60005   3.89980637E-02  0.195934907               1
      100011       70006   7.83973932E-02  0.153630659               1
      100011       80007  0.195806175      0.119609676               1
      100011       90008  0.774110556       8.05511028E-02           1
      100011      130012  0.774842620      0.113469824               1
      100011      140013  0.196293786     -0.186340451               1
      100011      150014   7.86622465E-02 -0.960865259               1
      100011      160015   3.93112674E-02  -1.89477885               1
      100011      170016   2.24854536E-02  -2.71927261               1
      100011      180017   1.40847368E-02  -3.29112244               1
      100011      190018   9.44674294E-03  -3.57028413               1
      100011      200019   6.64279237E-03  -3.54378033               1
      100011      210020   4.86112107E-03  -3.24427652               1
      100011      220021   3.67717352E-03  -2.82512403               1
      100011      230022   2.84315809E-03  -2.46956658               1
      100011      240023   2.25287979E-03  -2.24439263               1
      100011      250024   1.82001712E-03  -2.13021469               1
      100011      260025   1.48164970E-03  -2.07016373               1
      100011      270026   1.22572971E-03  -2.02770877               1
      100011      280027   1.02115865E-03  -1.99412370               1
      100011      290028   8.57322419E-04  -1.97218287               1
      100011      300029   7.26985338E-04  -1.96368599               1
      100011      310030   6.14577380E-04  -1.97019327               1
      100011      320031   5.14041574E-04  -1.99043524               1
      100011      330032   4.37107665E-04  -2.01463413               1
      110012       20001   4.34569316E-03  0.279176265               1
      110012       30002   6.15678029E-03  0.239000142               1
      110012       40003   9.08127334E-03  0.202845365               1
      110012       50004   1.38115212E-02  0.168825969               1
      110012       60005   2.22857576E-02  0.141959071               1
      110012       70006   3.92185599E-02  0.126454890               1
      110012       80007   7.85003901E-02  0.127207950               1
      110012       90008  0.196254119      0.133969232               1
      110012      100009  0.775258124      0.108847335               1
      110012      140013  0.776965141      -1.81248281E-02           1
      110012      150014  0.196850657     -0.774460733               1
      110012      160015   7.87303895E-02  -1.77808344               1
      110012      170016   3.93772088E-02  -2.70010543               1
      110012      180017   2.25488860E-02  -3.37147856               1
      110012      190018   1.41708516E-02  -3.74397326               1
      110012      200019   9.47821606E-03  -3.79596400               1
      110012      210020   6.66476134E-03  -3.54912090               1
      110012      220021   4.88047581E-03  -3.16015244               1
      110012      230022   3.67419282E-03  -2.82207251               1
      110012      240023   2.84741144E-03  -2.60836864               1
      110012      250024   2.25790963E-03  -2.50299644               1
      110012      260025   1.80935347E-03  -2.45049810               1
      110012      270026   1.47674512E-03  -2.41488862               1
      110012      280027   1.21590809E-03  -2.38773537               1
      110012      290028   1.01028394E-03  -2.37198305               1
      110012      300029   8.48790631E-04  -2.36957312               1
      110012      310030   7.11613568E-04  -2.38216853               1
      110012      320031   5.90694661E-04  -2.40867281               1
      110012      330032   4.98705078E-04  -2.43952870               1
      120013       20001   3.25931702E-03  -8.48962739E-02           1
      120013       30002   4.47391300E-03 -0.103632137               1
      120013       40003   6.35027094E-03 -0.116361424               1
      120013       50004   9.19899531E-03 -0.124180615               1
      120013       60005   1.39222117E-02 -0.120968953               1
      120013       70006   2.24221088E-02 -0.100461558               1
      120013       80007   3.93049344E-02  -5.35072945E-02           1
      120013       90008   7.87150562E-02   1.71250310E-02           1
      120013      100009  0.196807578       8.50706771E-02           1
      120013      110010  0.774842799      0.113941193               1
      120013      150014  0.776654601     -0.357321411               1
      120013      160015  0.196386278      -1.45449448               1
      120013      170016   7.86081329E-02  -2.53343773               1
      120013      180017   3.93716618E-02  -3.36505127               1
      120013      190018   2.26211585E-02  -3.88102198               1
      120013      200019   1.41776046E-02  -4.04863501               1
      120013      210020   9.48281586E-03  -3.87938809               1
      120013      220021   6.67253323E-03  -3.53663015               1
      120013      230022   4.86340327E-03  -3.22650337               1
      120013      240023   3.66993248E-03  -3.03142905               1
      120013      250024   2.84661306E-03  -2.93997598               1
      120013      260025   2.23926362E-03  -2.89884377               1
      120013      270026   1.79919484E-03  -2.87303209               1
      120013      280027   1.46154477E-03  -2.85470080               1
      120013      290028   1.20012346E-03  -2.84716034               1
      120013      300029   9.97799332E-04  -2.85262227               1
      120013      310030   8.28797172E-04  -2.87293291               1
      120013      320031   6.82173355E-04  -2.90724778               1
      120013      330032   5.71397657E-04  -2.94631147               1
      130014       20001   2.51510506E-03 -0.718402445               1
      130014       30002   3.36290640E-03 -0.716468394               1
      130014       40003   4.62595606E-03 -0.708163917               1
      130014       50004   6.44588144E-03 -0.694079340               1
      130014       60005   9.28651728E-03 -0.667440593               1
      130014       70006   1.40247997E-02 -0.620992601               1
      130014       80007   2.24947296E-02 -0.543375790               1
      130014       90008   3.94110195E-02 -0.432582110               1
      130014      100009   7.88737535E-02 -0.306163520               1
      130014      110010  0.196293056     -0.183247432               1
      130014      120011  0.776965022      -1.74820106E-02           1
      130014      160015  0.779254913     -0.620971918               1
      130014      170016  0.196966037      -1.90885484               1
      130014      180017   7.89298341E-02  -2.99047923               1
      130014      190018   3.96499708E-02  -3.73529339               1
      130014      200019   2.27126069E-02  -4.08512163               1
      130014      210020   1.42318532E-02  -4.03903580               1
      130014      220021   9.52367112E-03  -3.77274823               1
      130014      230022   6.66992459E-03  -3.51122189               1
      130014      240023   4.87256050E-03  -3.34933925               1
      130014      250024   3.68042360E-03  -3.28219485               1
      130014      260025   2.83217500E-03  -3.25982356               1
      130014      270026   2.23409617E-03  -3.24897242               1
      130014      280027   1.78667088E-03  -3.24295855               1
      130014      290028   1.44740008E-03  -3.24587059               1
      130014      300029   1.18924060E-03  -3.26048923               1
      130014      310030   9.77584627E-04  -3.28906822               1
      130014      320031   7.97134242E-04  -3.33119345               1
      130014      330032   6.61912316E-04  -3.37804174               1
      140015       20001   1.98141509E-03  -1.54794276               1
      140015       30002   2.59205350E-03  -1.53045702               1
      140015       40003   3.47503042E-03  -1.50875056               1
      140015       50004   4.69258567E-03  -1.48360491               1
      140015       60005   6.50206814E-03  -1.44831574               1
      140015       70006   9.34916269E-03  -1.39562786               1
      140015       80007   1.40656810E-02  -1.31413364               1
      140015       90008   2.25437395E-02  -1.20181894               1
      140015      100009   3.94770615E-02  -1.07533145               1
      140015      110010   7.86615685E-02 -0.950696230               1
      140015      120011  0.196851045     -0.770768821               1
      140015      130012  0.776654780     -0.356632411               1
      140015      170016  0.775246143     -0.687522948               1
      140015      180017  0.196437150      -2.05415416               1
      140015      190018   7.90020749E-02  -3.11522508               1
      140015      200019   3.95853445E-02  -3.72989345               1
      140015      210020   2.26784665E-02  -3.86568356               1
      140015      220021   1.42205246E-02  -3.71404433               1
      140015      230022   9.47483629E-03  -3.52668309               1
      140015      240023   6.65209536E-03  -3.41601610               1
      140015      250024   4.86581307E-03  -3.38613319               1
      140015      260025   3.64711997E-03  -3.39171696               1
      140015      270026   2.81500444E-03  -3.40205789               1
      140015      280027   2.21045199E-03  -3.41223478               1
      140015      290028   1.76294742E-03  -3.42758870               1
      140015      300029   1.42904406E-03  -3.45184231               1
      140015      310030   1.16094097E-03  -3.48797035               1
      140015      320031   9.36741242E-04  -3.53623223               1
      140015      330032   7.70344050E-04  -3.58840442               1
      150016       20001   1.58849196E-03  -2.38445258               1
      150016       30002   2.04000599E-03  -2.35396910               1
      150016       40003   2.67692492E-03  -2.32279849               1
      150016       50004   3.52279306E-03  -2.29236388               1
      150016       60005   4.72937478E-03  -2.25657678               1
      150016       70006   6.54027425E-03  -2.20875907               1
      150016       80007   9.36898217E-03  -2.13828158               1
      150016       90008   1.40800979E-02  -2.04501820               1
      150016      100009   2.25514136E-02  -1.94911265               1
      150016      110010   3.93107273E-02  -1.87251210               1
      150016      120011   7.87314698E-02  -1.76740706               1
      150016      130012  0.196387708      -1.45101058               1
      150016      140013  0.779257655     -0.620404482               1
      150016      180017  0.772904038     -0.691122293               1
      150016      190018  0.196469262      -2.05330038               1
      150016      200019   7.87962079E-02  -2.98542094               1
      150016      210020   3.94816175E-02  -3.35101175               1
      150016      220021   2.26315372E-02  -3.34376121               1
      150016      230022   1.41308857E-02  -3.24736977               1
      150016      240023   9.43803322E-03  -3.19777155               1
      150016      250024   6.63598115E-03  -3.21120501               1
      150016      260025   4.81740432E-03  -3.24829626               1
      150016      270026   3.62234446E-03  -3.28141212               1
      150016      280027   2.78337626E-03  -3.30767870               1
      150016      290028   2.17962591E-03  -3.33390117               1
      150016      300029   1.73937110E-03  -3.36494565               1
      150016      310030   1.39413460E-03  -3.40472722               1
      150016      320031   1.11161219E-03  -3.45431376               1
      150016      330032   9.04309039E-04  -3.50615120               1
      160017       20001   1.29634119E-03  -3.05400109               1
      160017       30002   1.63862237E-03  -3.01320195               1
      160017       40003   2.11159396E-03  -2.97538447               1
      160017       50004   2.71970220E-03  -2.94280553               1
      160017       60005   3.55749973E-03  -2.91030359               1
      160017       70006   4.76653455E-03  -2.87213707               1
      160017       80007   6.56722533E-03  -2.81878805               1
      160017       90008   9.39425826E-03  -2.75231194               1
      160017      100009   1.41053572E-02  -2.69696856               1
      160017      110010   2.24840399E-02  -2.68320918               1
      160017      120011   3.93778123E-02  -2.67958665               1
      160017      130012   7.86095709E-02  -2.52469230               1
      160017      140013  0.196969151      -1.90641987               1
      160017      150014  0.775248766     -0.687202990               1
      160017      190018  0.774875343     -0.686232030               1
      160017      200019  0.196376026      -1.90490341               1
      160017      210020   7.87463337E-02  -2.52268744               1
      160017      220021   3.94704044E-02  -2.67880630               1
      160017      230022   2.25317962E-02  -2.68272352               1
      160017      240023   1.41020333E-02  -2.69721413               1
      160017      250024   9.43442807E-03  -2.75404453               1
      160017      260025   6.58441149E-03  -2.82134795               1
      160017      270026   4.79623489E-03  -2.87507749               1
      160017      280027   3.59072816E-03  -2.91445947               1
      160017      290028   2.75158137E-03  -2.94771194               1
      160017      300029   2.15603271E-03  -2.98082733               1
      160017      310030   1.70147931E-03  -3.01873112               1
      160017      320031   1.33847946E-03  -3.06331635               1
      160017      330032   1.07572577E-03  -3.10767579               1
      170018       20001   1.07414357E-03  -3.44475818               1
      170018       30002   1.33919122E-03  -3.39870429               1
      170018       40003   1.69917394E-03  -3.35870838               1
      170018       50004   2.14917841E-03  -3.32793736               1
      170018       60005   2.75105075E-03  -3.30228138               1
      170018       70006   3.59146879E-03  -3.27710676               1
      170018       80007   4.79456130E-03  -3.24419379               1
      170018       90008   6.59512868E-03  -3.20777035               1
      170018      100009   9.42454394E-03  -3.19567370               1
      170018      110010   1.40820770E-02  -3.24576735               1
      170018      120011   2.25484744E-02  -3.34254003               1
      170018      130012   3.93724628E-02  -3.35089850               1
      170018      140013   7.89325535E-02  -2.98570347               1
      170018      150014  0.196439683      -2.05330729               1
      170018      160015  0.772905171     -0.691131592               1
      170018      200019  0.774505913     -0.619718611               1
      170018      210020  0.196271881      -1.44908547               1
      170018      220021   7.87233859E-02  -1.76645935               1
      170018      230022   3.93072888E-02  -1.87146938               1
      170018      240023   2.24916767E-02  -1.94873250               1
      170018      250024   1.41042350E-02  -2.04602313               1
      170018      260025   9.36817192E-03  -2.14003706               1
      170018      270026   6.56225346E-03  -2.21086240               1
      170018      280027   4.76009306E-03  -2.25983977               1
      170018      290028   3.55413975E-03  -2.29639244               1
      170018      300029   2.72530597E-03  -2.32743597               1
      170018      310030   2.11211783E-03  -2.35881352               1
      170018      320031   1.63589732E-03  -2.39315844               1
      170018      330032   1.29676121E-03  -2.42415023               1
      180019       20001   9.04721266E-04  -3.52913475               1
      180019       30002   1.11431361E-03  -3.48427248               1
      180019       40003   1.39486464E-03  -3.44766426               1
      180019       50004   1.73702254E-03  -3.42340279               1
      180019       60005   2.18313211E-03  -3.40841341               1
      180019       70006   2.78891111E-03  -3.39915609               1
      180019       80007   3.62764322E-03  -3.38874984               1
      180019       90008   4.83383331E-03  -3.38354278               1
      180019      100009   6.64108200E-03  -3.41445780               1
      180019      110010   9.44243744E-03  -3.52519464               1
      180019      120011   1.41686965E-02  -3.71281886               1
      180019      130012   2.26202514E-02  -3.86520338               1
      180019      140013   3.96508612E-02  -3.73043227               1
      180019      150014   7.90028349E-02  -3.11530566               1
      180019      160015  0.196468651      -2.05421305               1
      180019      170016  0.774873912     -0.686564028               1
      180019      210020  0.776786804     -0.355816692               1
      180019      220021  0.196856886     -0.770921707               1
      180019      230022   7.86788166E-02 -0.950565338               1
      180019      240023   3.93713340E-02  -1.07577717               1
      180019      250024   2.25768518E-02  -1.20353389               1
      180019      260025   1.40582630E-02  -1.31647408               1
      180019      270026   9.37438663E-03  -1.39822137               1
      180019      280027   6.54013548E-03  -1.45195448               1
      180019      290028   4.73146094E-03  -1.48793781               1
      180019      300029   3.53516336E-03  -1.51362419               1
      180019      310030   2.68165930E-03  -1.53547299               1
      180019      320031   2.03976268E-03  -1.55661905               1
      180019      330032   1.59153028E-03  -1.57119322               1
      190020       20001   7.68577622E-04  -3.32586598               1
      190020       30002   9.36478144E-04  -3.28719831               1
      190020       40003   1.15846237E-03  -3.25799227               1
      190020       50004   1.42333796E-03  -3.24315476               1
      190020       60005   1.76113076E-03  -3.24046373               1
      190020       70006   2.20903498E-03  -3.24725509               1
      190020       80007   2.81183491E-03  -3.25778413               1
      190020       90008   3.64999264E-03  -3.28022575               1
      190020      100009   4.85689845E-03  -3.34807110               1
      190020      110010   6.63804123E-03  -3.50957441               1
      190020      120011   9.47560370E-03  -3.77118993               1
      190020      130012   1.41763613E-02  -4.03784466               1
      190020      140013   2.27130968E-02  -4.08545399               1
      190020      150014   3.95858400E-02  -3.73510003               1
      190020      160015   7.87954926E-02  -2.99036336               1
      190020      170016  0.196374446      -1.90739512               1
      190020      180017  0.774503767     -0.620296419               1
      190020      220021  0.777133822      -1.74683072E-02           1
      190020      230022  0.196349189     -0.182877392               1
      190020      240023   7.86231086E-02 -0.306191325               1
      190020      250024   3.94355357E-02 -0.433720052               1
      190020      260025   2.24580690E-02 -0.544939995               1
      190020      270026   1.40428403E-02 -0.622614205               1
      190020      280027   9.32775531E-03 -0.669927299               1
      190020      290028   6.49019983E-03 -0.697077513               1
      190020      300029   4.69842879E-03 -0.711438835               1
      190020      310030   3.47336871E-03 -0.719591677               1
      190020      320031   2.58581829E-03 -0.724705040               1
      190020      330032   1.98059948E-03 -0.721011281               1
      200021       20001   6.59716432E-04  -2.90477681               1
      200021       30002   7.96094420E-04  -2.87434912               1
      200021       40003   9.74507246E-04  -2.85359430               1
      200021       50004   1.18326326E-03  -2.84799576               1
      200021       60005   1.44437863E-03  -2.85586500               1
      200021       70006   1.78359973E-03  -2.87504005               1
      200021       80007   2.22918368E-03  -2.90046716               1
      200021       90008   2.83120666E-03  -2.94151330               1
      200021      100009   3.66945751E-03  -3.03344154               1
      200021      110010   4.85657156E-03  -3.22776103               1
      200021      120011   6.66228402E-03  -3.53769898               1
      200021      130012   9.48175136E-03  -3.88026237               1
      200021      140013   1.42323738E-02  -4.05090523               1
      200021      150014   2.26790439E-02  -3.88205624               1
      200021      160015   3.94810662E-02  -3.36541152               1
      200021      170016   7.87447914E-02  -2.53151226               1
      200021      180017  0.196269527      -1.45258498               1
      200021      190018  0.776785731     -0.356505841               1
      200021      230022  0.775629222      0.114087678               1
      200021      240023  0.196285397       8.45907032E-02           1
      200021      250024   7.88010955E-02   1.53656267E-02           1
      200021      260025   3.92595939E-02  -5.57445027E-02           1
      200021      270026   2.24577282E-02 -0.102729410               1
      200021      280027   1.39907766E-02 -0.124167554               1
      200021      290028   9.26818699E-03 -0.127915755               1
      200021      300029   6.45295763E-03 -0.120220475               1
      200021      310030   4.62317187E-03 -0.107202657               1
      200021      320031   3.35427746E-03  -9.14853364E-02           1
      200021      330032   2.51362473E-03  -6.68505877E-02           1
      210022       20001   5.72143297E-04  -2.40488243               1
      210022       30002   6.84388040E-04  -2.38284230               1
      210022       40003   8.29899858E-04  -2.37014461               1
      210022       50004   9.97163239E-04  -2.37266254               1
      210022       60005   1.20281870E-03  -2.38900423               1
      210022       70006   1.46529044E-03  -2.41722155               1
      210022       80007   1.80291326E-03  -2.45257068               1
      210022       90008   2.24796683E-03  -2.50503373               1
      210022      100009   2.85015907E-03  -2.61089730               1
      210022      110010   3.67351878E-03  -2.82379055               1
      210022      120011   4.87877429E-03  -3.16172838               1
      210022      130012   6.67220633E-03  -3.55044985               1
      210022      140013   9.52468812E-03  -3.79907489               1
      210022      150014   1.42215332E-02  -3.74604058               1
      210022      160015   2.26313788E-02  -3.37310386               1
      210022      170016   3.94690111E-02  -2.69948387               1
      210022      180017   7.87207782E-02  -1.77719152               1
      210022      190018  0.196854964     -0.774624169               1
      210022      200019  0.777131855      -1.81092881E-02           1
      210022      240023  0.776225626      0.108900011               1
      210022      250024  0.197029918      0.133235469               1
      210022      260025   7.85894021E-02  0.126456246               1
      210022      270026   3.93420458E-02  0.126127183               1
      210022      280027   2.24275403E-02  0.140936747               1
      210022      290028   1.39342062E-02  0.167514756               1
      210022      300029   9.23663564E-03  0.201843470               1
      210022      310030   6.36642193E-03  0.238657549               1
      210022      320031   4.47679730E-03  0.276050568               1
      210022      330032   3.26817692E-03  0.320869923               1
      220023       20001   4.97578760E-04  -1.98692763               1
      220023       30002   5.90538664E-04  -1.97151387               1
      220023       40003   7.10111344E-04  -1.96508622               1
      220023       50004   8.45365052E-04  -1.97379708               1
      220023       60005   1.00914726E-03  -1.99644303               1
      220023       70006   1.21497025E-03  -2.03117537               1
      220023       80007   1.47495966E-03  -2.07337952               1
      220023       90008   1.81047258E-03  -2.13334155               1
      220023      100009   2.25345138E-03  -2.24792314               1
      220023      110010   2.84114224E-03  -2.47213888               1
      220023      120011   3.67416977E-03  -2.82745838               1
      220023      130012   4.86489339E-03  -3.24617290               1
      220023      140013   6.67275209E-03  -3.54754257               1
      220023      150014   9.47784353E-03  -3.57294726               1
      220023      160015   1.41329737E-02  -3.29331088               1
      220023      170016   2.25327183E-02  -2.71904826               1
      220023      180017   3.93069126E-02  -1.89386356               1
      220023      190018   7.86787346E-02 -0.960780799               1
      220023      200019  0.196348757     -0.185977489               1
      220023      210020  0.775629044      0.113612160               1
      220023      250024  0.774372399       8.00265744E-02           1
      220023      260025  0.195407897      0.119424909               1
      220023      270026   7.83618763E-02  0.154231802               1
      220023      280027   3.91146950E-02  0.196081638               1
      220023      290028   2.22407579E-02  0.244666278               1
      220023      300029   1.38284229E-02  0.297941446               1
      220023      310030   9.07880347E-03  0.351469249               1
      220023      320031   6.14317227E-03  0.403773785               1
      220023      330032   4.34497045E-03  0.461970299               1
      230024       20001   4.37224138E-04  -1.69830287               1
      230024       30002   5.15180174E-04  -1.68789732               1
      230024       40003   6.14775636E-04  -1.68622732               1
      230024       50004   7.25774327E-04  -1.69967270               1
      230024       60005   8.58350075E-04  -1.72718728               1
      230024       70006   1.02269766E-03  -1.76699519               1
      230024       80007   1.22701214E-03  -1.81455052               1
      230024       90008   1.48583599E-03  -1.88030899               1
      230024      100009   1.82039139E-03  -2.00148320               1
      230024      110010   2.25280691E-03  -2.23405719               1
      230024      120011   2.84927269E-03  -2.60212398               1
      230024      130012   3.67330434E-03  -3.04310942               1
      230024      140013   4.87711513E-03  -3.38426685               1
      230024      150014   6.65682042E-03  -3.46860361               1
      230024      160015   9.44186747E-03  -3.25634956               1
      230024      170016   1.41045516E-02  -2.74890041               1
      230024      180017   2.24925932E-02  -1.98495388               1
      230024      190018   3.93718928E-02  -1.09541130               1
      230024      200019   7.86227807E-02 -0.314003885               1
      230024      210020  0.196284771       8.25333297E-02           1
      230024      220021  0.776225924      0.108639486               1
      230024      260025  0.771545947       5.07332124E-02           1
      230024      270026  0.195750490       9.10005197E-02           1
      230024      280027   7.83070400E-02  0.139191225               1
      230024      290028   3.89853008E-02  0.193739876               1
      230024      300029   2.21819226E-02  0.252559453               1
      230024      310030   1.36661557E-02  0.311242372               1
      230024      320031   8.81024916E-03  0.368239313               1
      230024      330032   5.99384494E-03  0.430431515               1
      240025       20001   3.86999804E-04  -1.51210773               1
      240025       30002   4.53012530E-04  -1.50559354               1
      240025       40003   5.36855950E-04  -1.50766480               1
      240025       50004   6.29031390E-04  -1.52489889               1
      240025       60005   7.37765804E-04  -1.55639648               1
      240025       70006   8.70939402E-04  -1.60045409               1
      240025       80007   1.03418750E-03  -1.65257835               1
      240025       90008   1.23765785E-03  -1.72334135               1
      240025      100009   1.49586261E-03  -1.85019565               1
      240025      110010   1.82210736E-03  -2.08985281               1
      240025      120011   2.26185564E-03  -2.46848488               1
      240025      130012   2.85202544E-03  -2.92766666               1
      240025      140013   3.68683832E-03  -3.30118155               1
      240025      150014   4.87232860E-03  -3.43315148               1
      240025      160015   6.64156256E-03  -3.27421427               1
      240025      170016   9.43848584E-03  -2.81694746               1
      240025      180017   1.41063314E-02  -2.09535503               1
      240025      190018   2.25778613E-02  -1.23383069               1
      240025      200019   3.94349992E-02 -0.447916240               1
      240025      210020   7.87995458E-02   1.05557535E-02           1
      240025      220021  0.197028607      0.132233143               1
      240025      230022  0.774369419       7.99418315E-02           1
      240025      270026  0.773091316       2.57243887E-02           1
      240025      280027  0.195887774       5.82851171E-02           1
      240025      290028   7.81818777E-02  0.102390684               1
      240025      300029   3.89528982E-02  0.153814524               1
      240025      310030   2.19778251E-02  0.206985161               1
      240025      320031   1.33025432E-02  0.259504527               1
      240025      330032   8.62028450E-03  0.317513973               1
      250026       20001   3.41184059E-04  -1.37056708               1
      250026       30002   3.97063413E-04  -1.36737847               1
      250026       40003   4.67678852E-04  -1.37268090               1
      250026       50004   5.44352923E-04  -1.39322615               1
      250026       60005   6.33797725E-04  -1.42825091               1
      250026       70006   7.42181379E-04  -1.47612226               1
      250026       80007   8.73402052E-04  -1.53239334               1
      250026       90008   1.03463372E-03  -1.60772717               1
      250026      100009   1.23596960E-03  -1.73975551               1
      250026      110010   1.48535497E-03  -1.98576081               1
      250026      120011   1.81494409E-03  -2.37360644               1
      250026      130012   2.24641780E-03  -2.84828305               1
      250026      140013   2.84036924E-03  -3.24901724               1
      250026      150014   3.65559780E-03  -3.42083621               1
      250026      160015   4.82521486E-03  -3.30615711               1
      250026      170016   6.59088092E-03  -2.88950896               1
      250026      180017   9.37277451E-03  -2.20013380               1
      250026      190018   1.40615404E-02  -1.35763049               1
      250026      200019   2.24596038E-02 -0.566733718               1
      250026      210020   3.92597951E-02  -6.43965304E-02           1
      250026      220021   7.85894021E-02  0.124179900               1
      250026      230022  0.195406020      0.119143777               1
      250026      240023  0.771544516       5.07431962E-02           1
      250026      280027  0.771655142       8.63909163E-03           1
      250026      290028  0.195023149       3.22776772E-02           1
      250026      300029   7.78702796E-02   6.78290427E-02           1
      250026      310030   3.84968668E-02  0.108585589               1
      250026      320031   2.13493519E-02  0.150870591               1
      250026      330032   1.29850432E-02  0.199554428               1
      260027       20001   3.02923407E-04  -1.22727871               1
      260027       30002   3.50671937E-04  -1.22784209               1
      260027       40003   4.10749431E-04  -1.23679745               1
      260027       50004   4.75236506E-04  -1.26107585               1
      260027       60005   5.49705466E-04  -1.30005336               1
      260027       70006   6.39085309E-04  -1.35216475               1
      260027       80007   7.46107369E-04  -1.41300738               1
      260027       90008   8.75949161E-04  -1.49332774               1
      260027      100009   1.03580370E-03  -1.63089430               1
      260027      110010   1.23036513E-03  -1.88344395               1
      260027      120011   1.48318883E-03  -2.28023505               1
      260027      130012   1.80716242E-03  -2.76909137               1
      260027      140013   2.24299775E-03  -3.19379663               1
      260027      150014   2.82418355E-03  -3.40007615               1
      260027      160015   3.63090192E-03  -3.32334781               1
      260027      170016   4.80340840E-03  -2.94109488               1
      260027      180017   6.56742044E-03  -2.27805710               1
      260027      190018   9.37776547E-03  -1.44964135               1
      260027      200019   1.40440166E-02 -0.653038085               1
      260027      210020   2.24569682E-02 -0.116498441               1
      260027      220021   3.93403210E-02  0.121791191               1
      260027      230022   7.83578008E-02  0.153523907               1
      260027      240023  0.195746228       9.10509303E-02           1
      260027      250024  0.773088455       2.57577766E-02           1
      260027      290028  0.772805393       1.46215723E-03           1
      260027      300029  0.195427194       1.90708693E-02           1
      260027      310030   7.75200650E-02   4.47932966E-02           1
      260027      320031   3.77049893E-02   7.45857209E-02           1
      260027      330032   2.10106503E-02  0.111858569               1
      270028       20001   2.68139789E-04  -1.08143616               1
      270028       30002   3.08960647E-04  -1.08569944               1
      270028       40003   3.60129139E-04  -1.09826636               1
      270028       50004   4.14483860E-04  -1.12623680               1
      270028       60005   4.76682442E-04  -1.16911972               1
      270028       70006   5.50704950E-04  -1.22541511               1
      270028       80007   6.38471509E-04  -1.29076481               1
      270028       90008   7.43760786E-04  -1.37599468               1
      270028      100009   8.71773285E-04  -1.51898849               1
      270028      110010   1.02517416E-03  -1.77785790               1
      270028      120011   1.22161978E-03  -2.18303156               1
      270028      130012   1.46871747E-03  -2.68471241               1
      270028      140013   1.79468538E-03  -3.13054085               1
      270028      150014   2.21876241E-03  -3.36680341               1
      270028      160015   2.79116165E-03  -3.32296181               1
      270028      170016   3.59718525E-03  -2.97040486               1
      270028      180017   4.76454850E-03  -2.32978201               1
      270028      190018   6.54253550E-03  -1.51268923               1
      270028      200019   9.32769012E-03 -0.710230649               1
      270028      210020   1.39883533E-02 -0.144934326               1
      270028      220021   2.24234983E-02  0.133098185               1
      270028      230022   3.91078964E-02  0.194263473               1
      270028      240023   7.82993361E-02  0.139148980               1
      270028      250024  0.195880711       5.83973676E-02           1
      270028      260025  0.771646976       8.66487809E-03           1
      270028      300029  0.776173830       8.49786738E-04           1
      270028      310030  0.195174232       1.25878593E-02           1
      270028      320031   7.62468576E-02   3.01417951E-02           1
      270028      330032   3.72604169E-02   5.60910404E-02           1
      280029       20001   2.36711538E-04 -0.939879179               1
      280029       30002   2.71642639E-04 -0.947597563               1
      280029       40003   3.15286889E-04 -0.963543594               1
      280029       50004   3.61215469E-04 -0.994971156               1
      280029       60005   4.13344416E-04  -1.04151273               1
      280029       70006   4.74918284E-04  -1.10173094               1
      280029       80007   5.47290139E-04  -1.17131257               1
      280029       90008   6.33247721E-04  -1.26116073               1
      280029      100009   7.36602233E-04  -1.40925992               1
      280029      110010   8.58750369E-04  -1.67403924               1
      280029      120011   1.01319666E-03  -2.08692193               1
      280029      130012   1.20433490E-03  -2.60013247               1
      280029      140013   1.45227625E-03  -3.06460381               1
      280029      150014   1.76804955E-03  -3.32708240               1
      280029      160015   2.18421547E-03  -3.31193042               1
      280029      170016   2.75483658E-03  -2.98526382               1
      280029      180017   3.55535839E-03  -2.36409163               1
      280029      190018   4.73035593E-03  -1.55658126               1
      280029      200019   6.48636231E-03 -0.748596966               1
      280029      210020   9.26155876E-03 -0.158199444               1
      280029      220021   1.39252627E-02  0.153841838               1
      280029      230022   2.22285464E-02  0.240265474               1
      280029      240023   3.89712639E-02  0.192998335               1
      280029      250024   7.81673715E-02  0.102467954               1
      280029      260025  0.195006818       3.23567428E-02           1
      280029      270026  0.772791207       1.48127461E-03           1
      280029      310030  0.777142823       2.02941010E-04           1
      280029      320031  0.192723066       7.47073907E-03           1
      280029      330032   7.56565481E-02   2.32690107E-02           1
      290030       20001   2.08663390E-04 -0.807477534               1
      290030       30002   2.38626060E-04 -0.818332076               1
      290030       40003   2.75958300E-04 -0.837350190               1
      290030       50004   3.14917648E-04 -0.871923387               1
      290030       60005   3.58817022E-04 -0.921796978               1
      290030       70006   4.10327426E-04 -0.985593200               1
      290030       80007   4.70405677E-04  -1.05904388               1
      290030       90008   5.41133806E-04  -1.15312612               1
      290030      100009   6.25346089E-04  -1.30591547               1
      290030      110010   7.23652949E-04  -1.57611239               1
      290030      120011   8.46583629E-04  -1.99599004               1
      290030      130012   9.96568706E-04  -2.51949930               1
      290030      140013   1.18832907E-03  -3.00039482               1
      290030      150014   1.42809935E-03  -3.28580832               1
      290030      160015   1.73771894E-03  -3.29572940               1
      290030      170016   2.15282384E-03  -2.99170971               1
      290030      180017   2.71980022E-03  -2.38754511               1
      290030      190018   3.52684734E-03  -1.58836532               1
      290030      200019   4.68687434E-03 -0.775466740               1
      290030      210020   6.43792516E-03 -0.163052157               1
      290030      220021   9.21830628E-03  0.179076940               1
      290030      230022   1.38059929E-02  0.288481891               1
      290030      240023   2.21563578E-02  0.249740645               1
      290030      250024   3.89252715E-02  0.153325155               1
      290030      260025   7.78395906E-02   6.78577796E-02           1
      290030      270026  0.195397049       1.91339143E-02           1
      290030      280027  0.776147127       8.68169591E-04           1
      290030      320031  0.771767437       3.49657203E-05           1
      290030      330032  0.192263663       7.16489833E-03           1
      300031       20001   1.79972471E-04 -0.698177874               1
      300031       30002   2.05303077E-04 -0.711301625               1
      300031       40003   2.36789056E-04 -0.732560575               1
      300031       50004   2.69427459E-04 -0.769445658               1
      300031       60005   3.05985595E-04 -0.821787775               1
      300031       70006   3.48645204E-04 -0.888258457               1
      300031       80007   3.98079981E-04 -0.964630008               1
      300031       90008   4.55846253E-04  -1.06194389               1
      300031      100009   5.24057075E-04  -1.21835697               1
      300031      110010   6.02853426E-04  -1.49279726               1
      300031      120011   7.00464181E-04  -1.91823816               1
      300031      130012   8.18119734E-04  -2.45005727               1
      300031      140013   9.66712891E-04  -2.94436502               1
      300031      150014   1.14962505E-03  -3.24869514               1
      300031      160015   1.38178782E-03  -3.27951288               1
      300031      170016   1.68726011E-03  -2.99457717               1
      300031      180017   2.09529418E-03  -2.40491581               1
      300031      190018   2.66155903E-03  -1.61298895               1
      300031      200019   3.44960764E-03 -0.796111166               1
      300031      210020   4.59540356E-03 -0.164998710               1
      300031      220021   6.33460423E-03  0.203380868               1
      300031      230022   9.04233288E-03  0.333832055               1
      300031      240023   1.36255641E-02  0.304241657               1
      300031      250024   2.19339021E-02  0.204862416               1
      300031      260025   3.84489596E-02  0.108192980               1
      300031      270026   7.74713531E-02   4.48647812E-02           1
      300031      280027  0.195127949       1.26729198E-02           1
      300031      290028  0.777104855       2.26760050E-04           1
      300031      330032  0.763430119       1.24627515E-03           1
      310032       20001   1.49032538E-04 -0.614930093               1
      310032       30002   1.69834166E-04 -0.629326046               1
      310032       40003   1.95637374E-04 -0.651875496               1
      310032       50004   2.22269111E-04 -0.690117002               1
      310032       60005   2.51972087E-04 -0.743926704               1
      310032       70006   2.86486349E-04 -0.812005460               1
      310032       80007   3.26284120E-04 -0.890155196               1
      310032       90008   3.72521026E-04 -0.989467740               1
      310032      100009   4.26761660E-04  -1.14816952               1
      310032      110010   4.88900288E-04  -1.42537117               1
      310032      120011   5.65287191E-04  -1.85458148               1
      310032      130012   6.56450749E-04  -2.39228606               1
      310032      140013   7.70425715E-04  -2.89647293               1
      310032      150014   9.08915419E-04  -3.21518159               1
      310032      160015   1.08219066E-03  -3.26234007               1
      310032      170016   1.30665395E-03  -2.99277925               1
      310032      180017   1.60098297E-03  -2.41522455               1
      310032      190018   2.00098776E-03  -1.62980318               1
      310032      200019   2.54291692E-03 -0.810344100               1
      310032      210020   3.30688967E-03 -0.164323062               1
      310032      220021   4.42476943E-03  0.225962698               1
      310032      230022   6.08620793E-03  0.374973357               1
      310032      240023   8.74857884E-03  0.354569703               1
      310032      250024   1.32367937E-02  0.254209399               1
      310032      260025   2.12793499E-02  0.149356037               1
      310032      270026   3.76336277E-02   7.45007992E-02           1
      310032      280027   7.61779249E-02   3.03598307E-02           1
      310032      290028  0.192663282       7.60828191E-03           1
      310032      300029  0.771728098       6.99269731E-05           1
      320033       20001   1.21814017E-04 -0.514329195               1
      320033       30002   1.38848482E-04 -0.530837417               1
      320033       40003   1.59938339E-04 -0.555478811               1
      320033       50004   1.81653755E-04 -0.595837951               1
      320033       60005   2.05803051E-04 -0.651825488               1
      320033       70006   2.33773884E-04 -0.722153246               1
      320033       80007   2.65904120E-04 -0.802646995               1
      320033       90008   3.03065550E-04 -0.904454231               1
      320033      100009   3.46434070E-04  -1.06586468               1
      320033      110010   3.95790121E-04  -1.34613407               1
      320033      120011   4.56077978E-04  -1.77918398               1
      320033      130012   5.27441036E-04  -2.32236052               1
      320033      140013   6.15906611E-04  -2.83517480               1
      320033      150014   7.22237979E-04  -3.16621828               1
      320033      160015   8.53680540E-04  -3.22760749               1
      320033      170016   1.02173665E-03  -2.97187805               1
      320033      180017   1.23870850E-03  -2.40581083               1
      320033      190018   1.52848195E-03  -1.62748110               1
      320033      200019   1.91234902E-03 -0.807662487               1
      320033      210020   2.43974873E-03 -0.150878027               1
      320033      220021   3.18838144E-03  0.256617308               1
      320033      230022   4.25923103E-03  0.420955181               1
      320033      240023   5.90213621E-03  0.408706963               1
      320033      250024   8.52317084E-03  0.308080405               1
      320033      260025   1.28829656E-02  0.196542919               1
      320033      270026   2.09066104E-02  0.111706391               1
      320033      280027   3.71593870E-02   5.67584299E-02           1
      320033      290028   7.55670369E-02   2.38427185E-02           1
      320033      300029  0.192200243       7.43508106E-03           1
      320033      310030  0.763396204       1.31108891E-03           1
