         930
       10002       40003  0.767366350      -3.06028989E-03           1
       10002       50004  0.192618623       6.61732489E-03           1
       10002       60005   7.59043768E-02   2.92049926E-02           1
       10002       70006   3.73332724E-02   7.14449659E-02           1
       10002       80007   2.10209303E-02  0.143822357               1
       10002       90008   1.29649956E-02  0.244825080               1
       10002      100009   8.55841860E-03  0.342219085               1
       10002      110010   5.92940440E-03  0.364880413               1
       10002      120011   4.28900868E-03  0.226381928               1
       10002      130012   3.20206326E-03 -0.142252758               1
       10002      140013   2.45862827E-03 -0.758916557               1
       10002      150014   1.92696077E-03  -1.53989124               1
       10002      160015   1.53683173E-03  -2.29028416               1
       10002      170016   1.24738249E-03  -2.84098196               1
       10002      180017   1.02767278E-03  -3.09712291               1
       10002      190018   8.59978027E-04  -3.05261540               1
       10002      200019   7.25591439E-04  -2.74735403               1
       10002      210020   6.18115941E-04  -2.26724315               1
       10002      220021   5.31430065E-04  -1.75146639               1
       10002      230022   4.58077935E-04  -1.34081256               1
       10002      240023   3.98373086E-04  -1.07536614               1
       10002      250024   3.48622299E-04 -0.924747288               1
       10002      260025   3.04298883E-04 -0.830216050               1
       10002      270026   2.67524563E-04 -0.755756140               1
       10002      280027   2.35243278E-04 -0.692538619               1
       10002      290028   2.07303005E-04 -0.642886221               1
       10002      300029   1.83624157E-04 -0.608071983               1
       10002      310030   1.61549789E-04 -0.589261591               1
       10002      320031   1.40305157E-04 -0.584707737               1
       10002      330032   1.23547623E-04 -0.583411455               1
       20003       50004  0.774572432      -3.52936448E-04           1
       20003       60005  0.193733126       1.16830086E-02           1
       20003       70006   7.65921623E-02   4.20565791E-02           1
       20003       80007   3.78635488E-02  0.102757759               1
       20003       90008   2.14209147E-02  0.194921061               1
       20003      100009   1.32931052E-02  0.289988816               1
       20003      110010   8.78899731E-03  0.319621980               1
       20003      120011   6.12795912E-03  0.196731135               1
       20003      130012   4.44278400E-03 -0.153288051               1
       20003      140013   3.33123025E-03 -0.757824600               1
       20003      150014   2.56116199E-03  -1.53821361               1
       20003      160015   2.01077689E-03  -2.29631543               1
       20003      170016   1.61107257E-03  -2.85969329               1
       20003      180017   1.31317356E-03  -3.13123870               1
       20003      190018   1.08915579E-03  -3.10277748               1
       20003      200019   9.12164745E-04  -2.81161308               1
       20003      210020   7.72259780E-04  -2.34146094               1
       20003      220021   6.60540536E-04  -1.83212578               1
       20003      230022   5.66940464E-04  -1.42603219               1
       20003      240023   4.91311483E-04  -1.16428173               1
       20003      250024   4.28720872E-04  -1.01692998               1
       20003      260025   3.73347633E-04 -0.925408125               1
       20003      270026   3.27627000E-04 -0.853762150               1
       20003      280027   2.87683797E-04 -0.793218672               1
       20003      290028   2.53245991E-04 -0.746140897               1
       20003      300029   2.24154181E-04 -0.713828564               1
       20003      310030   1.97121248E-04 -0.697455287               1
       20003      320031   1.71170672E-04 -0.695313394               1
       20003      330032   1.50740874E-04 -0.696441233               1
       30004       20001  0.767398238      -3.15218815E-03           1
       30004       60005  0.779016912       7.62589450E-04           1
       30004       70006  0.195553124       1.85171533E-02           1
       30004       80007   7.76926577E-02   6.57029897E-02           1
       30004       90008   3.85647602E-02  0.147188783               1
       30004      100009   2.19446998E-02  0.239000291               1
       30004      110010   1.36362603E-02  0.276383042               1
       30004      120011   9.06875823E-03  0.172089487               1
       30004      130012   6.33522356E-03 -0.154683635               1
       30004      140013   4.61025629E-03 -0.742884755               1
       30004      150014   3.45988921E-03  -1.52050662               1
       30004      160015   2.66318372E-03  -2.28584933               1
       30004      170016   2.09923531E-03  -2.86268640               1
       30004      180017   1.68800820E-03  -3.15135884               1
       30004      190018   1.38420565E-03  -3.14124203               1
       30004      200019   1.14818790E-03  -2.86638689               1
       30004      210020   9.64193139E-04  -2.40755534               1
       30004      220021   8.19001405E-04  -1.90514159               1
       30004      230022   6.98802294E-04  -1.50357747               1
       30004      240023   6.02529384E-04  -1.24524605               1
       30004      250024   5.23511844E-04  -1.10076904               1
       30004      260025   4.54223657E-04  -1.01178825               1
       30004      270026   3.97352764E-04 -0.942420363               1
       30004      280027   3.47975118E-04 -0.883946776               1
       30004      290028   3.05617024E-04 -0.838774860               1
       30004      300029   2.69978977E-04 -0.808245897               1
       30004      310030   2.37026979E-04 -0.793564618               1
       30004      320031   2.05535209E-04 -0.793070376               1
       30004      330032   1.80789531E-04 -0.795841992               1
       40005       20001  0.192681715       6.24082470E-03           1
       40005       30002  0.774612904      -3.96658870E-04           1
       40005       70006  0.777177453       1.98914018E-03           1
       40005       80007  0.195763215       3.23852450E-02           1
       40005       90008   7.79401436E-02   9.92931798E-02           1
       40005      100009   3.88659574E-02  0.185338750               1
       40005      110010   2.21253838E-02  0.230314836               1
       40005      120011   1.38139660E-02  0.147004768               1
       40005      130012   9.19707213E-03 -0.152263403               1
       40005      140013   6.44219154E-03 -0.720369995               1
       40005      150014   4.68857959E-03  -1.49392271               1
       40005      160015   3.51954834E-03  -2.26733994               1
       40005      170016   2.71733780E-03  -2.86007452               1
       40005      180017   2.14759610E-03  -3.16956687               1
       40005      190018   1.73561426E-03  -3.18228793               1
       40005      200019   1.42195041E-03  -2.92818356               1
       40005      210020   1.18146208E-03  -2.48406696               1
       40005      220021   9.94380563E-04  -1.99086642               1
       40005      230022   8.41720263E-04  -1.59548903               1
       40005      240023   7.20740005E-04  -1.34194028               1
       40005      250024   6.22443913E-04  -1.20156014               1
       40005      260025   5.37203683E-04  -1.11624897               1
       40005      270026   4.67753649E-04  -1.05020094               1
       40005      280027   4.07929765E-04 -0.994764209               1
       40005      290028   3.56940727E-04 -0.952405334               1
       40005      300029   3.14260396E-04 -0.924530149               1
       40005      310030   2.75070255E-04 -0.912399411               1
       40005      320031   2.37864704E-04 -0.914435446               1
       40005      330032   2.08686630E-04 -0.919797182               1
       50006       20001   7.59907141E-02   2.83917673E-02           1
       50006       30002  0.193791449       1.15157850E-02           1
       50006       40003  0.779053390       7.38204573E-04           1
       50006       80007  0.777441323       9.79266502E-03           1
       50006       90008  0.195893601       5.70529886E-02           1
       50006      100009   7.82778561E-02  0.133561969               1
       50006      110010   3.90257761E-02  0.185665861               1
       50006      120011   2.23006885E-02  0.125883847               1
       50006      130012   1.39302146E-02 -0.141649649               1
       50006      140013   9.29126982E-03 -0.686268151               1
       50006      150014   6.50539622E-03  -1.45497096               1
       50006      160015   4.73274104E-03  -2.23769879               1
       50006      170016   3.56122176E-03  -2.84892893               1
       50006      180017   2.75518675E-03  -3.18280482               1
       50006      190018   2.18719919E-03  -3.22244477               1
       50006      200019   1.76498573E-03  -2.99290872               1
       50006      210020   1.44759694E-03  -2.56620836               1
       50006      220021   1.20481697E-03  -2.08385754               1
       50006      230022   1.01000303E-03  -1.69571996               1
       50006      240023   8.57529638E-04  -1.44775391               1
       50006      250024   7.35099486E-04  -1.31216800               1
       50006      260025   6.30291121E-04  -1.23117077               1
       50006      270026   5.45632560E-04  -1.16904294               1
       50006      280027   4.73381049E-04  -1.11720479               1
       50006      290028   4.12265712E-04  -1.07818806               1
       50006      300029   3.61417129E-04  -1.05347431               1
       50006      310030   3.15112324E-04  -1.04439247               1
       50006      320031   2.71504716E-04  -1.04946768               1
       50006      330032   2.37382657E-04  -1.05796075               1
       60007       20001   3.74307185E-02   7.03447610E-02           1
       60007       30002   7.66591653E-02   4.17758673E-02           1
       60007       40003  0.195597529       1.84317660E-02           1
       60007       50004  0.777201831       1.97088183E-03           1
       60007       90008  0.775959909       2.51581762E-02           1
       60007      100009  0.196272567       8.68429020E-02           1
       60007      110010   7.84382597E-02  0.145709798               1
       60007      120011   3.92422378E-02  0.113520376               1
       60007      130012   2.24361848E-02 -0.116692729               1
       60007      140013   1.40343094E-02 -0.634177387               1
       60007      150014   9.35621653E-03  -1.39763021               1
       60007      160015   6.54677395E-03  -2.19129491               1
       60007      170016   4.77296207E-03  -2.82386184               1
       60007      180017   3.59805464E-03  -3.18579674               1
       60007      190018   2.79531465E-03  -3.25643182               1
       60007      200019   2.21515051E-03  -3.05513930               1
       60007      210020   1.78901840E-03  -2.64827275               1
       60007      220021   1.46940839E-03  -2.17803955               1
       60007      230022   1.21782441E-03  -1.79779053               1
       60007      240023   1.02373678E-03  -1.55579388               1
       60007      250024   8.69980082E-04  -1.42529500               1
       60007      260025   7.40249059E-04  -1.34886897               1
       60007      270026   6.36488840E-04  -1.29089594               1
       60007      280027   5.48858312E-04  -1.24287105               1
       60007      290028   4.75370674E-04  -1.20739245               1
       60007      300029   4.14647919E-04  -1.18602276               1
       60007      310030   3.59865633E-04  -1.18016672               1
       60007      320031   3.08742019E-04  -1.18846202               1
       60007      330032   2.68843898E-04  -1.20028293               1
       70008       20001   2.11211294E-02  0.143158689               1
       70008       30002   3.79327349E-02  0.102669559               1
       70008       40003   7.77394101E-02   6.56007081E-02           1
       70008       50004  0.195791081       3.23080160E-02           1
       70008       60005  0.777455151       9.76899453E-03           1
       70008      100009  0.773728430       4.88686077E-02           1
       70008      110010  0.195883542      0.113269031               1
       70008      120011   7.85397440E-02  0.115543291               1
       70008      130012   3.93268242E-02  -6.80375099E-02           1
       70008      140013   2.25091502E-02 -0.553253412               1
       70008      150014   1.40756536E-02  -1.31158054               1
       70008      160015   9.37731657E-03  -2.11873174               1
       70008      170016   6.57468941E-03  -2.77625465               1
       70008      180017   4.80168685E-03  -3.17057991               1
       70008      190018   3.63433803E-03  -3.27688289               1
       70008      200019   2.81812716E-03  -3.10797143               1
       70008      210020   2.23473064E-03  -2.72355294               1
       70008      220021   1.80712051E-03  -2.26666474               1
       70008      230022   1.47784571E-03  -1.89477801               1
       70008      240023   1.22801831E-03  -1.65890014               1
       70008      250024   1.03312463E-03  -1.53352284               1
       70008      260025   8.71327473E-04  -1.46166348               1
       70008      270026   7.43364741E-04  -1.40782404               1
       70008      280027   6.36554847E-04  -1.36357749               1
       70008      290028   5.47847594E-04  -1.33158851               1
       70008      300029   4.75117617E-04  -1.31350493               1
       70008      310030   4.10178705E-04  -1.31081450               1
       70008      320031   3.50185786E-04  -1.32227254               1
       70008      330032   3.03510576E-04  -1.33737373               1
       80009       20001   1.30631626E-02  0.246396258               1
       80009       30002   2.14884579E-02  0.196052641               1
       80009       40003   3.86103988E-02  0.147479355               1
       80009       50004   7.79682174E-02   9.92112458E-02           1
       80009       60005  0.195908889       5.69502227E-02           1
       80009       70006  0.775967300       2.51268856E-02           1
       80009      110010  0.774255633       7.61420131E-02           1
       80009      120011  0.196312651      0.122914821               1
       80009      130012   7.87443370E-02   2.32568546E-03           1
       80009      140013   3.94304395E-02 -0.441361219               1
       80009      150014   2.25562789E-02  -1.19527149               1
       80009      160015   1.40896887E-02  -2.02064228               1
       80009      170016   9.40183923E-03  -2.70878339               1
       80009      180017   6.60160463E-03  -3.14151335               1
       80009      190018   4.83945524E-03  -3.28963232               1
       80009      200019   3.65503738E-03  -3.15844417               1
       80009      210020   2.83544906E-03  -2.79981208               1
       80009      220021   2.25085136E-03  -2.35779500               1
       80009      230022   1.81201648E-03  -1.99479556               1
       80009      240023   1.48548454E-03  -1.76511753               1
       80009      250024   1.23522454E-03  -1.64477861               1
       80009      260025   1.03121367E-03  -1.57734835               1
       80009      270026   8.71923403E-04  -1.52748859               1
       80009      280027   7.40705233E-04  -1.48685980               1
       80009      290028   6.32909767E-04  -1.45819473               1
       80009      300029   5.45305549E-04  -1.44323134               1
       80009      310030   4.67973063E-04  -1.44354582               1
       80009      320031   3.97319702E-04  -1.45801365               1
       80009      330032   3.42551764E-04  -1.47625387               1
       90010       20001   8.65202397E-03  0.349632144               1
       90010       30002   1.33568989E-02  0.294918537               1
       90010       40003   2.19871867E-02  0.241224021               1
       90010       50004   3.88921127E-02  0.185960785               1
       90010       60005   7.82924667E-02  0.133585155               1
       90010       70006  0.196280167       8.67876261E-02           1
       90010       80007  0.773731768       4.88575809E-02           1
       90010      120011  0.775346875       9.94811878E-02           1
       90010      130012  0.196835309       6.92492574E-02           1
       90010      140013   7.88971558E-02 -0.315551192               1
       90010      150014   3.94918844E-02  -1.06542182               1
       90010      160015   2.25622971E-02  -1.91752315               1
       90010      170016   1.41128208E-02  -2.64589334               1
       90010      180017   9.42983758E-03  -3.12603951               1
       90010      190018   6.64488040E-03  -3.32443190               1
       90010      200019   4.85987822E-03  -3.23815012               1
       90010      210020   3.67156183E-03  -2.90992260               1
       90010      220021   2.85089575E-03  -2.48509526               1
       90010      230022   2.25284905E-03  -2.13200831               1
       90010      240023   1.81790744E-03  -1.90896666               1
       90010      250024   1.49132067E-03  -1.79387736               1
       90010      260025   1.23050262E-03  -1.73101354               1
       90010      270026   1.02983415E-03  -1.68525481               1
       90010      280027   8.66958580E-04  -1.64837158               1
       90010      290028   7.34789355E-04  -1.62317240               1
       90010      300029   6.28441572E-04  -1.61148953               1
       90010      310030   5.35729108E-04  -1.61499166               1
       90010      320031   4.52043838E-04  -1.63267851               1
       90010      330032   3.87454551E-04  -1.65430379               1
      100011       20001   6.01760391E-03  0.383770078               1
      100011       30002   8.84861872E-03  0.333309829               1
      100011       40003   1.36754215E-02  0.284382135               1
      100011       50004   2.21495871E-02  0.234221861               1
      100011       60005   3.90398204E-02  0.187298506               1
      100011       70006   7.84464031E-02  0.146338210               1
      100011       80007  0.195888221      0.113521218               1
      100011       90008  0.774258494       7.62196705E-02           1
      100011      130012  0.774931014       9.70135108E-02           1
      100011      140013  0.196348920     -0.195523486               1
      100011      150014   7.86931813E-02 -0.939415932               1
      100011      160015   3.93323228E-02  -1.83301890               1
      100011      170016   2.24974137E-02  -2.61958528               1
      100011      180017   1.40900323E-02  -3.16293550               1
      100011      190018   9.44683421E-03  -3.42495680               1
      100011      200019   6.64054835E-03  -3.39436793               1
      100011      210020   4.85757086E-03  -3.10371399               1
      100011      220021   3.67274997E-03  -2.70015693               1
      100011      230022   2.83875037E-03  -2.35929704               1
      100011      240023   2.24834378E-03  -2.14437866               1
      100011      250024   1.81546900E-03  -2.03569126               1
      100011      260025   1.47774280E-03  -1.97843325               1
      100011      270026   1.22227927E-03  -1.93779302               1
      100011      280027   1.01836724E-03  -1.90569711               1
      100011      290028   8.55178572E-04  -1.88505089               1
      100011      300029   7.25346908E-04  -1.87779081               1
      100011      310030   6.13706477E-04  -1.88567770               1
      100011      320031   5.14263287E-04  -1.90785229               1
      100011      330032   4.37903189E-04  -1.93423605               1
      110012       20001   4.37134784E-03  0.261697352               1
      110012       30002   6.18273998E-03  0.225189418               1
      110012       40003   9.10359155E-03  0.191862822               1
      110012       50004   1.38347615E-02  0.159365699               1
      110012       60005   2.23122574E-02  0.133079454               1
      110012       70006   3.92486304E-02  0.117519453               1
      110012       80007   7.85432532E-02  0.117659770               1
      110012       90008  0.196314782      0.123858340               1
      110012      100009  0.775348723       9.97274742E-02           1
      110012      140013  0.776980281      -3.91545929E-02           1
      110012      150014  0.196879178     -0.765834749               1
      110012      160015   7.87583739E-02  -1.72567785               1
      110012      170016   3.93946655E-02  -2.60480547               1
      110012      180017   2.25573964E-02  -3.24255204               1
      110012      190018   1.41722867E-02  -3.59306955               1
      110012      200019   9.47668776E-03  -3.63690376               1
      110012      210020   6.66157622E-03  -3.39620209               1
      110012      220021   4.87615634E-03  -3.02131939               1
      110012      230022   3.66984634E-03  -2.69711900               1
      110012      240023   2.84282910E-03  -2.49318099               1
      110012      250024   2.25322647E-03  -2.39295244               1
      110012      260025   1.80536741E-03  -2.34295821               1
      110012      270026   1.47322612E-03  -2.30889797               1
      110012      280027   1.21310202E-03  -2.28297448               1
      110012      290028   1.00818125E-03  -2.26825619               1
      110012      300029   8.47229268E-04  -2.26681924               1
      110012      310030   7.10896100E-04  -2.28052831               1
      110012      320031   5.91191114E-04  -2.30868936               1
      110012      330032   4.99824004E-04  -2.34143162               1
      120013       20001   3.27853835E-03  -9.02765840E-02           1
      120013       30002   4.49281838E-03 -0.106314287               1
      120013       40003   6.36588549E-03 -0.117267594               1
      120013       50004   9.21456050E-03 -0.124797143               1
      120013       60005   1.39393378E-02 -0.122495994               1
      120013       70006   2.24408302E-02 -0.103885971               1
      120013       80007   3.93292196E-02  -5.99252321E-02           1
      120013       90008   7.87459388E-02   6.88128592E-03           1
      120013      100009  0.196837083       7.12020323E-02           1
      120013      110010  0.774931192       9.74694565E-02           1
      120013      150014  0.776676416     -0.375427723               1
      120013      160015  0.196435973      -1.42426741               1
      120013      170016   7.86402673E-02  -2.45245647               1
      120013      180017   3.93881984E-02  -3.24230289               1
      120013      190018   2.26263739E-02  -3.72891879               1
      120013      200019   1.41784074E-02  -3.88236737               1
      120013      210020   9.48114321E-03  -3.71520925               1
      120013      220021   6.66914741E-03  -3.38413525               1
      120013      230022   4.85977717E-03  -3.08647466               1
      120013      240023   3.66580300E-03  -2.90026546               1
      120013      250024   2.84216926E-03  -2.81331635               1
      120013      260025   2.23551365E-03  -2.77418184               1
      120013      270026   1.79586350E-03  -2.74948835               1
      120013      280027   1.45894464E-03  -2.73199511               1
      120013      290028   1.19825639E-03  -2.72511888               1
      120013      300029   9.96485818E-04  -2.73119569               1
      120013      310030   8.28392163E-04  -2.75227046               1
      120013      320031   6.83102931E-04  -2.78788924               1
      120013      330032   5.72988181E-04  -2.82846284               1
      130014       20001   2.52961065E-03 -0.699871302               1
      130014       30002   3.37675912E-03 -0.696123004               1
      130014       40003   4.63684881E-03 -0.686926961               1
      130014       50004   6.45622052E-03 -0.673520863               1
      130014       60005   9.29749664E-03 -0.648906648               1
      130014       70006   1.40364710E-02 -0.605667830               1
      130014       80007   2.25094575E-02 -0.532655597               1
      130014       90008   3.94303463E-02 -0.427822381               1
      130014      100009   7.88975656E-02 -0.308080852               1
      130014      110010  0.196348161     -0.192532167               1
      130014      120011  0.776980162      -3.85320783E-02           1
      130014      160015  0.779152989     -0.638983190               1
      130014      170016  0.196986124      -1.86587906               1
      130014      180017   7.89452121E-02  -2.89324880               1
      130014      190018   3.96540128E-02  -3.59710526               1
      130014      200019   2.27132943E-02  -3.92337799               1
      130014      210020   1.42303957E-02  -3.87294102               1
      130014      220021   9.52044688E-03  -3.61430120               1
      130014      230022   6.66659558E-03  -3.36268497               1
      130014      240023   4.86858701E-03  -3.20794201               1
      130014      250024   3.67597234E-03  -3.14405966               1
      130014      260025   2.82850047E-03  -3.12273645               1
      130014      270026   2.23082397E-03  -3.11224723               1
      130014      280027   1.78418681E-03  -3.10644126               1
      130014      290028   1.44571043E-03  -3.10947299               1
      130014      300029   1.18813594E-03  -3.12422347               1
      130014      310030   9.77482530E-04  -3.15313292               1
      130014      320031   7.98528374E-04  -3.19615531               1
      130014      330032   6.64021762E-04  -3.24410748               1
      140015       20001   1.99254393E-03  -1.49653673               1
      140015       30002   2.60238443E-03  -1.47778583               1
      140015       40003   3.48273665E-03  -1.45561230               1
      140015       50004   4.69949748E-03  -1.43148375               1
      140015       60005   6.50907028E-03  -1.39849794               1
      140015       70006   9.35625937E-03  -1.34925234               1
      140015       80007   1.40743060E-02  -1.27255535               1
      140015       90008   2.25550402E-02  -1.16634190               1
      140015      100009   3.94916534E-02  -1.04664063               1
      140015      110010   7.86924809E-02 -0.929583609               1
      140015      120011  0.196879506     -0.762260377               1
      140015      130012  0.776676536     -0.374760091               1
      140015      170016  0.775313795     -0.711076856               1
      140015      180017  0.196473941      -2.00964570               1
      140015      190018   7.90132210E-02  -3.01411724               1
      140015      200019   3.95909585E-02  -3.59188080               1
      140015      210020   2.26805806E-02  -3.71398401               1
      140015      220021   1.42197553E-02  -3.56400752               1
      140015      230022   9.47353151E-03  -3.38265347               1
      140015      240023   6.64951652E-03  -3.27641940               1
      140015      250024   4.86223213E-03  -3.24782777               1
      140015      260025   3.64422007E-03  -3.25296760               1
      140015      270026   2.81232898E-03  -3.26251769               1
      140015      280027   2.20852159E-03  -3.27199054               1
      140015      290028   1.76180212E-03  -3.28672862               1
      140015      300029   1.42845628E-03  -3.31051421               1
      140015      310030   1.16141688E-03  -3.34648252               1
      140015      320031   9.38863028E-04  -3.39522862               1
      140015      330032   7.73210952E-04  -3.44813871               1
      150016       20001   1.59721810E-03  -2.29877114               1
      150016       30002   2.04791431E-03  -2.26738787               1
      150016       40003   2.68255640E-03  -2.23591805               1
      150016       50004   3.52758495E-03  -2.20647931               1
      150016       60005   4.73402161E-03  -2.17278075               1
      150016       70006   6.54478837E-03  -2.12798715               1
      150016       80007   9.37435124E-03  -2.06165743               1
      150016       90008   1.40873101E-02  -1.97350776               1
      150016      100009   2.25614402E-02  -1.88287342               1
      150016      110010   3.93317826E-02  -1.81149817               1
      150016      120011   7.87593871E-02  -1.71534598               1
      150016      130012  0.196437329      -1.42089248               1
      150016      140013  0.779155672     -0.638432443               1
      150016      180017  0.773063302     -0.717744231               1
      150016      190018  0.196505800      -2.00884199               1
      150016      200019   7.88155496E-02  -2.88836694               1
      150016      210020   3.94924916E-02  -3.22868609               1
      150016      220021   2.26365197E-02  -3.21567416               1
      150016      230022   1.41340010E-02  -3.12054443               1
      150016      240023   9.43848398E-03  -3.07214856               1
      150016      250024   6.63436018E-03  -3.08455181               1
      150016      260025   4.81612701E-03  -3.11946678               1
      150016      270026   3.62088857E-03  -3.15048432               1
      150016      280027   2.78249453E-03  -3.17505169               1
      150016      290028   2.17943196E-03  -3.19990325               1
      150016      300029   1.73963525E-03  -3.22991633               1
      150016      310030   1.39548793E-03  -3.26913238               1
      150016      320031   1.11475599E-03  -3.31892228               1
      150016      330032   9.08201502E-04  -3.37131357               1
      160017       20001   1.30313705E-03  -2.93982482               1
      160017       30002   1.64458808E-03  -2.89834476               1
      160017       40003   2.11552950E-03  -2.86024022               1
      160017       50004   2.72274693E-03  -2.82845068               1
      160017       60005   3.56018334E-03  -2.79758787               1
      160017       70006   4.76882700E-03  -2.76172590               1
      160017       80007   6.56977110E-03  -2.71149158               1
      160017       90008   9.39775724E-03  -2.64866424               1
      160017      100009   1.41105503E-02  -2.59647632               1
      160017      110010   2.24960614E-02  -2.58473897               1
      160017      120011   3.93952392E-02  -2.58495712               1
      160017      130012   7.86416307E-02  -2.44398808               1
      160017      140013  0.196989104      -1.86351728               1
      160017      150014  0.775316238     -0.710765958               1
      160017      190018  0.774946272     -0.709919453               1
      160017      200019  0.196413502      -1.86214900               1
      160017      210020   7.87687823E-02  -2.44216371               1
      160017      220021   3.94830033E-02  -2.58426881               1
      160017      230022   2.25409381E-02  -2.58430195               1
      160017      240023   1.41065242E-02  -2.59664869               1
      160017      250024   9.43530165E-03  -2.65013385               1
      160017      260025   6.58519659E-03  -2.71358347               1
      160017      270026   4.79627401E-03  -2.76398563               1
      160017      280027   3.59110674E-03  -2.80077434               1
      160017      290028   2.75251735E-03  -2.83202815               1
      160017      300029   2.15729326E-03  -2.86370778               1
      160017      310030   1.70386105E-03  -2.90083146               1
      160017      320031   1.34283828E-03  -2.94556665               1
      160017      330032   1.08083535E-03  -2.99057484               1
      170018       20001   1.07940543E-03  -3.31298470               1
      170018       30002   1.34362665E-03  -3.26624656               1
      170018       40003   1.70177559E-03  -3.22578645               1
      170018       50004   2.15086248E-03  -3.19542718               1
      170018       60005   2.75221909E-03  -3.17079377               1
      170018       70006   3.59205157E-03  -3.14703131               1
      170018       80007   4.79496317E-03  -3.11601138               1
      170018       90008   6.59580762E-03  -3.08156586               1
      170018      100009   9.42597073E-03  -3.07031631               1
      170018      110010   1.40875103E-02  -3.11910248               1
      170018      120011   2.25570183E-02  -3.21455741               1
      170018      130012   3.93889695E-02  -3.22859812               1
      170018      140013   7.89478272E-02  -2.88861609               1
      170018      150014  0.196476370      -2.00882196               1
      170018      160015  0.773064375     -0.717752695               1
      170018      200019  0.774581194     -0.637800097               1
      170018      210020  0.196316063      -1.41912973               1
      170018      220021   7.87494406E-02  -1.71449661               1
      170018      230022   3.93267125E-02  -1.81055152               1
      170018      240023   2.25027725E-02  -1.88248003               1
      170018      250024   1.41090089E-02  -1.97432768               1
      170018      260025   9.37210396E-03  -2.06303835               1
      170018      270026   6.56448770E-03  -2.12951565               1
      170018      280027   4.76225698E-03  -2.17519379               1
      170018      290028   3.55662615E-03  -2.20930076               1
      170018      300029   2.72789411E-03  -2.23869014               1
      170018      310030   2.11583660E-03  -2.26926994               1
      170018      320031   1.64181029E-03  -2.30393195               1
      170018      330032   1.30340469E-03  -2.33592510               1
      180019       20001   9.08675313E-04  -3.39158249               1
      180019       30002   1.11743633E-03  -3.34578323               1
      180019       40003   1.39628956E-03  -3.30833507               1
      180019       50004   1.73749542E-03  -3.28394794               1
      180019       60005   2.18295376E-03  -3.26923871               1
      180019       70006   2.78797327E-03  -3.26040483               1
      180019       80007   3.62617755E-03  -3.25059986               1
      180019       90008   4.83210431E-03  -3.24565744               1
      180019      100009   6.63932972E-03  -3.27511811               1
      180019      110010   9.44274850E-03  -3.38135242               1
      180019      120011   1.41702443E-02  -3.56292009               1
      180019      130012   2.26255152E-02  -3.71359611               1
      180019      140013   3.96548696E-02  -3.59238529               1
      180019      150014   7.90139511E-02  -3.01418948               1
      180019      160015  0.196505234      -2.00972486               1
      180019      170016  0.774944901     -0.710241139               1
      180019      210020  0.776772201     -0.374017239               1
      180019      220021  0.196883306     -0.762417555               1
      180019      230022   7.87069574E-02 -0.929472566               1
      180019      240023   3.93887460E-02  -1.04700947               1
      180019      250024   2.25850549E-02  -1.16782701               1
      180019      260025   1.40654016E-02  -1.27449679               1
      180019      270026   9.37878434E-03  -1.35126448               1
      180019      280027   6.54410664E-03  -1.40129948               1
      180019      290028   4.73557133E-03  -1.43463206               1
      180019      300029   3.53915337E-03  -1.45864189               1
      180019      310030   2.68685049E-03  -1.47984183               1
      180019      320031   2.04748241E-03  -1.50162673               1
      180019      330032   1.59997551E-03  -1.51771247               1
      190020       20001   7.71572290E-04  -3.19415426               1
      190020       30002   9.38675308E-04  -3.15413880               1
      190020       40003   1.15911767E-03  -3.12361741               1
      190020       50004   1.42307288E-03  -3.10807133               1
      190020       60005   1.76018337E-03  -3.10493064               1
      190020       70006   2.20729341E-03  -3.11123681               1
      190020       80007   2.80944491E-03  -3.12122798               1
      190020       90008   3.64713441E-03  -3.14246130               1
      190020      100009   4.85373102E-03  -3.20690370               1
      190020      110010   6.63604820E-03  -3.36123419               1
      190020      120011   9.47421696E-03  -3.61290193               1
      190020      130012   1.41772339E-02  -3.87189841               1
      190020      140013   2.27137767E-02  -3.92367673               1
      190020      150014   3.95914428E-02  -3.59691095               1
      190020      160015   7.88148716E-02  -2.89314961               1
      190020      170016  0.196411997      -1.86456192               1
      190020      180017  0.774579108     -0.638360202               1
      190020      220021  0.777113855      -3.85064483E-02           1
      190020      230022  0.196392208     -0.192169711               1
      190020      240023   7.86527842E-02 -0.308040112               1
      190020      250024   3.94502766E-02 -0.428761154               1
      190020      260025   2.24712435E-02 -0.533879340               1
      190020      270026   1.40512120E-02 -0.606794417               1
      190020      280027   9.33490321E-03 -0.650667369               1
      190020      290028   6.49703294E-03 -0.675465643               1
      190020      300029   4.70468123E-03 -0.688506424               1
      190020      310030   3.48079694E-03 -0.696434438               1
      190020      320031   2.59612198E-03 -0.702706873               1
      190020      330032   1.99153740E-03 -0.701180637               1
      200021       20001   6.61960919E-04  -2.78844380               1
      200021       30002   7.97583489E-04  -2.75623250               1
      200021       40003   9.74596303E-04  -2.73371768               1
      200021       50004   1.18247897E-03  -2.72692347               1
      200021       60005   1.44291460E-03  -2.73378778               1
      200021       70006   1.78134849E-03  -2.75183725               1
      200021       80007   2.22623884E-03  -2.77597022               1
      200021       90008   2.82769697E-03  -2.81486773               1
      200021      100009   3.66549776E-03  -2.90216637               1
      200021      110010   4.85326443E-03  -3.08761883               1
      200021      120011   6.65923161E-03  -3.38507700               1
      200021      130012   9.48013552E-03  -3.71600032               1
      200021      140013   1.42309004E-02  -3.88438439               1
      200021      150014   2.26811320E-02  -3.72980499               1
      200021      160015   3.94919626E-02  -3.24261236               1
      200021      170016   7.87673071E-02  -2.45070291               1
      200021      180017  0.196313798      -1.42251861               1
      200021      190018  0.776771188     -0.374684960               1
      200021      230022  0.775669456       9.76765901E-02           1
      200021      240023  0.196332514       7.08753690E-02           1
      200021      250024   7.88244680E-02   5.41326217E-03           1
      200021      260025   3.92821841E-02  -6.17357157E-02           1
      200021      270026   2.24720109E-02 -0.105587602               1
      200021      280027   1.40025737E-02 -0.124902628               1
      200021      290028   9.27895773E-03 -0.127418935               1
      200021      300029   6.46241708E-03 -0.119388431               1
      200021      310030   4.63370746E-03 -0.107028276               1
      200021      320031   3.36810830E-03  -9.33081582E-02           1
      200021      330032   2.52790004E-03  -7.17068836E-02           1
      210022       20001   5.73764264E-04  -2.30809999               1
      210022       30002   6.85292354E-04  -2.28387785               1
      210022       40003   8.29523022E-04  -2.26904345               1
      210022       50004   9.95957525E-04  -2.26998615               1
      210022       60005   1.20094349E-03  -2.28492737               1
      210022       70006   1.46264315E-03  -2.31160283               1
      210022       80007   1.79955224E-03  -2.34520888               1
      210022       90008   2.24398356E-03  -2.39500499               1
      210022      100009   2.84563377E-03  -2.49559021               1
      210022      110010   3.66929290E-03  -2.69871497               1
      210022      120011   4.87454468E-03  -3.02275133               1
      210022      130012   6.66883262E-03  -3.39743423               1
      210022      140013   9.52141080E-03  -3.63970590               1
      210022      150014   1.42207043E-02  -3.59491467               1
      210022      160015   2.26363521E-02  -3.24403119               1
      210022      170016   3.94816585E-02  -2.60425925               1
      210022      180017   7.87469372E-02  -1.72487843               1
      210022      190018  0.196881473     -0.766001225               1
      210022      200019  0.777111948      -3.91272008E-02           1
      210022      240023  0.776244462       9.98481810E-02           1
      210022      250024  0.197047144      0.123271711               1
      210022      260025   7.86218792E-02  0.117133789               1
      210022      270026   3.93624641E-02  0.117498361               1
      210022      280027   2.24446300E-02  0.132552654               1
      210022      290028   1.39497845E-02  0.158834592               1
      210022      300029   9.25007463E-03  0.192212433               1
      210022      310030   6.38091704E-03  0.227281407               1
      210022      320031   4.49524261E-03  0.261724710               1
      210022      330032   3.28679010E-03  0.302612305               1
      220023       20001   4.98786743E-04  -1.90754139               1
      220023       30002   5.91088785E-04  -1.88964272               1
      220023       40003   7.09512329E-04  -1.88079786               1
      220023       50004   8.44009977E-04  -1.88765919               1
      220023       60005   1.00717333E-03  -1.90863037               1
      220023       70006   1.21228793E-03  -1.94154787               1
      220023       80007   1.47161179E-03  -1.98173499               1
      220023       90008   1.80653587E-03  -2.03873730               1
      220023      100009   2.24899827E-03  -2.14769316               1
      220023      110010   2.83684744E-03  -2.36165690               1
      220023      120011   3.66982725E-03  -2.70226049               1
      220023      130012   4.86118952E-03  -3.10544252               1
      220023      140013   6.66928198E-03  -3.39773941               1
      220023      150014   9.47638601E-03  -3.42732120               1
      220023      160015   1.41359810E-02  -3.16490674               1
      220023      170016   2.25418098E-02  -2.61938405               1
      220023      180017   3.93263549E-02  -1.83218801               1
      220023      190018   7.87068978E-02 -0.939347088               1
      220023      200019  0.196391821     -0.195167422               1
      220023      210020  0.775669277       9.72168744E-02           1
      220023      250024  0.774467647       7.58089423E-02           1
      220023      260025  0.195490599      0.113486111               1
      220023      270026   7.84041584E-02  0.147120908               1
      220023      280027   3.91458236E-02  0.187777743               1
      220023      290028   2.22669691E-02  0.234923407               1
      220023      300029   1.38498154E-02  0.286305010               1
      220023      310030   9.10037104E-03  0.337303996               1
      220023      320031   6.16905792E-03  0.385991067               1
      220023      330032   4.37019672E-03  0.439647973               1
      230024       20001   4.38053772E-04  -1.63186288               1
      230024       30002   5.15395426E-04  -1.61873353               1
      230024       40003   6.13942393E-04  -1.61442268               1
      230024       50004   7.24237121E-04  -1.62579942               1
      230024       60005   8.56226194E-04  -1.65142024               1
      230024       70006   1.01990486E-03  -1.68919790               1
      230024       80007   1.22357812E-03  -1.73452532               1
      230024       90008   1.48181978E-03  -1.79710948               1
      230024      100009   1.81584887E-03  -1.91241813               1
      230024      110010   2.24827812E-03  -2.13441753               1
      230024      120011   2.84459046E-03  -2.48721480               1
      230024      130012   3.66899371E-03  -2.91160846               1
      230024      140013   4.87290369E-03  -3.24169159               1
      230024      150014   6.65399572E-03  -3.32718730               1
      230024      160015   9.44211893E-03  -3.12867832               1
      230024      170016   1.41089140E-02  -2.64652181               1
      230024      180017   2.25036442E-02  -1.91743648               1
      230024      190018   3.93893011E-02  -1.06596398               1
      230024      200019   7.86525086E-02 -0.315583557               1
      230024      210020  0.196331948       6.88898340E-02           1
      230024      220021  0.776244819       9.95972976E-02           1
      230024      260025  0.771750569       4.90578264E-02           1
      230024      270026  0.195818722       8.77399594E-02           1
      230024      280027   7.83531815E-02  0.134294078               1
      230024      290028   3.90237086E-02  0.187035799               1
      230024      300029   2.22126208E-02  0.243671194               1
      230024      310030   1.36964591E-02  0.299600661               1
      230024      320031   8.84588715E-03  0.352806330               1
      230024      330032   6.02771016E-03  0.410313040               1
      240025       20001   3.87527485E-04  -1.45409799               1
      240025       30002   4.52966022E-04  -1.44468248               1
      240025       40003   5.35848725E-04  -1.44394279               1
      240025       50004   6.27367815E-04  -1.45893729               1
      240025       60005   7.35546753E-04  -1.48836648               1
      240025       70006   8.68088857E-04  -1.53021836               1
      240025       80007   1.03072170E-03  -1.57994139               1
      240025       90008   1.23362115E-03  -1.64735317               1
      240025      100009   1.49129599E-03  -1.76814735               1
      240025      110010   1.81744748E-03  -1.99697566               1
      240025      120011   2.25695618E-03  -2.35990667               1
      240025      130012   2.84728548E-03  -2.80166769               1
      240025      140013   3.68204131E-03  -3.16252279               1
      240025      150014   4.86839842E-03  -3.29325390               1
      240025      160015   6.63964311E-03  -3.14534068               1
      240025      170016   9.43914242E-03  -2.71078897               1
      240025      180017   1.41109927E-02  -2.02189398               1
      240025      190018   2.25860290E-02  -1.19704437               1
      240025      200019   3.94497886E-02 -0.442451954               1
      240025      210020   7.88230300E-02   7.77913898E-04           1
      240025      220021  0.197045952      0.122308493               1
      240025      230022  0.774464786       7.57282376E-02           1
      240025      270026  0.773240805       2.55056750E-02           1
      240025      280027  0.195954382       5.70280254E-02           1
      240025      290028   7.82368183E-02   9.97327492E-02           1
      240025      300029   3.89961451E-02  0.149308890               1
      240025      310030   2.20203307E-02  0.200028494               1
      240025      320031   1.33522367E-02  0.249042466               1
      240025      330032   8.66632350E-03  0.302640617               1
      250026       20001   3.41607782E-04  -1.31827784               1
      250026       30002   3.96976073E-04  -1.31206965               1
      250026       40003   4.66742640E-04  -1.31444466               1
      250026       50004   5.42837603E-04  -1.33262992               1
      250026       60005   6.31794275E-04  -1.36545956               1
      250026       70006   7.39626354E-04  -1.41099453               1
      250026       80007   8.70310876E-04  -1.46473193               1
      250026       90008   1.03104906E-03  -1.53657782               1
      250026      100009   1.23193418E-03  -1.66239345               1
      250026      110010   1.48123910E-03  -1.89736843               1
      250026      120011   1.81064405E-03  -2.26916862               1
      250026      130012   2.24227156E-03  -2.72575498               1
      250026      140013   2.83624744E-03  -3.11253619               1
      250026      150014   3.65224201E-03  -3.28114843               1
      250026      160015   4.82352357E-03  -3.17526221               1
      250026      170016   6.59132982E-03  -2.77925444               1
      250026      180017   9.37647559E-03  -2.12092638               1
      250026      190018   1.40685402E-02  -1.31414235               1
      250026      200019   2.24727392E-02 -0.554870129               1
      250026      210020   3.92824300E-02  -7.00614080E-02           1
      250026      220021   7.86219612E-02  0.114950694               1
      250026      230022  0.195488855      0.113220006               1
      250026      240023  0.771749258       4.90682423E-02           1
      250026      280027  0.771849751       9.36022308E-03           1
      250026      290028  0.195125863       3.24341357E-02           1
      250026      300029   7.79416412E-02   6.68520182E-02           1
      250026      310030   3.85628268E-02  0.105790675               1
      250026      320031   2.14235131E-02  0.145147175               1
      250026      330032   1.30508300E-02  0.189961478               1
      260027       20001   3.03267210E-04  -1.18026638               1
      260027       30002   3.50557093E-04  -1.17769480               1
      260027       40003   4.09878063E-04  -1.18360877               1
      260027       50004   4.73848602E-04  -1.20540833               1
      260027       60005   5.47882344E-04  -1.24206376               1
      260027       70006   6.36772136E-04  -1.29170561               1
      260027       80007   7.43316952E-04  -1.34987736               1
      260027       90008   8.72719567E-04  -1.42656517               1
      260027      100009   1.03217375E-03  -1.55775869               1
      260027      110010   1.22664764E-03  -1.79907501               1
      260027      120011   1.47930125E-03  -2.17949677               1
      260027      130012   1.80338183E-03  -2.64966917               1
      260027      140013   2.23922916E-03  -3.05930877               1
      260027      150014   2.82100332E-03  -3.26070619               1
      260027      160015   3.62898083E-03  -3.19087648               1
      260027      170016   4.80306149E-03  -2.82751274               1
      260027      180017   6.56938041E-03  -2.19416332               1
      260027      190018   9.38200019E-03  -1.40073657               1
      260027      200019   1.40523491E-02 -0.636058807               1
      260027      210020   2.24713255E-02 -0.118817359               1
      260027      220021   3.93608846E-02  0.113348126               1
      260027      230022   7.84003213E-02  0.146453902               1
      260027      240023  0.195814714       8.77930894E-02           1
      260027      250024  0.773238122       2.55385283E-02           1
      260027      290028  0.772954345       2.59243604E-03           1
      260027      300029  0.195522934       1.98015571E-02           1
      260027      310030   7.76135698E-02   4.44262959E-02           1
      260027      320031   3.78137007E-02   7.19726831E-02           1
      260027      330032   2.11037938E-02  0.106026135               1
      270028       20001   2.68520293E-04  -1.03942132               1
      270028       30002   3.08944058E-04  -1.04045963               1
      270028       40003   3.59456288E-04  -1.04989552               1
      270028       50004   4.13367903E-04  -1.07529211               1
      270028       60005   4.75197419E-04  -1.11574924               1
      270028       70006   5.48806274E-04  -1.16946423               1
      270028       80007   6.36172888E-04  -1.23202693               1
      270028       90008   7.41099881E-04  -1.31349945               1
      270028      100009   8.68789793E-04  -1.44997954               1
      270028      110010   1.02213793E-03  -1.69743633               1
      270028      120011   1.21847366E-03  -2.08595800               1
      270028      130012   1.46569998E-03  -2.56844449               1
      270028      140013   1.79174030E-03  -2.99825764               1
      270028      150014   2.21636146E-03  -3.22821069               1
      270028      160015   2.78984266E-03  -3.18964624               1
      270028      170016   3.59720178E-03  -2.85447121               1
      270028      180017   4.76645958E-03  -2.24236631               1
      270028      190018   6.54637394E-03  -1.45964289               1
      270028      200019   9.33484081E-03 -0.689372897               1
      270028      210020   1.40002863E-02 -0.144820482               1
      270028      220021   2.24408265E-02  0.125065073               1
      270028      230022   3.91393788E-02  0.186065316               1
      270028      240023   7.83458650E-02  0.134269923               1
      270028      250024  0.195947677       5.71411215E-02           1
      270028      260025  0.771841943       9.38603748E-03           1
      270028      300029  0.776178896       1.87235442E-03           1
      270028      310030  0.195287630       1.31051773E-02           1
      270028      320031   7.64082894E-02   2.90550012E-02           1
      270028      330032   3.73939723E-02   5.24234772E-02           1
      280029       20001   2.37196960E-04 -0.902663708               1
      280029       30002   2.71794066E-04 -0.907088101               1
      280029       40003   3.14881152E-04 -0.919833660               1
      280029       50004   3.60440958E-04 -0.948612392               1
      280029       60005   4.12268913E-04 -0.992644548               1
      280029       70006   4.73506807E-04  -1.05019176               1
      280029       80007   5.45558112E-04  -1.11688972               1
      280029       90008   6.31232862E-04  -1.20287502               1
      280029      100009   7.34345755E-04  -1.34433973               1
      280029      110010   8.56486964E-04  -1.59755123               1
      280029      120011   1.01089082E-03  -1.99353766               1
      280029      130012   1.20219577E-03  -2.48711562               1
      280029      140013   1.45027868E-03  -2.93476009               1
      280029      150014   1.76658900E-03  -3.18970776               1
      280029      160015   2.18373723E-03  -3.17843580               1
      280029      170016   2.75556091E-03  -2.86783838               1
      280029      180017   3.55774071E-03  -2.27415156               1
      280029      190018   4.73448914E-03  -1.50045073               1
      280029      200019   6.49336353E-03 -0.724855840               1
      280029      210020   9.27264802E-03 -0.156409636               1
      280029      220021   1.39412889E-02  0.145799756               1
      280029      230022   2.22553518E-02  0.230776712               1
      280029      240023   3.90103459E-02  0.186370611               1
      280029      250024   7.82230049E-02   9.98284370E-02           1
      280029      260025  0.195110261       3.25178280E-02           1
      280029      270026  0.772940755       2.61236168E-03           1
      280029      310030  0.777105629       6.56466291E-04           1
      280029      320031  0.192967132       6.81862468E-03           1
      280029      330032   7.58517683E-02   2.05949452E-02           1
      290030       20001   2.09289545E-04 -0.775023818               1
      290030       30002   2.38977926E-04 -0.782529116               1
      290030       40003   2.75845057E-04 -0.798290551               1
      290030       50004   3.14504607E-04 -0.830153167               1
      290030       60005   3.58165853E-04 -0.877447605               1
      290030       70006   4.09411179E-04 -0.938496113               1
      290030       80007   4.69240826E-04  -1.00898075               1
      290030       90008   5.39757137E-04  -1.09910917               1
      290030      100009   6.23798522E-04  -1.24515903               1
      290030      110010   7.22138211E-04  -1.50365317               1
      290030      120011   8.45081406E-04  -1.90642381               1
      290030      130012   9.95261478E-04  -2.40992641               1
      290030      140013   1.18721079E-03  -2.87330532               1
      290030      150014   1.42750121E-03  -3.15014768               1
      290030      160015   1.73800939E-03  -3.16274881               1
      290030      170016   2.15418939E-03  -2.87365556               1
      290030      180017   2.72260816E-03  -2.29606080               1
      290030      190018   3.53120081E-03  -1.53017032               1
      290030      200019   4.69365297E-03 -0.749789715               1
      290030      210020   6.44808589E-03 -0.160322487               1
      290030      220021   9.23261512E-03  0.170545354               1
      290030      230022   1.38284341E-02  0.277391940               1
      290030      240023   2.21882425E-02  0.241081402               1
      290030      250024   3.89697962E-02  0.148905933               1
      290030      260025   7.79123157E-02   6.69124275E-02           1
      290030      270026  0.195494130       1.98740419E-02           1
      290030      280027  0.776153386       1.89248961E-03           1
      290030      320031  0.772031188      -9.84536135E-04           1
      290030      330032  0.192543432       4.59336024E-03           1
      300031       20001   1.80911447E-04 -0.669867039               1
      300031       30002   2.06047378E-04 -0.679638088               1
      300031       40003   2.37184460E-04 -0.697632909               1
      300031       50004   2.69615470E-04 -0.731794178               1
      300031       60005   3.06023081E-04 -0.781537473               1
      300031       70006   3.48516187E-04 -0.845235646               1
      300031       80007   3.97805241E-04 -0.918612123               1
      300031       90008   4.55465517E-04  -1.01193738               1
      300031      100009   5.23615163E-04  -1.16156554               1
      300031      110010   6.02529326E-04  -1.42423582               1
      300031      120011   7.00259523E-04  -1.83244538               1
      300031      130012   8.18200933E-04  -2.34400916               1
      300031      140013   9.67102882E-04  -2.82030702               1
      300031      150014   1.15061481E-03  -3.11528897               1
      300031      160015   1.38370367E-03  -3.14785767               1
      300031      170016   1.69029390E-03  -2.87693143               1
      300031      180017   2.09978875E-03  -2.31307197               1
      300031      190018   2.66768574E-03  -1.55396092               1
      300031      200019   3.45814740E-03 -0.769641340               1
      300031      210020   4.60724253E-03 -0.162233561               1
      300031      220021   6.35059923E-03  0.193730995               1
      300031      230022   9.06559732E-03  0.320684373               1
      300031      240023   1.36577422E-02  0.293127477               1
      300031      250024   2.19784230E-02  0.198158249               1
      300031      260025   3.85170579E-02  0.105513923               1
      300031      270026   7.75670111E-02   4.45442535E-02           1
      300031      280027  0.195243359       1.32051259E-02           1
      300031      290028  0.777069330       6.83141581E-04           1
      300031      330032  0.764158666      -1.99515582E-03           1
      310032       20001   1.50507316E-04 -0.590241373               1
      310032       30002   1.71221094E-04 -0.601357222               1
      310032       40003   1.96825771E-04 -0.620706320               1
      310032       50004   2.23374052E-04 -0.656281352               1
      310032       60005   2.53047008E-04 -0.707545280               1
      310032       70006   2.87529983E-04 -0.772902310               1
      310032       80007   3.27325426E-04 -0.848106980               1
      310032       90008   3.73606541E-04 -0.943479598               1
      310032      100009   4.27944935E-04  -1.09544134               1
      310032      110010   4.90340055E-04  -1.36090648               1
      310032      120011   5.67014969E-04  -1.77288759               1
      310032      130012   6.58626843E-04  -2.29026508               1
      310032      140013   7.73112872E-04  -2.77621365               1
      310032      150014   9.12383839E-04  -3.08513808               1
      310032      160015   1.08675298E-03  -3.13345766               1
      310032      170016   1.31254131E-03  -2.87725782               1
      310032      180017   1.60856510E-03  -2.32489824               1
      310032      190018   2.01055757E-03  -1.57185066               1
      310032      200019   2.55526043E-03 -0.784863174               1
      310032      210020   3.32296430E-03 -0.163012728               1
      310032      220021   4.44567204E-03  0.214037716               1
      310032      230022   6.11474970E-03  0.358836532               1
      310032      240023   8.78706574E-03  0.340143591               1
      310032      250024   1.32895019E-02  0.244319335               1
      310032      260025   2.13566422E-02  0.143942878               1
      310032      270026   3.77454944E-02   7.20404387E-02           1
      310032      280027   7.63423517E-02   2.93388069E-02           1
      310032      290028  0.192909896       6.97855977E-03           1
      310032      300029  0.771993458      -9.45032632E-04           1
      320033       20001   1.23761318E-04 -0.495088756               1
      320033       30002   1.40796328E-04 -0.508343637               1
      320033       40003   1.61812597E-04 -0.529805839               1
      320033       50004   1.83544529E-04 -0.567515492               1
      320033       60005   2.07758465E-04 -0.620972574               1
      320033       70006   2.35802756E-04 -0.688595533               1
      320033       80007   2.68039381E-04 -0.766164124               1
      320033       90008   3.05355439E-04 -0.864053249               1
      320033      100009   3.48934293E-04  -1.01874542               1
      320033      110010   3.98636650E-04  -1.28729641               1
      320033      120011   4.59318544E-04  -1.70312250               1
      320033      130012   5.31220867E-04  -2.22594357               1
      320033      140013   6.20306237E-04  -2.72040200               1
      320033      150014   7.27494771E-04  -3.04139614               1
      320033      160015   8.60074360E-04  -3.10352278               1
      320033      170016   1.02949806E-03  -2.86061668               1
      320033      180017   1.24818459E-03  -2.31916642               1
      320033      190018   1.53998844E-03  -1.57269609               1
      320033      200019   1.92657963E-03 -0.785067976               1
      320033      210020   2.45756214E-03 -0.152594253               1
      320033      220021   3.21079209E-03  0.241207764               1
      320033      230022   4.28848155E-03  0.400891721               1
      320033      240023   5.94025617E-03  0.390166074               1
      320033      250024   8.57366342E-03  0.294219464               1
      320033      260025   1.29533121E-02  0.187565222               1
      320033      270026   2.10043099E-02  0.106217392               1
      320033      280027   3.72972451E-02   5.32650426E-02           1
      320033      290028   7.57659078E-02   2.12455522E-02           1
      320033      300029  0.192482367       4.89023607E-03           1
      320033      310030  0.764125526      -1.92497531E-03           1
