         930
       10002       40003   2.59033346      -4.99792480    
       10002       50004  0.658959985      -4.98985338    
       10002       60005  0.265807450      -4.96922922    
       10002       70006  0.134469032      -4.92660618    
       10002       80007   7.82592744E-02  -4.85141420    
       10002       90008   5.01563624E-02  -4.74197721    
       10002      100009   3.41737531E-02  -4.63804483    
       10002      110010   2.34372113E-02  -4.67989016    
       10002      120011   1.51634617E-02  -5.09172344    
       10002      130012   9.27591510E-03  -5.96986818    
       10002      140013   5.74461464E-03  -7.16041708    
       10002      150014   3.77969514E-03  -8.40563011    
       10002      160015   2.66731647E-03  -9.49170399    
       10002      170016   2.00137612E-03  -10.3030720    
       10002      180017   1.58205966E-03  -10.7837248    
       10002      190018   1.32383860E-03  -10.8316317    
       10002      200019   1.20823993E-03  -10.2458420    
       10002      210020   1.24325021E-03  -9.02329159    
       10002      220021   1.37284794E-03  -7.77329493    
       10002      230022   1.45251374E-03  -7.00692129    
       10002      240023   1.42176112E-03  -6.62918091    
       10002      250024   1.32463698E-03  -6.43146896    
       10002      260025   1.20669988E-03  -6.30812025    
       10002      270026   1.09008164E-03  -6.21690130    
       10002      280027   9.82934609E-04  -6.14060783    
       10002      290028   8.87297443E-04  -6.07190895    
       10002      300029   8.02849769E-04  -6.00761223    
       10002      310030   7.28489482E-04  -5.94632292    
       10002      320031   6.62957318E-04  -5.88743496    
       10002      330032   6.05064619E-04  -5.83068800    
       20003       50004   2.59090829      -4.99700117    
       20003       60005  0.659655154      -4.98544502    
       20003       70006  0.266663522      -4.95600748    
       20003       80007  0.135484442      -4.89659595    
       20003       90008   7.92997256E-02  -4.80076790    
       20003      100009   5.07369488E-02  -4.69928217    
       20003      110010   3.33625861E-02  -4.72320318    
       20003      120011   2.09945589E-02  -5.09399605    
       20003      130012   1.25589361E-02  -5.91450500    
       20003      140013   7.60141574E-03  -7.05144262    
       20003      150014   4.88287816E-03  -8.27085495    
       20003      160015   3.36755370E-03  -9.36465263    
       20003      170016   2.47595110E-03  -10.2055511    
       20003      180017   1.92326726E-03  -10.7253551    
       20003      190018   1.58434140E-03  -10.8184414    
       20003      200019   1.42466172E-03  -10.2803602    
       20003      210020   1.44677237E-03  -9.08927917    
       20003      220021   1.58291776E-03  -7.84316874    
       20003      230022   1.66505890E-03  -7.06952667    
       20003      240023   1.62253063E-03  -6.68458176    
       20003      250024   1.50542182E-03  -6.48124027    
       20003      260025   1.36580854E-03  -6.35346079    
       20003      270026   1.22888724E-03  -6.25863934    
       20003      280027   1.10379991E-03  -6.17932701    
       20003      290028   9.92687303E-04  -6.10803461    
       20003      300029   8.95010657E-04  -6.04146576    
       20003      310030   8.09365651E-04  -5.97815609    
       20003      320031   7.34195521E-04  -5.91745234    
       20003      330032   6.68048917E-04  -5.85906029    
       30004       20001   2.59022045      -4.99824381    
       30004       60005   2.59181285      -4.99553537    
       30004       70006  0.660796046      -4.97837687    
       30004       80007  0.268048465      -4.93553734    
       30004       90008  0.136953905      -4.85578775    
       30004      100009   8.02217796E-02  -4.75939226    
       30004      110010   4.98397872E-02  -4.76499224    
       30004      120011   3.02532595E-02  -5.08957624    
       30004      130012   1.76054984E-02  -5.84330606    
       30004      140013   1.03688566E-02  -6.91559172    
       30004      150014   6.47417363E-03  -8.10044670    
       30004      160015   4.34453646E-03  -9.19958782    
       30004      170016   3.11770942E-03  -10.0740356    
       30004      180017   2.37215636E-03  -10.6401892    
       30004      190018   1.91896781E-03  -10.7860842    
       30004      200019   1.69675041E-03  -10.3027649    
       30004      210020   1.69787451E-03  -9.14826107    
       30004      220021   1.83865754E-03  -7.90756416    
       30004      230022   1.92172942E-03  -7.12615728    
       30004      240023   1.86362455E-03  -6.73313093    
       30004      250024   1.72148016E-03  -6.52330017    
       30004      260025   1.55511452E-03  -6.39028835    
       30004      270026   1.39333773E-03  -6.29111671    
       30004      280027   1.24642090E-03  -6.20808506    
       30004      290028   1.11657777E-03  -6.13353920    
       30004      300029   1.00296817E-03  -6.06407356    
       30004      310030   9.03794484E-04  -5.99815035    
       30004      320031   8.17120832E-04  -5.93506575    
       30004      330032   7.41164084E-04  -5.87449074    
       40005       20001  0.658813059      -4.99141216    
       40005       30002   2.59082079      -4.99723101    
       40005       70006   2.59334350      -4.99317408    
       40005       80007  0.662703395      -4.96725464    
       40005       90008  0.270150512      -4.90676546    
       40005      100009  0.138417885      -4.81955194    
       40005      110010   7.92694464E-02  -4.80740786    
       40005      120011   4.58145998E-02  -5.08026028    
       40005      130012   2.57467721E-02  -5.75652599    
       40005      140013   1.46730663E-02  -6.75030708    
       40005      150014   8.85635521E-03  -7.88823700    
       40005      160015   5.75030223E-03  -8.98793983    
       40005      170016   4.00645426E-03  -9.90048122    
       40005      180017   2.97269318E-03  -10.5233278    
       40005      190018   2.35322095E-03  -10.7341022    
       40005      200019   2.04025512E-03  -10.3173132    
       40005      210020   2.00728816E-03  -9.20834351    
       40005      220021   2.14835117E-03  -7.97651720    
       40005      230022   2.22929218E-03  -7.18746901    
       40005      240023   2.15042755E-03  -6.78572512    
       40005      250024   1.97690795E-03  -6.56873417    
       40005      260025   1.77760783E-03  -6.42988968    
       40005      270026   1.58552721E-03  -6.32584095    
       40005      280027   1.41218945E-03  -6.23862410    
       40005      290028   1.25981914E-03  -6.16040802    
       40005      300029   1.12715946E-03  -6.08766937    
       40005      310030   1.01190107E-03  -6.01878929    
       40005      320031   9.11624287E-04  -5.95300770    
       40005      330032   8.24127172E-04  -5.88995504    
       50006       20001  0.265638053      -4.97365713    
       50006       30002  0.659536839      -4.98668051    
       50006       40003   2.59173393      -4.99574518    
       50006       80007   2.59600687      -4.98933792    
       50006       90008  0.665765345      -4.95085096    
       50006      100009  0.272506982      -4.87869930    
       50006      110010  0.137523055      -4.85104227    
       50006      120011   7.39995688E-02  -5.06621790    
       50006      130012   3.97058949E-02  -5.65241528    
       50006      140013   2.17342302E-02  -6.55026865    
       50006      150014   1.25951478E-02  -7.62339401    
       50006      160015   7.85666518E-03  -8.71372509    
       50006      170016   5.27790422E-03  -9.66746712    
       50006      180017   3.79551924E-03  -10.3603363    
       50006      190018   2.92555476E-03  -10.6537428    
       50006      200019   2.47726752E-03  -10.3217564    
       50006      210020   2.38882401E-03  -9.27278042    
       50006      220021   2.52172374E-03  -8.05611229    
       50006      230022   2.59511196E-03  -7.26041365    
       50006      240023   2.48846016E-03  -6.84954453    
       50006      250024   2.27566692E-03  -6.62480974    
       50006      260025   2.03598500E-03  -6.47960520    
       50006      270026   1.80716615E-03  -6.37023449    
       50006      280027   1.60206610E-03  -6.27846146    
       50006      290028   1.42281270E-03  -6.19626474    
       50006      300029   1.26757380E-03  -6.11998940    
       50006      310030   1.13337510E-03  -6.04792547    
       50006      320031   1.01718097E-03  -5.97924948    
       50006      330032   9.16263380E-04  -5.91354513    
       60007       20001  0.134287775      -4.93615198    
       60007       30002  0.266522408      -4.95975590    
       60007       40003  0.660684943      -4.97957039    
       60007       50004   2.59326315      -4.99339437    
       60007       90008   2.60052681      -4.98340607    
       60007      100009  0.669608057      -4.93330383    
       60007      110010  0.271964937      -4.89571953    
       60007      120011  0.130626172      -5.04745197    
       60007      130012   6.56143203E-02  -5.52854013    
       60007      140013   3.41244005E-02  -6.30873299    
       60007      150014   1.88242793E-02  -7.29158115    
       60007      160015   1.11822188E-02  -8.35338020    
       60007      170016   7.17689795E-03  -9.34607792    
       60007      180017   4.95964335E-03  -10.1242247    
       60007      190018   3.69535899E-03  -10.5258389    
       60007      200019   3.03805689E-03  -10.3074951    
       60007      210020   2.85816868E-03  -9.34263611    
       60007      220021   2.96703656E-03  -8.15269184    
       60007      230022   3.02344188E-03  -7.35305738    
       60007      240023   2.87952088E-03  -6.93310690    
       60007      250024   2.61791120E-03  -6.70017862    
       60007      260025   2.32927548E-03  -6.54815197    
       60007      270026   2.05652532E-03  -6.43307781    
       60007      280027   1.81382743E-03  -6.33645391    
       60007      290028   1.60302909E-03  -6.25005531    
       60007      300029   1.42151094E-03  -6.17008066    
       60007      310030   1.26544049E-03  -6.09471655    
       60007      320031   1.13100605E-03  -6.02306271    
       60007      330032   1.01482519E-03  -5.95464849    
       70008       20001   7.80783743E-02  -4.86848974    
       70008       30002  0.135331467      -4.90497828    
       70008       40003  0.267913818      -4.93926573    
       70008       50004  0.662588835      -4.96853781    
       70008       60005   2.59592056      -4.98958731    
       70008      100009   2.60677862      -4.97658491    
       70008      110010  0.670111418      -4.93961811    
       70008      120011  0.263220191      -5.02502823    
       70008      130012  0.119208060      -5.38339901    
       70008      140013   5.78579158E-02  -6.01908064    
       70008      150014   3.00335251E-02  -6.87648964    
       70008      160015   1.68067981E-02  -7.87547541    
       70008      170016   1.01850117E-02  -8.89133644    
       70008      180017   6.68295333E-03  -9.76702595    
       70008      190018   4.76088608E-03  -10.3119450    
       70008      200019   3.76485009E-03  -10.2539921    
       70008      210020   3.42994696E-03  -9.41617393    
       70008      220021   3.48454458E-03  -8.27575397    
       70008      230022   3.50728934E-03  -7.47888756    
       70008      240023   3.31340428E-03  -7.05106211    
       70008      250024   2.99225771E-03  -6.80987024    
       70008      260025   2.64588371E-03  -6.65074492    
       70008      270026   2.32225936E-03  -6.52973843    
       70008      280027   2.03659968E-03  -6.42813110    
       70008      290028   1.79016823E-03  -6.33749199    
       70008      300029   1.57928211E-03  -6.25385714    
       70008      310030   1.39902264E-03  -6.17528915    
       70008      320031   1.24462275E-03  -6.10079813    
       70008      330032   1.11190707E-03  -6.02984381    
       80009       20001   4.99921218E-02  -4.76817322    
       80009       30002   7.91518986E-02  -4.81584311    
       80009       40003  0.136812449      -4.86411810    
       80009       50004  0.270017147      -4.91074705    
       80009       60005  0.665649235      -4.95228243    
       80009       70006   2.60044146      -4.98368931    
       80009      110010   2.60975242      -4.97751141    
       80009      120011  0.660350323      -5.00331068    
       80009      130012  0.248741612      -5.22219706    
       80009      140013  0.109003864      -5.68170404    
       80009      150014   5.23530692E-02  -6.36790371    
       80009      160015   2.72400808E-02  -7.24796009    
       80009      170016   1.53644457E-02  -8.24224472    
       80009      180017   9.41737276E-03  -9.20852089    
       80009      190018   6.30819099E-03  -9.93602085    
       80009      200019   4.72404202E-03  -10.1131582    
       80009      210020   4.11300408E-03  -9.48366451    
       80009      220021   4.05308930E-03  -8.44201374    
       80009      230022   4.01131529E-03  -7.66504765    
       80009      240023   3.75048490E-03  -7.23393583    
       80009      250024   3.35963839E-03  -6.98567486    
       80009      260025   2.94918171E-03  -6.81985188    
       80009      270026   2.57073320E-03  -6.69321585    
       80009      280027   2.23975373E-03  -6.58701563    
       80009      290028   1.95641536E-03  -6.49264860    
       80009      300029   1.71563181E-03  -6.40597439    
       80009      310030   1.51116401E-03  -6.32491112    
       80009      320031   1.33712578E-03  -6.24835253    
       80009      330032   1.18843443E-03  -6.17566633    
       90010       20001   3.40503156E-02  -4.67258263    
       90010       30002   5.06230891E-02  -4.72155476    
       90010       40003   8.01071227E-02  -4.77367926    
       90010       50004  0.138303757      -4.82793379    
       90010       60005  0.272402942      -4.88282490    
       90010       70006  0.669529259      -4.93479252    
       90010       80007   2.60674024      -4.97687149    
       90010      120011   2.60345459      -4.99255562    
       90010      130012  0.646656454      -5.07186985    
       90010      140013  0.238106489      -5.32783079    
       90010      150014  0.102907196      -5.79333687    
       90010      160015   4.90420163E-02  -6.47782087    
       90010      170016   2.53749639E-02  -7.35906267    
       90010      180017   1.42566171E-02  -8.35114288    
       90010      190018   8.77202488E-03  -9.26817799    
       90010      200019   6.06274465E-03  -9.77735424    
       90010      210020   4.92025912E-03  -9.50824451    
       90010      220021   4.61762724E-03  -8.67949867    
       90010      230022   4.44994401E-03  -7.96969938    
       90010      240023   4.09784308E-03  -7.55094290    
       90010      250024   3.63075989E-03  -7.30146265    
       90010      260025   3.15736351E-03  -7.13203382    
       90010      270026   2.72839935E-03  -7.00218582    
       90010      280027   2.35759700E-03  -6.89377308    
       90010      290028   2.04315246E-03  -6.79820442    
       90010      300029   1.77817303E-03  -6.71119499    
       90010      310030   1.55491906E-03  -6.63049316    
       90010      320031   1.36631145E-03  -6.55483770    
       90010      330032   1.20633875E-03  -6.48346329    
      100011       20001   2.33883224E-02  -4.71755171    
      100011       30002   3.33272815E-02  -4.74921465    
      100011       40003   4.98097241E-02  -4.78336191    
      100011       50004   7.92469531E-02  -4.81962299    
      100011       60005  0.137518197      -4.85819292    
      100011       70006  0.271992922      -4.89910841    
      100011       80007  0.670186818      -4.94073772    
      100011       90008   2.60987425      -4.97768879    
      100011      130012   2.60314775      -4.99223471    
      100011      140013  0.643532991      -5.05665302    
      100011      150014  0.235222444      -5.27981901    
      100011      160015  0.100714386      -5.70772219    
      100011      170016   4.73994501E-02  -6.36117315    
      100011      180017   2.41388232E-02  -7.22800398    
      100011      190018   1.33654336E-02  -8.21760750    
      100011      200019   8.25673062E-03  -9.07689095    
      100011      210020   5.99526986E-03  -9.37071323    
      100011      220021   5.16402489E-03  -8.99489021    
      100011      230022   4.73974505E-03  -8.48224068    
      100011      240023   4.25033830E-03  -8.12825394    
      100011      250024   3.70016880E-03  -7.90104485    
      100011      260025   3.17255990E-03  -7.74202442    
      100011      270026   2.70716357E-03  -7.61999273    
      100011      280027   2.31178291E-03  -7.51965237    
      100011      290028   1.98096526E-03  -7.43322182    
      100011      300029   1.70539762E-03  -7.35653782    
      100011      310030   1.47567340E-03  -7.28723621    
      100011      320031   1.28354109E-03  -7.22386980    
      100011      330032   1.12215546E-03  -7.16546488    
      110012       20001   1.52096739E-02  -5.11892414    
      110012       30002   2.10695937E-02  -5.11227226    
      110012       40003   3.03543489E-02  -5.10288525    
      110012       50004   4.59471978E-02  -5.08957815    
      110012       60005   7.41747841E-02  -5.07196856    
      110012       70006  0.130857959      -5.05029535    
      110012       80007  0.263519049      -5.02595472    
      110012       90008  0.660708606      -5.00337315    
      110012      100009   2.60381746      -4.99248600    
      110012      140013   2.61549711      -4.97089624    
      110012      150014  0.648338556      -5.00137329    
      110012      160015  0.236448035      -5.18626261    
      110012      170016  0.100486606      -5.57295465    
      110012      180017   4.66785245E-02  -6.18687534    
      110012      190018   2.33650282E-02  -7.02715683    
      110012      200019   1.27905039E-02  -8.00837517    
      110012      210020   8.04822985E-03  -8.84769440    
      110012      220021   6.06422685E-03  -9.18468094    
      110012      230022   5.10384329E-03  -9.12020397    
      110012      240023   4.36037732E-03  -8.96620274    
      110012      250024   3.68171535E-03  -8.83238125    
      110012      260025   3.08489124E-03  -8.72899628    
      110012      270026   2.58125551E-03  -8.65008545    
      110012      280027   2.16523861E-03  -8.58966541    
      110012      290028   1.82435836E-03  -8.54353905    
      110012      300029   1.54529186E-03  -8.50891972    
      110012      310030   1.31620886E-03  -8.48390579    
      110012      320031   1.12733257E-03  -8.46710491    
      110012      330032   9.70833236E-04  -8.45738316    
      120013       20001   9.39218141E-03  -5.95849562    
      120013       30002   1.27190817E-02  -5.89903545    
      120013       40003   1.78128276E-02  -5.82874441    
      120013       50004   2.60101054E-02  -5.74418497    
      120013       60005   4.00372669E-02  -5.64250517    
      120013       70006   6.60259500E-02  -5.52105522    
      120013       80007  0.119705871      -5.37830210    
      120013       90008  0.249310866      -5.21928596    
      120013      100009  0.647235155      -5.07063627    
      120013      110010   2.60360765      -4.99195004    
      120013      150014   2.62469172      -4.95839119    
      120013      160015  0.652047396      -4.97362375    
      120013      170016  0.237621099      -5.14104891    
      120013      180017  0.100578882      -5.50596285    
      120013      190018   4.63913344E-02  -6.09610605    
      120013      200019   2.30914224E-02  -6.92524195    
      120013      210020   1.27930501E-02  -7.93225384    
      120013      220021   8.31902027E-03  -8.84526157    
      120013      230022   6.23330893E-03  -9.36868191    
      120013      240023   4.95776394E-03  -9.56956005    
      120013      250024   4.00197087E-03  -9.63139153    
      120013      260025   3.24693811E-03  -9.65106487    
      120013      270026   2.64740642E-03  -9.66497612    
      120013      280027   2.17129453E-03  -9.68589020    
      120013      290028   1.79221411E-03  -9.71823978    
      120013      300029   1.48891215E-03  -9.76346874    
      120013      310030   1.24476070E-03  -9.82187462    
      120013      320031   1.04695582E-03  -9.89324474    
      120013      330032   8.85697315E-04  -9.97703171    
      130014       20001   5.88524481E-03  -7.07223034    
      130014       30002   7.79276434E-03  -6.96273041    
      130014       40003   1.06179174E-02  -6.83484554    
      130014       50004   1.49904657E-02  -6.68161631    
      130014       60005   2.21321955E-02  -6.49568415    
      130014       70006   3.46137546E-02  -6.26889706    
      130014       80007   5.84417358E-02  -5.99322891    
      130014       90008  0.109663904      -5.66753626    
      130014      100009  0.238778934      -5.32173347    
      130014      110010  0.644093156      -5.05478430    
      130014      120011   2.61583209      -4.97058392    
      130014      160015   2.62809920      -4.95571518    
      130014      170016  0.653452933      -4.96797752    
      130014      180017  0.238077030      -5.13089085    
      130014      190018  0.100638464      -5.48931837    
      130014      200019   4.64151800E-02  -6.08083487    
      130014      210020   2.33832523E-02  -6.95113707    
      130014      220021   1.34238573E-02  -8.02732372    
      130014      230022   8.93055182E-03  -8.95218277    
      130014      240023   6.53573358E-03  -9.50586128    
      130014      250024   4.99798125E-03  -9.79679298    
      130014      260025   3.90614336E-03  -9.96374702    
      130014      270026   3.09640425E-03  -10.0813856    
      130014      280027   2.48230691E-03  -10.1841230    
      130014      290028   2.00942438E-03  -10.2880068    
      130014      300029   1.64072390E-03  -10.4009218    
      130014      310030   1.35011878E-03  -10.5269470    
      130014      320031   1.11886405E-03  -10.6682234    
      130014      330032   9.33293311E-04  -10.8257122    
      140015       20001   3.91263748E-03  -8.21593571    
      140015       30002   5.06643159E-03  -8.07551193    
      140015       40003   6.71666861E-03  -7.91408539    
      140015       50004   9.16870683E-03  -7.72110033    
      140015       60005   1.29890889E-02  -7.48323536    
      140015       70006   1.93095617E-02  -7.18359661    
      140015       80007   3.06119937E-02  -6.80240965    
      140015       90008   5.30061871E-02  -6.32487297    
      140015      100009  0.103574209      -5.77360249    
      140015      110010  0.235787854      -5.27309990    
      140015      120011  0.648699105      -4.99974728    
      140015      130012   2.62485862      -4.95817041    
      140015      170016   2.62910342      -4.95565319    
      140015      180017  0.653827965      -4.96760798    
      140015      190018  0.238148361      -5.12967348    
      140015      200019  0.100685127      -5.49426126    
      140015      210020   4.67701443E-02  -6.13228703    
      140015      220021   2.42264997E-02  -7.09433985    
      140015      230022   1.44141829E-02  -8.14255905    
      140015      240023   9.64737684E-03  -8.92516422    
      140015      250024   6.93365699E-03  -9.40883636    
      140015      260025   5.19037293E-03  -9.70935726    
      140015      270026   3.98766855E-03  -9.91671085    
      140015      280027   3.12155206E-03  -10.0809469    
      140015      290028   2.47958163E-03  -10.2286329    
      140015      300029   1.99345243E-03  -10.3742228    
      140015      310030   1.61905074E-03  -10.5258913    
      140015      320031   1.32668344E-03  -10.6883888    
      140015      330032   1.09575270E-03  -10.8643913    
      150016       20001   2.77660601E-03  -9.21147251    
      150016       30002   3.52360308E-03  -9.05956745    
      150016       40003   4.55560861E-03  -8.89118004    
      150016       50004   6.02669129E-03  -8.69426537    
      150016       60005   8.20917729E-03  -8.45123291    
      150016       70006   1.16196731E-02  -8.13649273    
      150016       80007   1.73306782E-02  -7.71464825    
      150016       90008   2.78333575E-02  -7.14626837    
      150016      100009   4.96498607E-02  -6.42706299    
      150016      110010  0.101233803      -5.68908787    
      150016      120011  0.236787543      -5.18120050    
      150016      130012  0.652216256      -4.97260380    
      150016      140013   2.62816572      -4.95559645    
      150016      180017   2.62920237      -4.95565605    
      150016      190018  0.653654754      -4.96739483    
      150016      200019  0.237904340      -5.13430166    
      150016      210020  0.100753985      -5.53811121    
      150016      220021   4.75592650E-02  -6.27436256    
      150016      230022   2.55095679E-02  -7.23741007    
      150016      240023   1.55593827E-02  -8.09207535    
      150016      250024   1.04205254E-02  -8.69587231    
      150016      260025   7.40999682E-03  -9.10125256    
      150016      270026   5.48219867E-03  -9.38495350    
      150016      280027   4.17154003E-03  -9.60012817    
      150016      290028   3.24216927E-03  -9.77903461    
      150016      300029   2.56228633E-03  -9.94096088    
      150016      310030   2.05278140E-03  -10.0976181    
      150016      320031   1.66357134E-03  -10.2562513    
      150016      330032   1.36162108E-03  -10.4213228    
      160017       20001   2.08014064E-03  -9.97939873    
      160017       30002   2.59596459E-03  -9.82516670    
      160017       40003   3.28647392E-03  -9.66400719    
      160017       50004   4.23320336E-03  -9.48535347    
      160017       60005   5.57230040E-03  -9.27176571    
      160017       70006   7.54686259E-03  -8.99460793    
      160017       80007   1.06320465E-02  -8.60770035    
      160017       90008   1.58738531E-02  -8.04429245    
      160017      100009   2.58991681E-02  -7.24927521    
      160017      110010   4.78493758E-02  -6.31721497    
      160017      120011  0.100783207      -5.56031275    
      160017      130012  0.237771392      -5.13822651    
      160017      140013  0.653514445      -4.96750450    
      160017      150014   2.62912202      -4.95561218    
      160017      190018   2.62853384      -4.95552206    
      160017      200019  0.652691782      -4.97014284    
      160017      210020  0.237103194      -5.16527081    
      160017      220021  0.101027668      -5.65400982    
      160017      230022   4.90800925E-02  -6.41521883    
      160017      240023   2.72840913E-02  -7.19555855    
      160017      250024   1.69287492E-02  -7.81713676    
      160017      260025   1.13453316E-02  -8.27189732    
      160017      270026   8.02164804E-03  -8.60481358    
      160017      280027   5.89507353E-03  -8.85780430    
      160017      290028   4.45990311E-03  -9.06071663    
      160017      300029   3.45120998E-03  -9.23354340    
      160017      310030   2.71942373E-03  -9.38956165    
      160017      320031   2.17496115E-03  -9.53765583    
      160017      330032   1.76154741E-03  -9.68383408    
      170018       20001   1.62810681E-03  -10.4830475    
      170018       30002   2.00442085E-03  -10.3305960    
      170018       40003   2.49484088E-03  -10.1816740    
      170018       50004   3.14488658E-03  -10.0290270    
      170018       60005   4.02563857E-03  -9.85924149    
      170018       70006   5.25470823E-03  -9.64789677    
      170018       80007   7.04459893E-03  -9.35013962    
      170018       90008   9.83351097E-03  -8.88671494    
      170018      100009   1.46873156E-02  -8.15003586    
      170018      110010   2.45091170E-02  -7.13813400    
      170018      120011   4.69214730E-02  -6.15964890    
      170018      130012  0.100698963      -5.49990797    
      170018      140013  0.238121018      -5.12991619    
      170018      150014  0.653833687      -4.96755886    
      170018      160015   2.62919140      -4.95567989    
      170018      200019   2.62607169      -4.95696831    
      170018      210020  0.649840295      -4.98971367    
      170018      220021  0.235878021      -5.24844408    
      170018      230022  0.102692030      -5.76664782    
      170018      240023   5.19880988E-02  -6.37366390    
      170018      250024   2.98178084E-02  -6.90882206    
      170018      260025   1.87486559E-02  -7.33327913    
      170018      270026   1.25975944E-02  -7.66240740    
      170018      280027   8.89066700E-03  -7.92013359    
      170018      290028   6.51380839E-03  -8.12688732    
      170018      300029   4.91400296E-03  -8.29823017    
      170018      310030   3.79469316E-03  -8.44570446    
      170018      320031   2.98664253E-03  -8.57787800    
      170018      330032   2.38817022E-03  -8.70125294    
      180019       20001   1.33897236E-03  -10.6098232    
      180019       30002   1.62818714E-03  -10.4743471    
      180019       40003   1.99666526E-03  -10.3498793    
      180019       50004   2.47135060E-03  -10.2328892    
      180019       60005   3.09117860E-03  -10.1156769    
      180019       70006   3.91450571E-03  -9.98260212    
      180019       80007   5.03526023E-03  -9.80123329    
      180019       90008   6.62826421E-03  -9.50361729    
      180019      100009   9.10535175E-03  -8.96342754    
      180019      110010   1.36505626E-02  -8.06291199    
      180019      120011   2.35460866E-02  -6.97760010    
      180019      130012   4.64695990E-02  -6.08630085    
      180019      140013  0.100649953      -5.48868799    
      180019      150014  0.238122895      -5.13025045    
      180019      160015  0.653610051      -4.96775293    
      180019      170016   2.62848282      -4.95561886    
      180019      210020   2.61876321      -4.96612024    
      180019      220021  0.644962370      -5.04078007    
      180019      230022  0.237371236      -5.32169342    
      180019      240023  0.107740253      -5.71437597    
      180019      250024   5.68701103E-02  -6.09402180    
      180019      260025   3.34790945E-02  -6.41567087    
      180019      270026   2.13301834E-02  -6.67829227    
      180019      280027   1.44169275E-02  -6.89161110    
      180019      290028   1.01986453E-02  -7.06578350    
      180019      300029   7.47892307E-03  -7.20951271    
      180019      310030   5.64529933E-03  -7.33008194    
      180019      320031   4.36276756E-03  -7.43366575    
      180019      330032   3.43780569E-03  -7.52569628    
      190020       20001   1.20126072E-03  -10.0899734    
      190020       30002   1.43975974E-03  -10.0104485    
      190020       40003   1.73746038E-03  -9.94336033    
      190020       50004   2.11148313E-03  -9.88850212    
      190020       60005   2.58443970E-03  -9.84389591    
      190020       70006   3.18591832E-03  -9.80397987    
      190020       80007   3.95487342E-03  -9.75439835    
      190020       90008   4.94892569E-03  -9.65785313    
      190020      100009   6.29698439E-03  -9.42149162    
      190020      110010   8.45119171E-03  -8.87346935    
      190020      120011   1.28985867E-02  -7.94305754    
      190020      130012   2.31100619E-02  -6.91980696    
      190020      140013   4.63694595E-02  -6.08665371    
      190020      150014  0.100596897      -5.49886036    
      190020      160015  0.237787277      -5.13661575    
      190020      170016  0.652557254      -4.97101259    
      190020      180017   2.62593675      -4.95716143    
      190020      220021   2.60611296      -4.98719406    
      190020      230022  0.645228624      -5.07526922    
      190020      240023  0.246027023      -5.25893688    
      190020      250024  0.116910867      -5.46157551    
      190020      260025   6.39694780E-02  -5.64450407    
      190020      270026   3.85673158E-02  -5.79981422    
      190020      280027   2.49516424E-02  -5.92939520    
      190020      290028   1.70363858E-02  -6.03670979    
      190020      300029   1.21380026E-02  -6.12504005    
      190020      310030   8.95018969E-03  -6.19749355    
      190020      320031   6.78735273E-03  -6.25722170    
      190020      330032   5.26748691E-03  -6.30762625    
      200021       20001   1.23456446E-03  -8.83563900    
      200021       30002   1.45328394E-03  -8.84143257    
      200021       40003   1.72098121E-03  -8.85660172    
      200021       50004   2.04971293E-03  -8.88293743    
      200021       60005   2.45381589E-03  -8.92252254    
      200021       70006   2.94860965E-03  -8.97788906    
      200021       80007   3.54647473E-03  -9.05151367    
      200021       90008   4.24989546E-03  -9.14232063    
      200021      100009   5.05800871E-03  -9.22939014    
      200021      110010   6.09521801E-03  -9.20971107    
      200021      120011   8.07046331E-03  -8.82285023    
      200021      130012   1.27286185E-02  -7.97177124    
      200021      140013   2.32461393E-02  -6.98957682    
      200021      150014   4.65743206E-02  -6.15496588    
      200021      160015  0.100509018      -5.54902983    
      200021      170016  0.236818895      -5.16976738    
      200021      180017  0.649534464      -4.99119902    
      200021      190018   2.61847377      -4.96641541    
      200021      230022   2.60229897      -4.99529028    
      200021      240023  0.657046080      -5.02431107    
      200021      250024  0.260148078      -5.07369518    
      200021      260025  0.128275722      -5.12505722    
      200021      270026   7.22795948E-02  -5.17088699    
      200021      280027   4.45567779E-02  -5.20932007    
      200021      290028   2.93209590E-02  -5.24023533    
      200021      300029   2.02900097E-02  -5.26392889    
      200021      310030   1.46153821E-02  -5.28096437    
      200021      320031   1.08769145E-02  -5.29230356    
      200021      330032   8.31430312E-03  -5.29947662    
      210022       20001   1.38775154E-03  -7.51995087    
      210022       30002   1.60655018E-03  -7.58128691    
      210022       40003   1.86994195E-03  -7.64971924    
      210022       50004   2.18748604E-03  -7.72742462    
      210022       60005   2.56939488E-03  -7.81794357    
      210022       70006   3.02382046E-03  -7.92754030    
      210022       80007   3.54973180E-03  -8.06794643    
      210022       90008   4.12186701E-03  -8.26190281    
      210022      100009   4.67534550E-03  -8.55083656    
      210022      110010   5.18036308E-03  -8.96287918    
      210022      120011   6.00353302E-03  -9.28302765    
      210022      130012   8.16590805E-03  -9.00953007    
      210022      140013   1.31822377E-02  -8.16274261    
      210022      150014   2.39034332E-02  -7.17534399    
      210022      160015   4.71607223E-02  -6.31467724    
      210022      170016  0.100562207      -5.67143202    
      210022      180017  0.235364437      -5.25490141    
      210022      190018  0.644442439      -5.04265642    
      210022      200019   2.60566854      -4.98750353    
      210022      240023   2.60909557      -4.98054028    
      210022      250024  0.668894410      -4.95089102    
      210022      260025  0.270760089      -4.91904259    
      210022      270026  0.136490762      -4.88845968    
      210022      280027   7.84268528E-02  -4.85973358    
      210022      290028   4.91637923E-02  -4.83229208    
      210022      300029   3.28212567E-02  -4.80545282    
      210022      310030   2.29957458E-02  -4.77881050    
      210022      320031   1.67433769E-02  -4.75234699    
      210022      330032   1.25769768E-02  -4.72652912    
      220023       20001   1.49792328E-03  -6.73201370    
      220023       30002   1.71426951E-03  -6.81025553    
      220023       40003   1.97168207E-03  -6.89456463    
      220023       50004   2.27814144E-03  -6.98694181    
      220023       60005   2.64146831E-03  -7.09105492    
      220023       70006   3.06603615E-03  -7.21405363    
      220023       80007   3.54439951E-03  -7.37064171    
      220023       90008   4.03905474E-03  -7.59276533    
      220023      100009   4.45791613E-03  -7.95095396    
      220023      110010   4.70473617E-03  -8.55889893    
      220023      120011   4.99395700E-03  -9.34056377    
      220023      130012   6.02842169E-03  -9.68644619    
      220023      140013   8.62708874E-03  -9.24025059    
      220023      150014   1.40142534E-02  -8.33699417    
      220023      160015   2.50167474E-02  -7.34489202    
      220023      170016   4.85022515E-02  -6.46565294    
      220023      180017  0.102048784      -5.78676128    
      220023      190018  0.236706987      -5.32822180    
      220023      200019  0.644629955      -5.07675219    
      220023      210020   2.60188913      -4.99542713    
      220023      250024   2.60818553      -4.97580290    
      220023      260025  0.670291424      -4.93242741    
      220023      270026  0.272779524      -4.87986135    
      220023      280027  0.138477474      -4.82520485    
      220023      290028   8.01787078E-02  -4.77167416    
      220023      300029   5.06477654E-02  -4.72019434    
      220023      310030   3.40601094E-02  -4.67096901    
      220023      320031   2.40259636E-02  -4.62418175    
      220023      330032   1.76004916E-02  -4.58023405    
      230024       20001   1.48416380E-03  -6.36180878    
      230024       30002   1.68547104E-03  -6.44197559    
      230024       40003   1.92298298E-03  -6.52756023    
      230024       50004   2.20324961E-03  -6.62036467    
      230024       60005   2.53227376E-03  -6.72390223    
      230024       70006   2.91222264E-03  -6.84534168    
      230024       80007   3.33316787E-03  -7.00001192    
      230024       90008   3.75494338E-03  -7.22256517    
      230024      100009   4.08094423E-03  -7.59387016    
      230024      110010   4.19586152E-03  -8.26535130    
      230024      120011   4.24103811E-03  -9.25559044    
      230024      130012   4.75091953E-03  -9.99174500    
      230024      140013   6.23259554E-03  -9.92958069    
      230024      150014   9.24668647E-03  -9.24912453    
      230024      160015   1.50632318E-02  -8.29475880    
      230024      170016   2.66998280E-02  -7.30160189    
      230024      180017   5.13351969E-02  -6.41983223    
      230024      190018  0.107063092      -5.73045635    
      230024      200019  0.245412111      -5.26281071    
      230024      210020  0.656616390      -5.02459002    
      230024      220021   2.60891366      -4.98041582    
      230024      260025   2.60191798      -4.98191309    
      230024      270026  0.666607499      -4.94754982    
      230024      280027  0.270646572      -4.90276289    
      230024      290028  0.137238458      -4.85304165    
      230024      300029   7.94536844E-02  -4.80177116    
      230024      310030   5.02208285E-02  -4.75066805    
      230024      320031   3.38076241E-02  -4.70076752    
      230024      330032   2.38758642E-02  -4.65301323    
      240025       20001   1.38855306E-03  -6.18536329    
      240025       30002   1.56765920E-03  -6.26348162    
      240025       40003   1.77753589E-03  -6.34650469    
      240025       50004   2.02342146E-03  -6.43607950    
      240025       60005   2.30983878E-03  -6.53554201    
      240025       70006   2.63757631E-03  -6.65189409    
      240025       80007   2.99617834E-03  -6.80043602    
      240025       90008   3.34742060E-03  -7.01645708    
      240025      100009   3.60077876E-03  -7.38440037    
      240025      110010   3.64314415E-03  -8.07209015    
      240025      120011   3.57553852E-03  -9.15137386    
      240025      130012   3.82277765E-03  -10.1016369    
      240025      140013   4.73297993E-03  -10.3040695    
      240025      150014   6.57898514E-03  -9.83564377    
      240025      160015   9.97713674E-03  -8.99258995    
      240025      170016   1.64032634E-02  -7.98939753    
      240025      180017   2.92284507E-02  -6.99095058    
      240025      190018   5.62586263E-02  -6.12462997    
      240025      200019  0.116358966      -5.46902895    
      240025      210020  0.259772331      -5.07367420    
      240025      220021  0.668754578      -4.94998217    
      240025      230022   2.60819530      -4.97553158    
      240025      270026   2.59685063      -4.98831749    
      240025      280027  0.663238704      -4.96493721    
      240025      290028  0.268379122      -4.93269062    
      240025      300029  0.135677725      -4.89501047    
      240025      310030   7.83510283E-02  -4.85448837    
      240025      320031   4.94201593E-02  -4.81282187    
      240025      330032   3.32095735E-02  -4.77138090    
      250026       20001   1.26261648E-03  -6.09318209    
      250026       30002   1.41843420E-03  -6.16824532    
      250026       40003   1.59992313E-03  -6.24777746    
      250026       50004   1.81121170E-03  -6.33330154    
      250026       60005   2.05565663E-03  -6.42799425    
      250026       70006   2.33317772E-03  -6.53865910    
      250026       80007   2.63366872E-03  -6.68039179    
      250026       90008   2.92250933E-03  -6.88845921    
      250026      100009   3.11876228E-03  -7.24848938    
      250026      110010   3.11918627E-03  -7.93622112    
      250026      120011   2.99972598E-03  -9.05555058    
      250026      130012   3.10553960E-03  -10.1291952    
      250026      140013   3.69246164E-03  -10.5060730    
      250026      150014   4.89838142E-03  -10.1999388    
      250026      160015   7.03963917E-03  -9.47206974    
      250026      170016   1.09022865E-02  -8.50709915    
      250026      180017   1.82491224E-02  -7.45516157    
      250026      190018   3.29604186E-02  -6.46414089    
      250026      200019   6.35052621E-02  -5.65637684    
      250026      210020  0.127971888      -5.12396765    
      250026      220021  0.270672351      -4.91613340    
      250026      230022  0.670343161      -4.93099308    
      250026      240023   2.60199618      -4.98162746    
      250026      280027   2.59380150      -4.99259710    
      250026      290028  0.661084414      -4.97717381    
      250026      300029  0.266830534      -4.95503569    
      250026      310030  0.134540245      -4.92823458    
      250026      320031   7.74957985E-02  -4.89859724    
      250026      330032   4.87612188E-02  -4.86762333    
      260027       20001   1.13375520E-03  -6.04142046    
      260027       30002   1.26806577E-03  -6.11322689    
      260027       40003   1.42364437E-03  -6.18911934    
      260027       50004   1.60372630E-03  -6.27051973    
      260027       60005   1.81077980E-03  -6.36046362    
      260027       70006   2.04418763E-03  -6.46556330    
      260027       80007   2.29455531E-03  -6.60066605    
      260027       90008   2.53119902E-03  -6.80078793    
      260027      100009   2.68317293E-03  -7.15181351    
      260027      110010   2.65898998E-03  -7.83370018    
      260027      120011   2.51771486E-03  -8.97167301    
      260027      130012   2.54386733E-03  -10.1229725    
      260027      140013   2.93420791E-03  -10.6199970    
      260027      150014   3.75899952E-03  -10.4337215    
      260027      160015   5.18609816E-03  -9.80358028    
      260027      170016   7.66274473E-03  -8.89091301    
      260027      180017   1.21896621E-02  -7.82207346    
      260027      190018   2.09052172E-02  -6.74586487    
      260027      200019   3.81889828E-02  -5.81662560    
      260027      210020   7.20407367E-02  -5.16800404    
      260027      220021  0.136442617      -4.88218880    
      260027      230022  0.272858679      -4.87588310    
      260027      240023  0.666715980      -4.94612026    
      260027      250024   2.59693480      -4.98806715    
      260027      290028   2.59205461      -4.99523687    
      260027      300029  0.659794033      -4.98502779    
      260027      310030  0.265860260      -4.96998978    
      260027      320031  0.133795619      -4.95141649    
      260027      330032   7.69111291E-02  -4.93071270    
      270028       20001   1.01333298E-03  -6.01115370    
      270028       30002   1.12882059E-03  -6.07975769    
      270028       40003   1.26191380E-03  -6.15210676    
      270028       50004   1.41514745E-03  -6.22953606    
      270028       60005   1.59032387E-03  -6.31495714    
      270028       70006   1.78650941E-03  -6.41480541    
      270028       80007   1.99513999E-03  -6.54367638    
      270028       90008   2.18926999E-03  -6.73626041    
      270028      100009   2.30718427E-03  -7.07829857    
      270028      110010   2.26879562E-03  -7.75216770    
      270028      120011   2.12120288E-03  -8.89850044    
      270028      130012   2.10167002E-03  -10.1027412    
      270028      140013   2.36644153E-03  -10.6874781    
      270028      150014   2.95020267E-03  -10.5912523    
      270028      160015   3.94295761E-03  -10.0395555    
      270028      170016   5.61281620E-03  -9.17849922    
      270028      180017   8.56595673E-03  -8.11151981    
      270028      190018   1.40760867E-02  -6.97771883    
      270028      200019   2.46477257E-02  -5.95156860    
      270028      210020   4.43686880E-02  -5.20434475    
      270028      220021   7.84014314E-02  -4.84906101    
      270028      230022  0.138566449      -4.81724215    
      270028      240023  0.270769149      -4.89887285    
      270028      250024  0.663347304      -4.96368122    
      270028      260025   2.59387708      -4.99238443    
      270028      300029   2.59103560      -4.99687052    
      270028      310030  0.659013927      -4.99004555    
      270028      320031  0.265251726      -4.97988129    
      270028      330032  0.133309573      -4.96737289    
      280029       20001   9.05092282E-04  -5.99309826    
      280029       30002   1.00449100E-03  -6.05864906    
      280029       40003   1.11849746E-03  -6.12763834    
      280029       50004   1.24910334E-03  -6.20132446    
      280029       60005   1.39761611E-03  -6.28251076    
      280029       70006   1.56293018E-03  -6.37747002    
      280029       80007   1.73731765E-03  -6.50055742    
      280029       90008   1.89718837E-03  -6.68611765    
      280029      100009   1.98895135E-03  -7.01957369    
      280029      110010   1.94278907E-03  -7.68474960    
      280029      120011   1.79700379E-03  -8.83410168    
      280029      130012   1.75144873E-03  -10.0768261    
      280029      140013   1.93316571E-03  -10.7290745    
      280029      150014   2.35749152E-03  -10.7026615    
      280029      160015   3.07182292E-03  -10.2133465    
      280029      170016   4.24382882E-03  -9.39809036    
      280029      180017   6.26073778E-03  -8.34142494    
      280029      190018   9.92934871E-03  -7.16851044    
      280029      200019   1.67934913E-02  -6.06473637    
      280029      210020   2.91696955E-02  -5.23351479    
      280029      220021   4.91469540E-02  -4.81679201    
      280029      230022   8.02633911E-02  -4.75860643    
      280029      240023  0.137361497      -4.84524870    
      280029      250024  0.268499643      -4.92921638    
      280029      260025  0.661182702      -4.97608709    
      280029      270026   2.59212208      -4.99505329    
      280029      310030   2.59041810      -4.99790955    
      280029      320031  0.658524394      -4.99334049    
      280029      330032  0.264852703      -4.98665810    
      290030       20001   8.09532066E-04  -5.98189449    
      290030       30002   8.95316538E-04  -6.04458570    
      290030       40003   9.93269379E-04  -6.11043835    
      290030       50004   1.10496185E-03  -6.18064404    
      290030       60005   1.23133499E-03  -6.25790596    
      290030       70006   1.37120497E-03  -6.34834957    
      290030       80007   1.51763391E-03  -6.46610546    
      290030       90008   1.64996681E-03  -6.64517832    
      290030      100009   1.72160892E-03  -6.97059441    
      290030      110010   1.67170272E-03  -7.62706614    
      290030      120011   1.53190037E-03  -8.77652454    
      290030      130012   1.47206674E-03  -10.0486927    
      290030      140013   1.59740401E-03  -10.7552624    
      290030      150014   1.91252190E-03  -10.7848339    
      290030      160015   2.44075828E-03  -10.3455896    
      290030      170016   3.29066650E-03  -9.56932449    
      290030      180017   4.72087692E-03  -8.52593231    
      290030      190018   7.26887072E-03  -7.32593346    
      290030      200019   1.19440248E-02  -6.15943575    
      290030      210020   2.01646872E-02  -5.25641060    
      290030      220021   3.28036919E-02  -4.78535032    
      290030      230022   5.07194512E-02  -4.70137405    
      290030      240023   7.95680881E-02  -4.78877306    
      290030      250024  0.135800853      -4.88785172    
      290030      260025  0.266942859      -4.95193720    
      290030      270026  0.659884274      -4.98406315    
      290030      280027   2.59109783      -4.99670601    
      290030      320031   2.59002161      -4.99860144    
      290030      330032  0.658191264      -4.99565411    
      300031       20001   7.25926366E-04  -5.97345924    
      300031       30002   8.00234324E-04  -6.03352642    
      300031       40003   8.84727284E-04  -6.09650326    
      300031       50004   9.80650657E-04  -6.16352034    
      300031       60005   1.08867441E-03  -6.23719311    
      300031       70006   1.20759604E-03  -6.32351017    
      300031       80007   1.33119966E-03  -6.43639326    
      300031       90008   1.44136464E-03  -6.60951996    
      300031      100009   1.49746088E-03  -6.92749262    
      300031      110010   1.44632894E-03  -7.57557535    
      300031      120011   1.31448393E-03  -8.72355366    
      300031      130012   1.24750065E-03  -10.0192547    
      300031      140013   1.33378687E-03  -10.7712193    
      300031      150014   1.57197460E-03  -10.8472128    
      300031      160015   1.97152630E-03  -10.4489126    
      300031      170016   2.60474556E-03  -9.70543289    
      300031      180017   3.65101732E-03  -8.67562199    
      300031      190018   5.48381731E-03  -7.45627499    
      300031      200019   8.79547745E-03  -6.23844004    
      300031      210020   1.45088956E-02  -5.27379131    
      300031      220021   2.29732320E-02  -4.75468874    
      300031      230022   3.41155902E-02  -4.64607286    
      300031      240023   5.03225289E-02  -4.73131371    
      300031      250024   7.84714967E-02  -4.84204292    
      300031      260025  0.134660736      -4.92157364    
      300031      270026  0.265968084      -4.96712303    
      300031      280027  0.659100771      -4.98914433    
      300031      290028   2.59047866      -4.99775219    
      300031      330032   2.58972955      -4.99911213    
      310032       20001   6.53271039E-04  -5.96287918    
      310032       30002   7.17919960E-04  -6.02063274    
      310032       40003   7.91139086E-04  -6.08106852    
      310032       50004   8.73920624E-04  -6.14526176    
      310032       60005   9.66733671E-04  -6.21574545    
      310032       70006   1.06839335E-03  -6.29838085    
      310032       80007   1.17333001E-03  -6.40689373    
      310032       90008   1.26559474E-03  -6.57465124    
      310032      100009   1.30961440E-03  -6.88582802    
      310032      110010   1.25878898E-03  -7.52603865    
      310032      120011   1.13559712E-03  -8.67179012    
      310032      130012   1.06578413E-03  -9.98717785    
      310032      140013   1.12457387E-03  -10.7784834    
      310032      150014   1.30730681E-03  -10.8943415    
      310032      160015   1.61534955E-03  -10.5304279    
      310032      170016   2.09798035E-03  -9.81469440    
      310032      180017   2.88368622E-03  -8.79773903    
      310032      190018   4.24137199E-03  -7.56411505    
      310032      200019   6.66514970E-03  -6.30366182    
      310032      210020   1.07860789E-02  -5.28585339    
      310032      220021   1.67166200E-02  -4.72430992    
      310032      230022   2.40674298E-02  -4.59256363    
      310032      240023   3.38978507E-02  -4.67361736    
      310032      250024   4.95375916E-02  -4.79309702    
      310032      260025   7.76230395E-02  -4.88626957    
      310032      270026  0.133919373      -4.94485664    
      310032      280027  0.265362233      -4.97702265    
      310032      290028  0.658614755      -4.99241352    
      310032      300029   2.59008670      -4.99843121    
      320033       20001   5.90901880E-04  -5.94035196    
      320033       30002   6.47449924E-04  -5.99630451    
      320033       40003   7.11252505E-04  -6.05473614    
      320033       50004   7.83104217E-04  -6.11666918    
      320033       60005   8.63324385E-04  -6.18455648    
      320033       70006   9.50766145E-04  -6.26413918    
      320033       80007   1.04042701E-03  -6.36895227    
      320033       90008   1.11820234E-03  -6.53206348    
      320033      100009   1.15277746E-03  -6.83723068    
      320033      110010   1.10309268E-03  -7.47032309    
      320033      120011   9.88422660E-04  -8.61384392    
      320033      130012   9.18279577E-04  -9.94685078    
      320033      140013   9.57408047E-04  -10.7739191    
      320033      150014   1.09939452E-03  -10.9256287    
      320033      160015   1.34086388E-03  -10.5918379    
      320033      170016   1.71601376E-03  -9.90029240    
      320033      180017   2.31945608E-03  -8.89545918    
      320033      190018   3.35075939E-03  -7.65119410    
      320033      200019   5.17454976E-03  -6.35497570    
      320033      210020   8.24054237E-03  -5.29107380    
      320033      220021   1.25524420E-02  -4.69207764    
      320033      230022   1.76366642E-02  -4.53903627    
      320033      240023   2.39627697E-02  -4.61475849    
      320033      250024   3.33306938E-02  -4.74073935    
      320033      260025   4.89008315E-02  -4.84600973    
      320033      270026   7.70560876E-02  -4.91726351    
      320033      280027  0.133449450      -4.96008539    
      320033      290028  0.264979273      -4.98334932    
      320033      300029  0.658297300      -4.99450731    
      320033      310030   2.58980703      -4.99887991    
