  -17.50000      -2.500000      -2.742461    
  -12.50000      -2.500000      -2.641432    
  -7.500000      -2.500000      -2.433959    
  -2.500000      -2.500000      -1.871457    
   2.750000      -2.500000      -1.064985    
   7.750000      -2.500000      -1.041908    
   12.50000      -2.500000      -1.014486    
   17.50000      -2.500000     -0.7077891    
   22.75000      -2.500000      -1.000252    
   28.15173      -1.728775      -1.176654    
   32.90173      -1.103775      -1.236287    
   37.50000      -1.875000     -0.9346259    
   42.75000      -2.500000     -0.8122390    
   47.75000      -2.500000     -0.8426294    
   52.50000      -2.500000     -0.7446011    
   57.50000      -2.500000     -0.5198672    
   62.50000      -2.500000      -1.008670    
   67.50000      -2.500000      -1.051911    
   72.25000      -2.500000      -1.128567    
   77.25000      -2.500000     -0.8239235    
   82.75000      -2.500000     -0.8822696    
   87.75000      -2.500000      -1.091318    
   92.50000      -2.500000     -0.6261829    
   97.50000      -2.500000      -1.258698    
   102.7500      -2.500000      -1.398278    
   107.7500      -2.500000     -0.7810113    
   112.5000      -2.500000      -1.026244    
   117.5000      -2.500000      -1.276857    
   122.7500      -2.500000      -1.302928    
   127.7500      -2.500000      -1.228889    
   132.5000      -2.500000      -1.321625    
   137.5000      -2.500000     -0.8321865    
   142.7500      -2.500000     -0.6775892    
   147.7500      -2.500000     -0.9928139    
   152.5000      -2.500000     -0.8299482    
   157.5000      -2.500000     -0.8366864    
   162.7500      -2.500000      -1.034143    
   167.7500      -2.500000      -1.081240    
   172.5000      -2.500000     -0.9992217    
   177.5000      -2.500000     -0.7262027    
   182.7500      -2.500000     -0.6315554    
   187.7500      -2.500000      -1.046893    
   192.5000      -2.500000      -1.030108    
   197.5000      -2.500000      -1.174006    
   202.7500      -2.500000      -1.908577    
   207.7500      -2.500000      -2.695299    
   212.5000      -2.500000      -2.929901    
   217.5000      -2.500000      -3.164759    
   222.5000      -2.500000      -3.307886    
  -17.50000      -7.500000      -2.898090    
  -12.50000      -7.500000      -2.827465    
  -7.500000      -7.500000      -2.748331    
  -2.500000      -7.500000      -2.714634    
   2.500000      -7.500000      -2.351758    
   7.500000      -7.500000      -2.313051    
   12.50000      -7.500000      -2.085674    
   17.50000      -7.500000      -1.827035    
   22.50000      -7.500000      -2.034231    
   27.90173      -6.728775      -1.291958    
   32.90173      -6.103775      -1.208011    
   37.00867      -6.768900      -1.407400    
   42.00867      -7.393900      -1.167269    
   47.50000      -7.500000      -1.403693    
   52.50000      -7.500000      -1.360002    
   57.50000      -7.500000      -1.285407    
   62.50000      -7.500000      -1.568663    
   67.50000      -7.500000      -1.800214    
   72.50000      -7.500000      -1.774760    
   77.50000      -7.500000      -2.315561    
   82.50000      -7.500000      -2.238933    
   87.50000      -7.500000      -2.010383    
   92.50000      -7.500000      -1.578472    
   97.50000      -7.500000      -2.082810    
   102.5000      -7.500000      -2.155863    
   107.5000      -7.500000      -1.836088    
   112.5000      -7.500000      -1.890966    
   117.5000      -7.500000      -2.091859    
   122.5000      -7.500000      -2.306924    
   127.5000      -7.500000      -2.196309    
   132.5000      -7.500000      -2.284160    
   137.5000      -7.500000      -1.671172    
   142.5000      -7.500000      -2.164816    
   147.5000      -7.500000      -1.690788    
   152.5000      -7.500000      -2.137789    
   157.5000      -7.500000      -1.702375    
   162.5000      -7.500000      -2.147939    
   167.5000      -7.500000      -2.213916    
   172.5000      -7.500000      -1.864941    
   177.5000      -7.500000      -1.734823    
   182.5000      -7.500000      -1.832572    
   187.5000      -7.500000      -1.763206    
   192.5000      -7.500000      -2.221744    
   197.5000      -7.500000      -2.209027    
   202.5000      -7.500000      -2.923015    
   207.5000      -7.500000      -3.130321    
   212.5000      -7.500000      -3.217908    
   217.5000      -7.500000      -3.349125    
   222.5000      -7.500000      -3.457133    
  -17.50000      -12.50000      -3.155987    
  -12.50000      -12.50000      -3.105170    
  -7.500000      -12.50000      -3.066190    
  -2.500000      -12.50000      -2.903709    
   2.500000      -12.50000      -2.511462    
   7.015000      -12.20000      -2.246794    
   12.01500      -12.20000      -1.514890    
   17.50000      -12.50000      -2.430953    
   22.50000      -12.50000      -2.508767    
   27.50000      -12.50000      -2.325900    
   32.50000      -12.50000      -2.031858    
   36.75867      -12.64390      -1.804719    
   41.66177      -13.17115     -0.8809890    
   47.40310      -13.02725     -0.8868728    
   52.50000      -12.50000      -1.513399    
   57.50000      -12.50000      -1.640170    
   62.50000      -12.50000      -1.770329    
   67.50000      -12.50000      -1.892580    
   72.50000      -12.50000      -1.902029    
   77.50000      -12.50000      -1.953238    
   82.90727      -12.18450      -1.860239    
   88.65727      -12.18450      -1.893282    
   93.25000      -12.50000      -2.239638    
   97.50000      -12.50000      -2.257202    
   102.5000      -12.50000      -2.345621    
   107.5000      -12.50000      -2.175919    
   112.5000      -12.50000      -2.250116    
   117.5000      -12.50000      -2.521068    
   122.5000      -12.50000      -2.681894    
   127.5000      -12.50000      -2.843413    
   132.5000      -12.50000      -2.665572    
   137.5000      -12.50000      -2.318149    
   142.5000      -12.50000      -2.488997    
   147.5000      -12.50000      -2.474977    
   152.5000      -12.50000      -2.578692    
   157.5000      -12.50000      -2.513219    
   162.5000      -12.50000      -2.580853    
   167.5000      -12.50000      -2.733771    
   172.5000      -12.50000      -2.528894    
   177.5000      -12.50000      -2.356902    
   182.5000      -12.50000      -2.380920    
   187.5000      -12.50000      -2.457009    
   192.5000      -12.50000      -2.733293    
   197.5000      -12.50000      -2.943774    
   202.5000      -12.50000      -3.280851    
   207.5000      -12.50000      -3.646720    
   212.5000      -12.50000      -3.660605    
   217.5000      -12.50000      -3.678508    
   222.5000      -12.50000      -3.732394    
  -17.50000      -17.50000      -3.457927    
  -12.50000      -17.50000      -3.401216    
  -7.500000      -17.50000      -3.308967    
  -2.500000      -17.50000      -3.028343    
   2.500000      -17.75000      -2.352831    
   6.515000      -17.70000      -2.071448    
   11.04000      -18.07500      -1.286733    
   17.02500      -18.12500      -1.794348    
   22.50000      -17.50000      -2.065258    
   27.50000      -17.50000      -1.921487    
   32.50000      -17.50000      -1.882445    
   37.25000      -17.75000      -2.018952    
   42.15310      -18.90225      -1.216821    
   47.27385      -19.35475     -0.7168960    
   52.37075      -18.20250     -0.8262132    
   57.50000      -17.50000      -1.507347    
   62.50000      -17.50000      -1.853049    
   67.50000      -17.50000      -2.106700    
   72.50000      -17.50000      -2.109417    
   77.50000      -17.50000      -1.902072    
   82.90727      -17.18450      -1.422269    
   89.42970      -17.52725     -0.8227121    
   93.86793      -18.56775      -2.206859    
   97.34550      -18.60000      -1.010181    
   102.5000      -17.87500      -2.219212    
   107.5000      -17.50000      -2.456764    
   112.5000      -17.50000      -2.624816    
   117.5000      -17.50000      -2.795003    
   122.5000      -17.50000      -2.880138    
   127.5000      -17.50000      -3.152329    
   132.5000      -17.50000      -3.058193    
   137.5000      -17.50000      -2.704766    
   142.5000      -17.50000      -2.665519    
   147.5000      -17.50000      -2.753280    
   152.5000      -17.50000      -2.869653    
   157.5000      -17.50000      -2.953614    
   162.5000      -17.50000      -2.990351    
   167.5000      -17.50000      -3.030121    
   172.5000      -17.50000      -2.955625    
   177.5000      -17.50000      -2.814907    
   182.5000      -17.50000      -2.789678    
   187.5000      -17.50000      -2.883793    
   192.5000      -17.50000      -3.096301    
   197.5000      -17.50000      -3.362769    
   202.5000      -17.50000      -3.675565    
   207.5000      -17.50000      -3.998879    
   212.5000      -17.50000      -4.106840    
   217.5000      -17.50000      -4.088497    
   222.5000      -17.50000      -4.092779    
  -17.50000      -22.50000      -3.770379    
  -12.50000      -22.50000      -3.698304    
  -7.500000      -22.50000      -3.586746    
  -2.500000      -22.50000      -3.332523    
   2.500000      -22.75000      -3.017421    
   6.750000      -23.00000      -2.800679    
   11.30250      -23.60000      -1.936826    
   17.05250      -23.35000      -1.067252    
   22.50000      -22.50000      -1.887276    
   27.50000      -22.50000      -1.794457    
   32.50000      -22.50000      -1.907136    
   37.50000      -22.50000      -1.759170    
   42.50000      -23.12500      -1.813289    
   47.67603      -23.73125      -1.138279    
   52.67603      -23.10625     -0.6179578    
   57.50000      -22.50000     -0.8721628    
   62.50000      -22.50000      -1.285782    
   67.50000      -22.50000      -1.723909    
   72.50000      -22.50000      -2.112433    
   77.50000      -22.50000      -2.200305    
   82.50000      -22.50000      -1.666500    
   88.27242      -22.84275     -0.8830723    
   92.86793      -23.56775      -1.535581    
   97.09550      -23.60000      -1.528069    
   102.5000      -22.87500      -2.534161    
   107.5000      -22.50000      -2.755075    
   112.5000      -22.50000      -2.936027    
   117.5000      -22.50000      -2.968819    
   122.5000      -22.50000      -3.037656    
   127.5000      -22.50000      -3.269875    
   132.5000      -22.50000      -3.302738    
   137.5000      -22.50000      -2.952351    
   142.5000      -22.50000      -2.779629    
   147.5000      -22.50000      -2.847045    
   152.5000      -22.50000      -3.030030    
   157.5000      -22.50000      -3.201166    
   162.5000      -22.50000      -3.280953    
   167.5000      -22.50000      -3.286090    
   172.5000      -22.50000      -3.238607    
   177.5000      -22.50000      -3.145503    
   182.5000      -22.50000      -3.107211    
   187.5000      -22.50000      -3.173786    
   192.5000      -22.50000      -3.343380    
   197.5000      -22.50000      -3.592054    
   202.5000      -22.50000      -3.900573    
   207.5000      -22.50000      -4.231730    
   212.5000      -22.50000      -4.452131    
   217.5000      -22.50000      -4.493682    
   222.5000      -22.50000      -4.482850    
  -17.50000      -27.50000      -4.070024    
  -12.50000      -27.50000      -3.976517    
  -7.500000      -27.50000      -3.852239    
  -2.500000      -27.50000      -3.608338    
   2.500000      -27.50000      -3.165663    
   7.250000      -27.50000      -2.701571    
   12.27750      -27.72500      -2.147909    
   17.08000      -28.00000      -1.561855    
   22.05250      -27.77500      -1.376269    
   27.50000      -27.50000      -2.015134    
   32.50000      -27.50000      -2.084920    
   37.50000      -27.50000      -1.892487    
   42.50000      -27.50000      -1.648711    
   47.80527      -27.40375      -1.014195    
   52.80527      -27.90375     -0.4129220    
   56.94540      -28.54050     -0.7103146    
   61.94540      -28.04050     -0.6752424    
   67.50000      -27.50000      -1.343589    
   72.50000      -27.50000      -1.733562    
   77.50000      -27.50000      -2.079858    
   82.50000      -27.50000      -1.795344    
   87.50000      -27.50000      -1.296400    
   92.25000      -27.50000     -0.8615236    
   97.15592      -27.23450     -0.9688827    
   102.4059      -27.23450      -2.334639    
   107.5000      -27.50000      -2.852847    
   112.5000      -27.50000      -2.799150    
   117.5000      -27.50000      -2.896161    
   122.5000      -27.50000      -3.121299    
   127.5000      -27.50000      -3.284550    
   132.5000      -27.50000      -3.366709    
   137.5000      -27.50000      -3.090337    
   142.5000      -27.50000      -2.857334    
   147.5000      -27.50000      -2.892605    
   152.5000      -27.50000      -3.118438    
   157.5000      -27.50000      -3.348345    
   162.5000      -27.50000      -3.455230    
   167.5000      -27.50000      -3.475760    
   172.5000      -27.50000      -3.454050    
   177.5000      -27.50000      -3.394847    
   182.5000      -27.50000      -3.357999    
   187.5000      -27.50000      -3.397921    
   192.5000      -27.50000      -3.526319    
   197.5000      -27.50000      -3.732471    
   202.5000      -27.50000      -4.001390    
   207.5000      -27.50000      -4.309436    
   212.5000      -27.50000      -4.594499    
   217.5000      -27.50000      -4.762808    
   222.5000      -27.50000      -4.811094    
  -17.50000      -32.50000      -4.338974    
  -12.50000      -32.50000      -4.211999    
  -7.500000      -32.50000      -4.052383    
  -2.500000      -32.50000      -3.793726    
   2.500000      -32.50000      -3.408677    
   7.500000      -32.50000      -2.921469    
   12.50000      -32.50000      -2.252221    
   17.05250      -32.77500      -1.922439    
   22.05250      -32.77500      -1.457656    
   27.50000      -32.50000      -1.945073    
   32.50000      -32.50000      -1.871182    
   37.50000      -32.50000      -1.831625    
   42.50000      -32.50000      -1.748346    
   47.50000      -32.50000      -1.528703    
   52.50000      -33.00000      -1.324131    
   56.94540      -33.54050      -1.206897    
   61.94540      -33.04050     -0.8573826    
   67.50000      -32.50000      -1.285802    
   72.50000      -32.50000      -1.587665    
   77.50000      -32.50000      -2.003076    
   82.50000      -32.50000      -2.044147    
   87.50000      -32.50000      -1.649071    
   92.50000      -32.50000      -1.214644    
   97.40592      -32.23450      -1.238218    
   102.6989      -32.60775      -1.426854    
   107.7930      -32.87325      -2.188767    
   112.5000      -32.50000      -2.418849    
   117.5000      -32.50000      -2.561325    
   122.5000      -32.50000      -2.993235    
   127.5000      -32.50000      -3.181692    
   132.5000      -32.50000      -3.280247    
   137.5000      -32.50000      -3.120023    
   142.5000      -32.50000      -2.887064    
   147.5000      -32.50000      -2.901974    
   152.5000      -32.50000      -3.147337    
   157.5000      -32.50000      -3.418647    
   162.5000      -32.50000      -3.545401    
   167.5000      -32.50000      -3.593813    
   172.5000      -32.50000      -3.613662    
   177.5000      -32.50000      -3.591785    
   182.5000      -32.50000      -3.565298    
   187.5000      -32.50000      -3.587886    
   192.5000      -32.50000      -3.681790    
   197.5000      -32.50000      -3.844593    
   202.5000      -32.50000      -4.064564    
   207.5000      -32.50000      -4.324891    
   212.5000      -32.50000      -4.595225    
   217.5000      -32.50000      -4.824394    
   222.5000      -32.50000      -4.964157    
  -17.50000      -37.50000      -4.562449    
  -12.50000      -37.50000      -4.399106    
  -7.500000      -37.50000      -4.207753    
  -2.500000      -37.50000      -3.944037    
   2.500000      -37.50000      -3.576715    
   7.500000      -37.50000      -3.089929    
   12.50000      -37.50000      -2.542481    
   17.50000      -37.50000      -2.060912    
   22.08750      -37.40000      -1.411129    
   27.08750      -37.40000      -1.162161    
   32.50000      -37.50000      -1.702289    
   37.50000      -37.50000      -1.827323    
   42.50000      -37.50000      -1.750549    
   47.50000      -37.50000      -1.634860    
   52.50000      -37.50000      -1.400786    
   57.50000      -37.50000      -1.172671    
   62.37162      -37.39550     -0.5368050    
   67.37163      -37.39550      -1.016214    
   72.50000      -37.50000      -1.564095    
   77.50000      -37.50000      -2.034818    
   82.50000      -37.50000      -2.142092    
   87.50000      -37.50000      -2.172531    
   92.50000      -37.50000      -1.885285    
   97.50000      -37.50000      -1.639078    
   102.7930      -37.87325      -1.704702    
   108.4180      -37.87325      -2.268152    
   113.1250      -37.50000      -2.353943    
   117.5000      -37.50000      -2.225716    
   122.5000      -37.50000      -2.689582    
   127.5000      -37.50000      -2.948648    
   132.5000      -37.50000      -3.064207    
   137.5000      -37.50000      -3.028478    
   142.5000      -37.50000      -2.847681    
   147.5000      -37.50000      -2.867230    
   152.5000      -37.50000      -3.121204    
   157.5000      -37.50000      -3.419184    
   162.5000      -37.50000      -3.574613    
   167.5000      -37.50000      -3.656340    
   172.5000      -37.50000      -3.720868    
   177.5000      -37.50000      -3.742802    
   182.5000      -37.50000      -3.737767    
   187.5000      -37.50000      -3.754949    
   192.5000      -37.50000      -3.824403    
   197.5000      -37.50000      -3.951563    
   202.5000      -37.50000      -4.129100    
   207.5000      -37.50000      -4.343964    
   212.5000      -37.50000      -4.576950    
   217.5000      -37.50000      -4.799537    
   222.5000      -37.50000      -4.976359    
  -17.50000      -42.50000      -4.729369    
  -12.50000      -42.50000      -4.539524    
  -7.500000      -42.50000      -4.329745    
  -2.500000      -42.50000      -4.067643    
   2.500000      -42.50000      -3.724488    
   7.500000      -42.50000      -3.295065    
   12.50000      -42.50000      -2.796584    
   17.50000      -42.50000      -2.111416    
   21.83750      -43.15000      -1.493948    
   26.45250      -43.95000     -0.4799596    
   32.11500      -43.30000     -0.9159300    
   37.50000      -42.50000      -1.560518    
   42.50000      -42.50000      -1.575561    
   47.50000      -42.50000      -1.566083    
   52.50000      -42.50000      -1.529269    
   57.50000      -42.50000      -1.436852    
   62.37162      -42.39550     -0.8754441    
   67.23563      -42.44550     -0.3684000    
   71.41950      -43.04350      -1.238672    
   76.55550      -42.99350      -1.287153    
   82.50000      -42.50000      -1.949957    
   87.50000      -42.50000      -2.698685    
   92.50000      -42.50000      -2.765564    
   97.50000      -42.50000      -2.039992    
   102.5000      -42.50000      -1.737997    
   108.7990      -42.26700      -2.306890    
   113.5490      -42.41200      -2.368626    
   117.2500      -42.64500      -1.450475    
   122.5000      -42.50000      -2.464798    
   127.5000      -42.50000      -2.574216    
   132.5000      -42.50000      -2.739342    
   137.5000      -42.50000      -2.814140    
   142.5000      -42.50000      -2.730680    
   147.5000      -42.50000      -2.787461    
   152.5000      -42.50000      -3.053166    
   157.5000      -42.50000      -3.366390    
   162.5000      -42.50000      -3.556431    
   167.5000      -42.50000      -3.676545    
   172.5000      -42.50000      -3.781561    
   177.5000      -42.50000      -3.847499    
   182.5000      -42.50000      -3.873755    
   187.5000      -42.50000      -3.898805    
   192.5000      -42.50000      -3.955883    
   197.5000      -42.50000      -4.057488    
   202.5000      -42.50000      -4.202181    
   207.5000      -42.50000      -4.380892    
   212.5000      -42.50000      -4.579870    
   217.5000      -42.50000      -4.780096    
   222.5000      -42.50000      -4.958200    
  -17.50000      -47.50000      -4.832952    
  -12.50000      -47.50000      -4.631558    
  -7.500000      -47.50000      -4.416594    
  -2.500000      -47.50000      -4.164894    
   2.500000      -47.50000      -3.854554    
   7.500000      -47.50000      -3.470520    
   12.50000      -47.50000      -2.991553    
   17.50000      -47.50000      -2.398519    
   22.00000      -48.50000      -2.156093    
   26.74250      -49.72500      -1.116941    
   32.24250      -48.72500     -0.6328270    
   37.50000      -47.50000      -1.159413    
   42.50000      -47.50000      -1.500942    
   47.50000      -47.50000      -1.646527    
   52.50000      -47.50000      -1.614351    
   57.50000      -47.50000      -1.421330    
   62.50000      -47.50000      -1.170663    
   67.11400      -47.55000     -0.7686300    
   70.29450      -48.04350      -1.739267    
   75.43050      -47.99350      -1.253005    
   82.25000      -47.50000      -1.413169    
   87.50000      -47.50000      -2.830612    
   92.50000      -47.50000      -3.344261    
   97.50000      -47.50000      -1.613606    
   102.5000      -47.50000     -0.8889761    
   108.1740      -47.26700      -1.389954    
   112.6740      -47.41200      -1.951646    
   116.8225      -48.04000      -1.433277    
   122.3225      -47.89500     -0.9395203    
   127.5000      -47.50000      -2.017223    
   132.5000      -47.50000      -2.314743    
   137.5000      -47.50000      -2.503220    
   142.5000      -47.50000      -2.553117    
   147.5000      -47.50000      -2.672530    
   152.5000      -47.50000      -2.960610    
   157.5000      -47.50000      -3.280346    
   162.5000      -47.50000      -3.498660    
   167.5000      -47.50000      -3.657583    
   172.5000      -47.50000      -3.798777    
   177.5000      -47.50000      -3.905473    
   182.5000      -47.50000      -3.969468    
   187.5000      -47.50000      -4.014780    
   192.5000      -47.50000      -4.072071    
   197.5000      -47.50000      -4.158939    
   202.5000      -47.50000      -4.280017    
   207.5000      -47.50000      -4.431228    
   212.5000      -47.50000      -4.603090    
   217.5000      -47.50000      -4.782002    
   222.5000      -47.50000      -4.951485    
  -17.50000      -52.50000      -4.876939    
  -12.50000      -52.50000      -4.676296    
  -7.500000      -52.50000      -4.463256    
  -2.500000      -52.50000      -4.222498    
   2.500000      -52.50000      -3.934998    
   7.500000      -52.50000      -3.580110    
   12.50000      -52.50000      -3.139135    
   17.50000      -52.50000      -2.569967    
   22.25000      -52.75000      -2.091843    
   27.37750      -53.67500      -1.470643    
   32.29000      -53.87500     -0.9549310    
   37.16250      -52.95000     -0.8328087    
   42.50000      -52.50000      -1.668424    
   47.50000      -52.50000      -1.680958    
   52.50000      -52.50000      -1.555025    
   57.50000      -52.50000      -1.434228    
   62.50000      -52.50000      -1.345072    
   67.25000      -52.50000      -1.350140    
   71.37500      -52.50000      -1.059354    
   75.85330      -52.35150     -0.5356148    
   81.72830      -52.35150     -0.8672519    
   87.50000      -52.50000      -2.871139    
   92.50000      -52.50000      -3.497289    
   97.50000      -52.50000      -1.896540    
   102.5000      -52.50000      -1.227623    
   107.5000      -52.50000      -2.033063    
   112.2500      -52.50000      -1.769490    
   117.0725      -52.89500     -0.8547748    
   122.3225      -52.89500      -1.317441    
   127.5000      -52.50000      -1.484495    
   132.5000      -52.50000      -1.721551    
   137.5000      -52.50000      -2.182130    
   142.5000      -52.50000      -2.338549    
   147.5000      -52.50000      -2.537171    
   152.5000      -52.50000      -2.858132    
   157.5000      -52.50000      -3.167965    
   162.5000      -52.50000      -3.399588    
   167.5000      -52.50000      -3.594686    
   172.5000      -52.50000      -3.772211    
   177.5000      -52.50000      -3.919095    
   182.5000      -52.50000      -4.024914    
   187.5000      -52.50000      -4.099787    
   192.5000      -52.50000      -4.167771    
   197.5000      -52.50000      -4.249551    
   202.5000      -52.50000      -4.355254    
   207.5000      -52.50000      -4.486053    
   212.5000      -52.50000      -4.636764    
   217.5000      -52.50000      -4.797804    
   222.5000      -52.50000      -4.956785    
  -17.50000      -57.50000      -4.879537    
  -12.50000      -57.50000      -4.686098    
  -7.500000      -57.50000      -4.477027    
  -2.500000      -57.50000      -4.242458    
   2.500000      -57.50000      -3.967914    
   7.500000      -57.50000      -3.636012    
   12.50000      -57.50000      -3.233127    
   17.50000      -57.50000      -2.768774    
   22.50000      -57.50000      -2.379200    
   27.50000      -58.00000      -2.285964    
   32.16250      -58.45000      -1.525387    
   37.16250      -57.95000      -1.389824    
   42.50000      -57.50000      -1.400327    
   47.50000      -57.50000      -1.325505    
   52.50000      -57.50000      -1.404176    
   57.50000      -57.50000      -1.478897    
   62.50000      -57.50000      -1.551827    
   67.50000      -57.50000      -1.541667    
   72.50000      -57.50000      -1.648227    
   76.97830      -57.35150      -1.246220    
   81.91412      -57.77925     -0.6055486    
   87.43582      -57.92775      -2.250672    
   92.50000      -57.50000      -2.362052    
   97.50000      -57.50000      -2.123390    
   102.5000      -57.50000      -2.016388    
   107.5000      -57.50000      -1.740684    
   112.5000      -57.50000      -1.719578    
   117.5000      -57.50000      -1.167464    
   122.7667      -57.23275      -1.380678    
   128.3918      -57.23275     -0.4102027    
   133.1250      -57.50000      -1.838373    
   137.5000      -57.50000      -1.826301    
   142.5000      -57.50000      -2.075412    
   147.5000      -57.50000      -2.400508    
   152.5000      -57.50000      -2.742340    
   157.5000      -57.50000      -3.010512    
   162.5000      -57.50000      -3.248396    
   167.5000      -57.50000      -3.484068    
   172.5000      -57.50000      -3.705775    
   177.5000      -57.50000      -3.897334    
   182.5000      -57.50000      -4.047002    
   187.5000      -57.50000      -4.155303    
   192.5000      -57.50000      -4.239610    
   197.5000      -57.50000      -4.322556    
   202.5000      -57.50000      -4.419329    
   207.5000      -57.50000      -4.535655    
   212.5000      -57.50000      -4.670113    
   217.5000      -57.50000      -4.816406    
   222.5000      -57.50000      -4.964989    
  -17.50000      -62.50000      -4.866568    
  -12.50000      -62.50000      -4.682011    
  -7.500000      -62.50000      -4.477082    
  -2.500000      -62.50000      -4.246666    
   2.500000      -62.50000      -3.983681    
   7.500000      -62.50000      -3.682016    
   12.50000      -62.50000      -3.344563    
   17.50000      -62.50000      -2.997503    
   22.50000      -62.50000      -2.622164    
   27.50000      -62.50000      -2.056466    
   32.50000      -62.50000      -1.542628    
   37.20000      -62.57500      -1.210639    
   42.20000      -62.57500     -0.4250990    
   47.50000      -62.50000      -1.204322    
   52.50000      -62.50000      -1.425730    
   57.50000      -62.50000      -1.673058    
   62.50000      -62.50000      -1.870925    
   67.50000      -62.50000      -1.959189    
   72.50000      -62.50000      -1.823544    
   77.50000      -62.50000      -1.406819    
   82.43582      -63.55275      -1.667056    
   87.38833      -64.11275      -1.622372    
   92.45250      -63.06000      -1.232253    
   97.50000      -62.50000      -1.706564    
   102.5000      -62.50000      -1.929126    
   107.5000      -62.50000      -1.629296    
   112.5000      -62.50000      -1.644262    
   117.5000      -62.50000      -1.368948    
   122.7667      -62.23275     -0.5339903    
   129.0800      -62.57325      -1.125043    
   133.5858      -63.55300     -0.9808357    
   137.2725      -63.21250     -0.5944685    
   142.5000      -62.50000      -1.826635    
   147.5000      -62.50000      -2.281304    
   152.5000      -62.50000      -2.549151    
   157.5000      -62.50000      -2.775364    
   162.5000      -62.50000      -3.046625    
   167.5000      -62.50000      -3.340903    
   172.5000      -62.50000      -3.617698    
   177.5000      -62.50000      -3.857802    
   182.5000      -62.50000      -4.048408    
   187.5000      -62.50000      -4.185879    
   192.5000      -62.50000      -4.285532    
   197.5000      -62.50000      -4.372077    
   202.5000      -62.50000      -4.464429    
   207.5000      -62.50000      -4.571392    
   212.5000      -62.50000      -4.694104    
   217.5000      -62.50000      -4.828628    
   222.5000      -62.50000      -4.967692    
  -17.50000      -67.50000      -4.859567    
  -12.50000      -67.50000      -4.683656    
  -7.500000      -67.50000      -4.482964    
  -2.500000      -67.50000      -4.256245    
   2.500000      -67.50000      -4.002367    
   7.500000      -67.50000      -3.722432    
   12.50000      -67.50000      -3.419327    
   17.50000      -67.50000      -3.085874    
   22.50000      -67.50000      -2.678410    
   27.50000      -67.50000      -2.169762    
   32.50000      -67.50000      -1.502068    
   37.20000      -68.32500     -0.5216327    
   42.12250      -69.20000     -0.6691915    
   47.42250      -68.37500     -0.5432358    
   52.50000      -67.50000      -1.413900    
   57.50000      -67.50000      -1.752619    
   62.50000      -67.50000      -1.962686    
   67.50000      -67.50000      -1.862693    
   72.50000      -67.50000      -1.651920    
   77.50000      -67.50000      -1.759425    
   82.50000      -68.12500      -2.351129    
   88.05573      -68.23200      -2.252650    
   93.05573      -66.98200      -2.109892    
   97.50000      -66.87500      -1.909410    
   102.5000      -67.50000      -1.874471    
   107.5000      -67.50000      -1.601495    
   112.5000      -67.50000      -1.496046    
   117.5000      -67.50000      -1.452402    
   122.5000      -67.50000      -1.388247    
   128.1882      -67.84050     -0.6768553    
   132.7108      -68.55300      -1.700076    
   137.0225      -68.21250      -1.543745    
   142.5000      -67.50000      -1.673455    
   147.5000      -67.50000      -1.945347    
   152.5000      -67.50000      -2.212096    
   157.5000      -67.50000      -2.475894    
   162.5000      -67.50000      -2.836938    
   167.5000      -67.50000      -3.207501    
   172.5000      -67.50000      -3.540507    
   177.5000      -67.50000      -3.820999    
   182.5000      -67.50000      -4.038731    
   187.5000      -67.50000      -4.192838    
   192.5000      -67.50000      -4.302006    
   197.5000      -67.50000      -4.392938    
   202.5000      -67.50000      -4.485139    
   207.5000      -67.50000      -4.587902    
   212.5000      -67.50000      -4.703519    
   217.5000      -67.50000      -4.829609    
   222.5000      -67.50000      -4.960802    
  -17.50000      -72.50000      -4.873972    
  -12.50000      -72.50000      -4.705555    
  -7.500000      -72.50000      -4.509050    
  -2.500000      -72.50000      -4.284957    
   2.500000      -72.50000      -4.034225    
   7.500000      -72.50000      -3.757848    
   12.50000      -72.50000      -3.452860    
   17.50000      -72.50000      -3.105715    
   22.50000      -72.50000      -2.692481    
   27.50000      -72.50000      -2.186840    
   32.50000      -72.50000      -1.574463    
   37.50000      -73.50000      -1.648776    
   42.89000      -74.82500     -0.9067262    
   47.89000      -73.82500     -0.9961153    
   52.50000      -72.50000      -1.334623    
   57.50000      -72.50000      -1.555984    
   62.50000      -72.50000      -1.812896    
   67.50000      -72.50000      -1.770109    
   72.50000      -72.50000      -1.781085    
   77.50000      -72.50000      -2.094568    
   82.50000      -72.50000      -2.486976    
   88.10323      -72.04700     -0.8001643    
   93.10323      -71.42200      -2.101955    
   97.41052      -71.89925      -1.484377    
   102.7855      -72.52425      -1.495113    
   107.8750      -72.50000      -1.727449    
   112.5000      -72.50000      -1.494132    
   117.5000      -72.50000      -1.889522    
   122.5000      -72.50000      -1.752456    
   127.5000      -72.50000      -1.172572    
   132.2500      -72.50000      -1.203828    
   137.1797      -72.13425      -1.089701    
   142.4297      -72.13425     -0.6420944    
   147.5000      -72.50000      -1.570708    
   152.5000      -72.50000      -1.774414    
   157.5000      -72.50000      -2.207149    
   162.5000      -72.50000      -2.692947    
   167.5000      -72.50000      -3.129224    
   172.5000      -72.50000      -3.498223    
   177.5000      -72.50000      -3.791291    
   182.5000      -72.50000      -4.009555    
   187.5000      -72.50000      -4.166255    
   192.5000      -72.50000      -4.282970    
   197.5000      -72.50000      -4.382273    
   202.5000      -72.50000      -4.480166    
   207.5000      -72.50000      -4.584626    
   212.5000      -72.50000      -4.698067    
   217.5000      -72.50000      -4.819426    
   222.5000      -72.50000      -4.945024    
  -17.50000      -77.50000      -4.919255    
  -12.50000      -77.50000      -4.756952    
  -7.500000      -77.50000      -4.564287    
  -2.500000      -77.50000      -4.342434    
   2.500000      -77.50000      -4.091889    
   7.500000      -77.50000      -3.811644    
   12.50000      -77.50000      -3.497169    
   17.50000      -77.50000      -3.139470    
   22.50000      -77.50000      -2.730118    
   27.50000      -77.50000      -2.277339    
   32.50000      -77.50000      -1.855261    
   37.50000      -77.75000      -1.474832    
   43.46750      -78.20000     -0.8863072    
   48.64500      -78.32500     -0.7460125    
   52.67750      -77.87500     -0.3035770    
   57.50000      -77.50000      -1.255363    
   62.50000      -77.50000      -1.703779    
   67.50000      -77.50000      -1.884395    
   72.50000      -77.50000      -2.126779    
   77.50000      -77.50000      -2.634336    
   82.50000      -77.50000      -2.929546    
   87.50000      -77.50000      -2.096960    
   92.50000      -77.50000      -1.975394    
   97.41052      -77.52425      -1.698581    
   103.1980      -77.52425      -1.209824    
   107.7383      -77.74075      -1.785955    
   111.9508      -77.74075      -1.195848    
   117.5000      -77.50000      -2.409660    
   122.5000      -77.50000      -2.032973    
   127.5000      -77.50000      -1.503527    
   132.5000      -77.50000      -1.175756    
   137.4297      -77.13425     -0.7925451    
   142.8655      -77.29700     -0.8434358    
   147.9357      -77.66275     -0.9228936    
   152.5000      -77.50000      -1.423180    
   157.5000      -77.50000      -2.122506    
   162.5000      -77.50000      -2.659140    
   167.5000      -77.50000      -3.104932    
   172.5000      -77.50000      -3.457426    
   177.5000      -77.50000      -3.722387    
   182.5000      -77.50000      -3.928656    
   187.5000      -77.50000      -4.092785    
   192.5000      -77.50000      -4.226811    
   197.5000      -77.50000      -4.343613    
   202.5000      -77.50000      -4.454429    
   207.5000      -77.50000      -4.566194    
   212.5000      -77.50000      -4.681964    
   217.5000      -77.50000      -4.802054    
   222.5000      -77.50000      -4.924534    
  -17.50000      -82.50000      -4.997341    
  -12.50000      -82.50000      -4.840311    
  -7.500000      -82.50000      -4.652003    
  -2.500000      -82.50000      -4.434126    
   2.500000      -82.50000      -4.186873    
   7.500000      -82.50000      -3.908539    
   12.50000      -82.50000      -3.595650    
   17.50000      -82.50000      -3.245077    
   22.50000      -82.50000      -2.858552    
   27.50000      -82.50000      -2.450060    
   32.50000      -82.50000      -2.032896    
   37.50000      -82.50000      -1.643462    
   43.00000      -82.50000      -1.166850    
   48.17750      -82.87500     -0.7228646    
   52.67750      -82.87500     -0.7115598    
   57.50000      -82.50000      -1.156355    
   62.50000      -82.50000      -1.777532    
   67.50000      -82.50000      -2.192952    
   72.50000      -82.50000      -2.499688    
   77.50000      -82.50000      -2.599646    
   82.50000      -82.50000      -2.454530    
   87.50000      -82.50000      -2.071733    
   92.50000      -82.50000      -1.879622    
   97.50000      -82.50000      -1.771195    
   102.9125      -82.50000      -1.414359    
   106.8633      -82.74075      -1.708622    
   111.4508      -82.74075      -1.505959    
   117.5000      -82.50000      -2.617933    
   122.5000      -82.50000      -2.365170    
   127.5000      -82.50000      -1.897246    
   132.5000      -82.50000      -1.604446    
   137.5000      -82.50000      -1.763365    
   142.9357      -82.66275      -1.222304    
   147.9357      -83.41275      -1.893965    
   152.1710      -83.96100      -1.326786    
   157.1710      -83.21100      -1.587930    
   162.5000      -82.50000      -2.575233    
   167.5000      -82.50000      -2.994461    
   172.5000      -82.50000      -3.290997    
   177.5000      -82.50000      -3.552479    
   182.5000      -82.50000      -3.784642    
   187.5000      -82.50000      -3.982464    
   192.5000      -82.50000      -4.148030    
   197.5000      -82.50000      -4.290017    
   202.5000      -82.50000      -4.418589    
   207.5000      -82.50000      -4.541238    
   212.5000      -82.50000      -4.662292    
   217.5000      -82.50000      -4.783589    
   222.5000      -82.50000      -4.905011    
  -17.50000      -87.50000      -5.101701    
  -12.50000      -87.50000      -4.948661    
  -7.500000      -87.50000      -4.765930    
  -2.500000      -87.50000      -4.555928    
   2.500000      -87.50000      -4.319299    
   7.500000      -87.50000      -4.055220    
   12.50000      -87.50000      -3.762308    
   17.50000      -87.50000      -3.441101    
   22.50000      -87.50000      -3.097188    
   27.50000      -87.50000      -2.742257    
   32.50000      -87.50000      -2.398235    
   37.50000      -87.50000      -2.085318    
   42.50000      -87.50000      -1.679638    
   47.50000      -87.50000      -1.196735    
   52.86000      -87.40000     -0.6555288    
   57.86000      -87.40000      -1.004431    
   62.50000      -87.50000      -1.882216    
   67.50000      -87.50000      -2.073564    
   72.50000      -87.50000      -2.053473    
   77.50000      -87.50000      -2.104663    
   82.50000      -87.50000      -2.306990    
   87.50000      -87.50000      -2.418879    
   92.50000      -87.50000      -2.254676    
   97.50000      -87.50000      -2.101139    
   102.5000      -87.50000      -1.949670    
   107.0000      -87.50000      -1.900890    
   112.0000      -87.50000      -1.836784    
   117.5000      -87.50000      -2.708816    
   122.5000      -87.50000      -2.724839    
   127.5000      -87.50000      -2.381748    
   132.5000      -87.50000      -2.178444    
   137.5000      -87.50000      -2.092209    
   142.5000      -87.50000      -2.106295    
   147.5000      -88.25000      -2.379664    
   152.1885      -88.78100      -2.763024    
   157.1885      -87.53100      -1.807953    
   162.5000      -87.00000      -2.617967    
   167.5000      -87.50000      -2.605748    
   172.5000      -87.50000      -3.003478    
   177.5000      -87.50000      -3.346612    
   182.5000      -87.50000      -3.635190    
   187.5000      -87.50000      -3.875040    
   192.5000      -87.50000      -4.073365    
   197.5000      -87.50000      -4.240143    
   202.5000      -87.50000      -4.386081    
   207.5000      -87.50000      -4.519767    
   212.5000      -87.50000      -4.646802    
   217.5000      -87.50000      -4.770462    
   222.5000      -87.50000      -4.892089    
  -17.50000      -92.50000      -5.215175    
  -12.50000      -92.50000      -5.062324    
  -7.500000      -92.50000      -4.884351    
  -2.500000      -92.50000      -4.684851    
   2.500000      -92.50000      -4.465602    
   7.500000      -92.50000      -4.227170    
   12.50000      -92.50000      -3.970147    
   17.50000      -92.50000      -3.696814    
   22.50000      -92.50000      -3.412448    
   27.50000      -92.50000      -3.125085    
   32.50000      -92.50000      -2.840481    
   37.50000      -92.50000      -2.535572    
   42.50000      -92.50000      -2.158902    
   47.50000      -92.50000      -1.732550    
   52.86000      -92.40000     -0.5211365    
   57.86000      -92.90000     -0.9711655    
   61.96750      -93.57500      -1.647893    
   66.96750      -93.07500     -0.7299889    
   72.50000      -92.50000      -1.468613    
   77.50000      -92.50000      -1.689633    
   82.50000      -92.50000      -2.177949    
   87.50000      -92.50000      -2.720395    
   92.50000      -92.50000      -2.709480    
   97.50000      -92.50000      -2.521289    
   102.5000      -92.50000      -2.335718    
   107.5000      -92.50000      -2.273481    
   112.5000      -92.50000      -2.501558    
   117.5000      -92.50000      -2.910057    
   122.5000      -92.50000      -2.926440    
   127.5000      -92.50000      -2.708454    
   132.5000      -92.50000      -2.547943    
   137.5000      -92.50000      -2.486764    
   142.5000      -92.50000      -2.452775    
   147.5000      -92.50000      -2.291949    
   152.5175      -92.32000      -1.852543    
   157.7400      -91.76425      -1.565760    
   162.7225      -91.94425      -1.518924    
   167.5000      -92.50000      -2.292360    
   172.5000      -92.50000      -2.831079    
   177.5000      -92.50000      -3.226679    
   182.5000      -92.50000      -3.546490    
   187.5000      -92.50000      -3.810315    
   192.5000      -92.50000      -4.028284    
   197.5000      -92.50000      -4.210829    
   202.5000      -92.50000      -4.368697    
   207.5000      -92.50000      -4.510520    
   212.5000      -92.50000      -4.642311    
   217.5000      -92.50000      -4.768139    
   222.5000      -92.50000      -4.890414    
  -17.50000      -97.50000      -5.309022    
  -12.50000      -97.50000      -5.149328    
  -7.500000      -97.50000      -4.970722    
  -2.500000      -97.50000      -4.777555    
   2.500000      -97.50000      -4.572769    
   7.500000      -97.50000      -4.358415    
   12.50000      -97.50000      -4.136235    
   17.50000      -97.50000      -3.908320    
   22.50000      -97.50000      -3.676627    
   27.50000      -97.50000      -3.439335    
   32.50000      -97.50000      -3.184144    
   37.50000      -97.50000      -2.885974    
   42.50000      -97.50000      -2.521793    
   47.50000      -97.50000      -2.053001    
   52.50000      -97.50000      -1.667299    
   57.50000      -98.00000      -1.322891    
   62.03750      -98.82500     -0.7062330    
   67.03750      -98.32500     -0.7016206    
   72.50000      -97.50000     -0.9604009    
   77.50000      -97.50000      -1.277321    
   82.50000      -97.50000      -1.929044    
   87.50000      -97.50000      -2.591265    
   92.50000      -97.50000      -2.909539    
   97.50000      -97.50000      -2.854313    
   102.5000      -97.50000      -2.741837    
   107.5000      -97.50000      -2.739999    
   112.5000      -97.50000      -2.871790    
   117.5000      -97.50000      -2.990211    
   122.5000      -97.50000      -2.966451    
   127.5000      -97.50000      -2.868631    
   132.5000      -97.50000      -2.785737    
   137.5000      -97.50000      -2.731884    
   142.5000      -97.50000      -2.644201    
   147.5000      -97.50000      -2.490881    
   152.5000      -97.50000      -2.369406    
   157.7225      -97.44425      -1.722532    
   162.7225      -97.44425      -2.459021    
   167.5000      -97.50000      -2.508962    
   172.5000      -97.50000      -2.899103    
   177.5000      -97.50000      -3.248828    
   182.5000      -97.50000      -3.550650    
   187.5000      -97.50000      -3.808037    
   192.5000      -97.50000      -4.026079    
   197.5000      -97.50000      -4.212161    
   202.5000      -97.50000      -4.374282    
   207.5000      -97.50000      -4.519554    
   212.5000      -97.50000      -4.653555    
   217.5000      -97.50000      -4.780480    
   222.5000      -97.50000      -4.903222    
  -17.50000      -102.5000      -5.355030    
  -12.50000      -102.5000      -5.182433    
  -7.500000      -102.5000      -4.996343    
  -2.500000      -102.5000      -4.800248    
   2.500000      -102.5000      -4.596569    
   7.500000      -102.5000      -4.387087    
   12.50000      -102.5000      -4.172665    
   17.50000      -102.5000      -3.952719    
   22.50000      -102.5000      -3.724350    
   27.50000      -102.5000      -3.480837    
   32.50000      -102.5000      -3.211768    
   37.50000      -102.5000      -2.908230    
   42.50000      -102.5000      -2.569636    
   47.50000      -102.5000      -2.216094    
   52.50000      -102.5000      -1.801624    
   57.50000      -102.5000      -1.189806    
   62.57000      -102.7500      -1.040488    
   67.42500      -102.7500     -0.8431585    
   72.35500      -102.5000     -6.8804279E-02
   77.50000      -102.5000      -1.149498    
   82.50000      -102.5000      -1.743385    
   87.50000      -102.5000      -2.323615    
   92.50000      -102.5000      -2.657085    
   97.50000      -102.5000      -2.780504    
   102.5000      -102.5000      -2.861103    
   107.5000      -102.5000      -2.901574    
   112.5000      -102.5000      -2.918714    
   117.5000      -102.5000      -2.940412    
   122.5000      -102.5000      -2.970680    
   127.5000      -102.5000      -2.986239    
   132.5000      -102.5000      -2.961108    
   137.5000      -102.5000      -2.885762    
   142.5000      -102.5000      -2.768575    
   147.5000      -102.5000      -2.654653    
   152.5000      -102.5000      -2.569629    
   157.5000      -102.5000      -2.774231    
   162.5000      -102.5000      -3.471025    
   167.5000      -102.5000      -3.129949    
   172.5000      -102.5000      -3.186983    
   177.5000      -102.5000      -3.405427    
   182.5000      -102.5000      -3.644107    
   187.5000      -102.5000      -3.868358    
   192.5000      -102.5000      -4.069568    
   197.5000      -102.5000      -4.247440    
   202.5000      -102.5000      -4.405897    
   207.5000      -102.5000      -4.549701    
   212.5000      -102.5000      -4.683051    
   217.5000      -102.5000      -4.809596    
   222.5000      -102.5000      -4.932237    
  -17.50000      -107.5000      -5.349069    
  -12.50000      -107.5000      -5.164644    
  -7.500000      -107.5000      -4.969959    
  -2.500000      -107.5000      -4.766912    
   2.500000      -107.5000      -4.556619    
   7.500000      -107.5000      -4.339658    
   12.50000      -107.5000      -4.115876    
   17.50000      -107.5000      -3.883945    
   22.50000      -107.5000      -3.641373    
   27.50000      -107.5000      -3.385470    
   32.50000      -107.5000      -3.114809    
   37.50000      -107.5000      -2.831735    
   42.50000      -107.5000      -2.544652    
   47.50000      -107.5000      -2.260648    
   52.50000      -107.5000      -1.975439    
   57.50000      -107.5000      -1.746948    
   62.50000      -107.5000      -1.143047    
   67.35500      -107.5000     -0.3713648    
   72.35500      -107.5000     -0.8116121    
   77.50000      -107.5000      -1.182373    
   82.50000      -107.5000      -1.418169    
   87.50000      -107.5000      -1.933554    
   92.50000      -107.5000      -2.130446    
   97.50000      -107.5000      -2.461808    
   102.5000      -107.5000      -2.737331    
   107.5000      -107.5000      -2.847102    
   112.5000      -107.5000      -2.880653    
   117.5000      -107.5000      -2.941009    
   122.5000      -107.5000      -3.041740    
   127.5000      -107.5000      -3.113570    
   132.5000      -107.5000      -3.082289    
   137.5000      -107.5000      -2.981589    
   142.5000      -107.5000      -2.888924    
   147.5000      -107.5000      -2.857067    
   152.5000      -107.5000      -2.947692    
   157.5000      -107.5000      -3.268968    
   162.5000      -107.5000      -3.837727    
   167.5000      -107.5000      -3.716366    
   172.5000      -107.5000      -3.570417    
   177.5000      -107.5000      -3.646149    
   182.5000      -107.5000      -3.803180    
   187.5000      -107.5000      -3.979997    
   192.5000      -107.5000      -4.152745    
   197.5000      -107.5000      -4.313955    
   202.5000      -107.5000      -4.462895    
   207.5000      -107.5000      -4.601150    
   212.5000      -107.5000      -4.731229    
   217.5000      -107.5000      -4.855953    
   222.5000      -107.5000      -4.977822    
  -17.50000      -112.5000      -5.312696    
  -12.50000      -112.5000      -5.123173    
  -7.500000      -112.5000      -4.924690    
  -2.500000      -112.5000      -4.718174    
   2.500000      -112.5000      -4.504071    
   7.500000      -112.5000      -4.282601    
   12.50000      -112.5000      -4.053844    
   17.50000      -112.5000      -3.817744    
   22.50000      -112.5000      -3.574350    
   27.50000      -112.5000      -3.324876    
   32.50000      -112.5000      -3.072782    
   37.50000      -112.5000      -2.824737    
   42.50000      -112.5000      -2.591628    
   47.50000      -112.5000      -2.386228    
   52.50000      -112.5000      -2.217657    
   57.50000      -112.5000      -2.012577    
   62.50000      -112.5000      -1.568326    
   67.50000      -112.5000      -1.460531    
   72.68000      -112.0000      -1.250072    
   78.18000      -111.7500     -0.6764024    
   83.25000      -112.2500      -1.626025    
   87.75000      -112.5000      -1.301759    
   92.50000      -112.5000      -1.630108    
   97.50000      -112.5000      -2.204982    
   102.5000      -112.5000      -2.654998    
   107.5000      -112.5000      -2.845293    
   112.5000      -112.5000      -2.940129    
   117.5000      -112.5000      -3.052085    
   122.5000      -112.5000      -3.177091    
   127.5000      -112.5000      -3.221036    
   132.5000      -112.5000      -3.156892    
   137.5000      -112.5000      -3.076491    
   142.5000      -112.5000      -3.048250    
   147.5000      -112.5000      -3.104693    
   152.5000      -112.5000      -3.280589    
   157.5000      -112.5000      -3.634217    
   162.5000      -112.5000      -4.107493    
   167.5000      -112.5000      -4.094598    
   172.5000      -112.5000      -3.921923    
   177.5000      -112.5000      -3.909557    
   182.5000      -112.5000      -3.996340    
   187.5000      -112.5000      -4.124543    
   192.5000      -112.5000      -4.265446    
   197.5000      -112.5000      -4.406155    
   202.5000      -112.5000      -4.541905    
   207.5000      -112.5000      -4.671857    
   212.5000      -112.5000      -4.796899    
   217.5000      -112.5000      -4.918747    
   222.5000      -112.5000      -5.039245    
  -17.50000      -117.5000      -5.270700    
  -12.50000      -117.5000      -5.083197    
  -7.500000      -117.5000      -4.886940    
  -2.500000      -117.5000      -4.682706    
   2.500000      -117.5000      -4.471022    
   7.500000      -117.5000      -4.252404    
   12.50000      -117.5000      -4.027613    
   17.50000      -117.5000      -3.797983    
   22.50000      -117.5000      -3.565722    
   27.50000      -117.5000      -3.334374    
   32.50000      -117.5000      -3.109752    
   37.50000      -117.5000      -2.900310    
   42.50000      -117.5000      -2.716887    
   47.50000      -117.5000      -2.569623    
   52.50000      -117.5000      -2.453695    
   57.50000      -117.5000      -2.325166    
   62.50000      -117.5000      -2.155738    
   67.50000      -117.5000      -1.927916    
   72.68000      -117.0000     -0.9072360    
   78.90250      -116.7500     -0.5973608    
   84.47250      -117.2500      0.0000000E+00
   88.25000      -117.5000     -0.9887909    
   92.50000      -117.5000      -1.249676    
   97.50000      -117.5000      -2.032103    
   102.5000      -117.5000      -2.520376    
   107.5000      -117.5000      -2.827160    
   112.5000      -117.5000      -3.035271    
   117.5000      -117.5000      -3.185741    
   122.5000      -117.5000      -3.273126    
   127.5000      -117.5000      -3.269841    
   132.5000      -117.5000      -3.222572    
   137.5000      -117.5000      -3.203035    
   142.5000      -117.5000      -3.245554    
   147.5000      -117.5000      -3.367131    
   152.5000      -117.5000      -3.588824    
   157.5000      -117.5000      -3.937672    
   162.5000      -117.5000      -4.323631    
   167.5000      -117.5000      -4.348487    
   172.5000      -117.5000      -4.203035    
   177.5000      -117.5000      -4.155906    
   182.5000      -117.5000      -4.196067    
   187.5000      -117.5000      -4.285038    
   192.5000      -117.5000      -4.396554    
   197.5000      -117.5000      -4.516383    
   202.5000      -117.5000      -4.637996    
   207.5000      -117.5000      -4.758643    
   212.5000      -117.5000      -4.877772    
   217.5000      -117.5000      -4.996125    
   222.5000      -117.5000      -5.114838    
  -17.50000      -122.5000      -5.238182    
  -12.50000      -122.5000      -5.057953    
  -7.500000      -122.5000      -4.868849    
  -2.500000      -122.5000      -4.672013    
   2.500000      -122.5000      -4.468387    
   7.500000      -122.5000      -4.259078    
   12.50000      -122.5000      -4.045609    
   17.50000      -122.5000      -3.830275    
   22.50000      -122.5000      -3.616685    
   27.50000      -122.5000      -3.409967    
   32.50000      -122.5000      -3.216874    
   37.50000      -122.5000      -3.046141    
   42.50000      -122.5000      -2.907489    
   47.50000      -122.5000      -2.809079    
   52.50000      -122.5000      -2.753805    
   57.50000      -122.5000      -2.743183    
   62.50000      -122.5000      -2.768893    
   67.50000      -122.5000      -2.571775    
   72.50000      -122.5000      -1.936558    
   78.22250      -122.5000     -0.1477523    
   83.86000      -122.0000      -1.041168    
   88.18750      -122.5000      -1.210731    
   92.55000      -123.0000     -0.7491131    
   97.50000      -122.5000      -1.627045    
   102.5000      -122.5000      -2.123298    
   107.5000      -122.5000      -2.608621    
   112.5000      -122.5000      -2.985147    
   117.5000      -122.5000      -3.186009    
   122.5000      -122.5000      -3.268990    
   127.5000      -122.5000      -3.293137    
   132.5000      -122.5000      -3.312251    
   137.5000      -122.5000      -3.367110    
   142.5000      -122.5000      -3.473965    
   147.5000      -122.5000      -3.639969    
   152.5000      -122.5000      -3.880022    
   157.5000      -122.5000      -4.198110    
   162.5000      -122.5000      -4.490107    
   167.5000      -122.5000      -4.520771    
   172.5000      -122.5000      -4.419911    
   177.5000      -122.5000      -4.369434    
   182.5000      -122.5000      -4.385725    
   187.5000      -122.5000      -4.447536    
   192.5000      -122.5000      -4.535543    
   197.5000      -122.5000      -4.637441    
   202.5000      -122.5000      -4.746060    
   207.5000      -122.5000      -4.857643    
   212.5000      -122.5000      -4.970842    
   217.5000      -122.5000      -5.085608    
   222.5000      -122.5000      -5.202336    
  -17.50000      -127.5000      -5.221521    
  -12.50000      -127.5000      -5.052048    
  -7.500000      -127.5000      -4.873672    
  -2.500000      -127.5000      -4.688118    
   2.500000      -127.5000      -4.496883    
   7.500000      -127.5000      -4.301685    
   12.50000      -127.5000      -4.104764    
   17.50000      -127.5000      -3.909188    
   22.50000      -127.5000      -3.719356    
   27.50000      -127.5000      -3.541312    
   32.50000      -127.5000      -3.382390    
   37.50000      -127.5000      -3.251368    
   42.50000      -127.5000      -3.158641    
   47.50000      -127.5000      -3.116278    
   52.50000      -127.5000      -3.142122    
   57.50000      -127.5000      -3.255646    
   62.50000      -127.5000      -3.243654    
   67.50000      -127.5000      -2.558460    
   72.50000      -127.5000      -1.715903    
   77.50000      -127.5000      -1.161770    
   82.63750      -127.0000     -0.8710927    
   87.68750      -127.5000     -0.6175717    
   93.05000      -128.0000      -1.235472    
   98.00000      -127.5000      -1.602212    
   102.5000      -127.5000      -1.754919    
   107.5000      -127.5000      -2.412529    
   112.5000      -127.5000      -2.862816    
   117.5000      -127.5000      -3.099912    
   122.5000      -127.5000      -3.237734    
   127.5000      -127.5000      -3.337357    
   132.5000      -127.5000      -3.436598    
   137.5000      -127.5000      -3.563926    
   142.5000      -127.5000      -3.723768    
   147.5000      -127.5000      -3.914392    
   152.5000      -127.5000      -4.143564    
   157.5000      -127.5000      -4.403441    
   162.5000      -127.5000      -4.604980    
   167.5000      -127.5000      -4.638037    
   172.5000      -127.5000      -4.582680    
   177.5000      -127.5000      -4.547299    
   182.5000      -127.5000      -4.556652    
   187.5000      -127.5000      -4.603133    
   192.5000      -127.5000      -4.675233    
   197.5000      -127.5000      -4.763418    
   202.5000      -127.5000      -4.861259    
   207.5000      -127.5000      -4.965038    
   212.5000      -127.5000      -5.072957    
   217.5000      -127.5000      -5.184329    
   222.5000      -127.5000      -5.299013    
  -17.50000      -132.5000      -5.222371    
  -12.50000      -132.5000      -5.065794    
  -7.500000      -132.5000      -4.900560    
  -2.500000      -132.5000      -4.728987    
   2.500000      -132.5000      -4.553181    
   7.500000      -132.5000      -4.375407    
   12.50000      -132.5000      -4.198510    
   17.50000      -132.5000      -4.026217    
   22.50000      -132.5000      -3.863494    
   27.50000      -132.5000      -3.716937    
   32.50000      -132.5000      -3.594655    
   37.50000      -132.5000      -3.506363    
   42.50000      -132.5000      -3.465038    
   47.50000      -132.5000      -3.489473    
   52.50000      -132.5000      -3.602448    
   57.50000      -132.5000      -3.696628    
   62.50000      -132.5000      -3.237177    
   67.50000      -132.5000      -2.553980    
   72.50000      -132.5000      -2.020527    
   77.50000      -132.5000      -1.727339    
   82.50000      -132.5000      -1.481548    
   87.50000      -132.5000      -1.371273    
   93.55250      -132.2500      -1.848021    
   98.55250      -132.2500      -1.334688    
   102.5000      -132.5000      -1.663722    
   107.5000      -132.5000      -2.412439    
   112.5000      -132.5000      -2.763480    
   117.5000      -132.5000      -3.013142    
   122.5000      -132.5000      -3.227592    
   127.5000      -132.5000      -3.414929    
   132.5000      -132.5000      -3.588164    
   137.5000      -132.5000      -3.778888    
   142.5000      -132.5000      -3.972631    
   147.5000      -132.5000      -4.157171    
   152.5000      -132.5000      -4.345255    
   157.5000      -132.5000      -4.535433    
   162.5000      -132.5000      -4.675524    
   167.5000      -132.5000      -4.719284    
   172.5000      -132.5000      -4.705205    
   177.5000      -132.5000      -4.693081    
   182.5000      -132.5000      -4.706909    
   187.5000      -132.5000      -4.748064    
   192.5000      -132.5000      -4.811053    
   197.5000      -132.5000      -4.889888    
   202.5000      -132.5000      -4.979774    
   207.5000      -132.5000      -5.077401    
   212.5000      -132.5000      -5.180910    
   217.5000      -132.5000      -5.289320    
   222.5000      -132.5000      -5.402053    
  -17.50000      -137.5000      -5.240170    
  -12.50000      -137.5000      -5.097588    
  -7.500000      -137.5000      -4.946944    
  -2.500000      -137.5000      -4.791026    
   2.500000      -137.5000      -4.632467    
   7.500000      -137.5000      -4.474085    
   12.50000      -137.5000      -4.319252    
   17.50000      -137.5000      -4.172208    
   22.50000      -137.5000      -4.038442    
   27.50000      -137.5000      -3.925092    
   32.50000      -137.5000      -3.841213    
   37.50000      -137.5000      -3.798379    
   42.50000      -137.5000      -3.812491    
   47.50000      -137.5000      -3.900665    
   52.50000      -137.5000      -4.012917    
   57.50000      -137.5000      -3.779121    
   62.50000      -137.5000      -3.213657    
   67.50000      -137.5000      -2.703136    
   72.50000      -137.5000      -2.330973    
   77.50000      -137.5000      -2.091630    
   82.50000      -137.5000      -1.950786    
   87.50000      -137.5000      -1.978711    
   93.05250      -137.2500     -0.8811203    
   98.05250      -137.2500      -2.099124    
   102.5000      -137.5000      -2.144970    
   107.0000      -137.5000      -2.317485    
   112.0000      -137.5000      -2.476953    
   117.5000      -137.5000      -2.857770    
   122.5000      -137.5000      -3.240051    
   127.5000      -137.5000      -3.511662    
   132.5000      -137.5000      -3.736148    
   137.5000      -137.5000      -3.966596    
   142.5000      -137.5000      -4.161358    
   147.5000      -137.5000      -4.308547    
   152.5000      -137.5000      -4.451183    
   157.5000      -137.5000      -4.598972    
   162.5000      -137.5000      -4.718607    
   167.5000      -137.5000      -4.781473    
   172.5000      -137.5000      -4.802475    
   177.5000      -137.5000      -4.814817    
   182.5000      -137.5000      -4.839018    
   187.5000      -137.5000      -4.881280    
   192.5000      -137.5000      -4.940583    
   197.5000      -137.5000      -5.014015    
   202.5000      -137.5000      -5.098528    
   207.5000      -137.5000      -5.191665    
   212.5000      -137.5000      -5.291786    
   217.5000      -137.5000      -5.397731    
   222.5000      -137.5000      -5.508612    
  -17.50000      -142.5000      -5.273353    
  -12.50000      -142.5000      -5.145051    
  -7.500000      -142.5000      -5.009591    
  -2.500000      -142.5000      -4.870079    
   2.500000      -142.5000      -4.729561    
   7.500000      -142.5000      -4.591323    
   12.50000      -142.5000      -4.459226    
   17.50000      -142.5000      -4.337951    
   22.50000      -142.5000      -4.233409    
   27.50000      -142.5000      -4.153322    
   32.50000      -142.5000      -4.107525    
   37.50000      -142.5000      -4.108108    
   42.50000      -142.5000      -4.166519    
   47.50000      -142.5000      -4.257039    
   52.50000      -142.5000      -4.170705    
   57.50000      -142.5000      -3.753958    
   62.50000      -142.5000      -3.285201    
   67.50000      -142.5000      -2.899988    
   72.50000      -142.5000      -2.618913    
   77.50000      -142.5000      -2.440212    
   82.50000      -142.5000      -2.353505    
   87.50000      -142.5000      -2.271583    
   92.50000      -142.5000      -2.223948    
   97.50000      -142.5000      -2.474588    
   102.5000      -142.2500      -2.381617    
   106.4750      -141.7500      -3.293879    
   110.9500      -142.2500      -2.233680    
   116.9750      -142.7500      -2.128763    
   122.5000      -142.5000      -3.307384    
   127.5000      -142.5000      -3.577478    
   132.5000      -142.5000      -3.804179    
   137.5000      -142.5000      -4.037969    
   142.5000      -142.5000      -4.206699    
   147.5000      -142.5000      -4.331241    
   152.5000      -142.5000      -4.472323    
   157.5000      -142.5000      -4.623894    
   162.5000      -142.5000      -4.754014    
   167.5000      -142.5000      -4.839429    
   172.5000      -142.5000      -4.887488    
   177.5000      -142.5000      -4.921087    
   182.5000      -142.5000      -4.957204    
   187.5000      -142.5000      -5.003722    
   192.5000      -142.5000      -5.062864    
   197.5000      -142.5000      -5.133893    
   202.5000      -142.5000      -5.215214    
   207.5000      -142.5000      -5.305365    
   212.5000      -142.5000      -5.403001    
   217.5000      -142.5000      -5.506871    
   222.5000      -142.5000      -5.615921    
  -17.50000      -147.5000      -5.319941    
  -12.50000      -147.5000      -5.205545    
  -7.500000      -147.5000      -5.085124    
  -2.500000      -147.5000      -4.961950    
   2.500000      -147.5000      -4.839355    
   7.500000      -147.5000      -4.720944    
   12.50000      -147.5000      -4.610931    
   17.50000      -147.5000      -4.514336    
   22.50000      -147.5000      -4.437289    
   27.50000      -147.5000      -4.387517    
   32.50000      -147.5000      -4.374106    
   37.50000      -147.5000      -4.403856    
   42.50000      -147.5000      -4.462036    
   47.50000      -147.5000      -4.442702    
   52.50000      -147.5000      -4.183393    
   57.50000      -147.5000      -3.788394    
   62.50000      -147.5000      -3.418250    
   67.50000      -147.5000      -3.121334    
   72.50000      -147.5000      -2.907560    
   77.50000      -147.5000      -2.777566    
   82.50000      -147.5000      -2.719674    
   87.50000      -147.5000      -2.717435    
   92.50000      -147.5000      -2.809586    
   97.50000      -147.5000      -3.031560    
   102.5000      -147.2500      -2.914524    
   106.9750      -146.7500      -2.755382    
   111.2000      -147.2500      -2.403799    
   117.2250      -147.7500      -2.791762    
   123.0000      -147.5000      -3.419142    
   127.5000      -147.5000      -3.543887    
   132.5000      -147.5000      -3.682817    
   137.5000      -147.5000      -3.941311    
   142.5000      -147.5000      -4.106134    
   147.5000      -147.5000      -4.260370    
   152.5000      -147.5000      -4.445707    
   157.5000      -147.5000      -4.635283    
   162.5000      -147.5000      -4.793006    
   167.5000      -147.5000      -4.901821    
   172.5000      -147.5000      -4.970060    
   177.5000      -147.5000      -5.018979    
   182.5000      -147.5000      -5.065359    
   187.5000      -147.5000      -5.117266    
   192.5000      -147.5000      -5.178023    
   197.5000      -147.5000      -5.248494    
   202.5000      -147.5000      -5.328290    
   207.5000      -147.5000      -5.416551    
   212.5000      -147.5000      -5.512240    
   217.5000      -147.5000      -5.614223    
   222.5000      -147.5000      -5.721323    
  -17.50000      -152.5000      -5.377792    
  -12.50000      -152.5000      -5.276414    
  -7.500000      -152.5000      -5.170269    
  -2.500000      -152.5000      -5.062663    
   2.500000      -152.5000      -4.957043    
   7.500000      -152.5000      -4.857159    
   12.50000      -152.5000      -4.767328    
   17.50000      -152.5000      -4.692576    
   22.50000      -152.5000      -4.638699    
   27.50000      -152.5000      -4.612005    
   32.50000      -152.5000      -4.616940    
   37.50000      -152.5000      -4.645305    
   42.50000      -152.5000      -4.644488    
   47.50000      -152.5000      -4.504949    
   52.50000      -152.5000      -4.212435    
   57.50000      -152.5000      -3.882378    
   62.50000      -152.5000      -3.589927    
   67.50000      -152.5000      -3.359713    
   72.50000      -152.5000      -3.198878    
   77.50000      -152.5000      -3.108417    
   82.50000      -152.5000      -3.085379    
   87.50000      -152.5000      -3.131738    
   92.50000      -152.5000      -3.265657    
   97.50000      -152.5000      -3.433607    
   102.5000      -152.5000      -3.364966    
   107.5000      -152.5000      -3.063821    
   112.2500      -152.5000      -3.301321    
   117.8750      -152.0000      -3.018261    
   123.1250      -152.5000      -3.501408    
   127.2250      -153.7500      -2.732973    
   132.2250      -153.2500      -2.809077    
   137.5000      -152.5000      -3.726218    
   142.5000      -152.5000      -3.922338    
   147.5000      -152.5000      -4.143184    
   152.5000      -152.5000      -4.402705    
   157.5000      -152.5000      -4.656638    
   162.5000      -152.5000      -4.847560    
   167.5000      -152.5000      -4.971927    
   172.5000      -152.5000      -5.053599    
   177.5000      -152.5000      -5.113407    
   182.5000      -152.5000      -5.167050    
   187.5000      -152.5000      -5.223571    
   192.5000      -152.5000      -5.286615    
   197.5000      -152.5000      -5.357519    
   202.5000      -152.5000      -5.436615    
   207.5000      -152.5000      -5.523529    
   212.5000      -152.5000      -5.617494    
   217.5000      -152.5000      -5.717502    
   222.5000      -152.5000      -5.822331    
  -17.50000      -157.5000      -5.444695    
  -12.50000      -157.5000      -5.355084    
  -7.500000      -157.5000      -5.261978    
  -2.500000      -157.5000      -5.168580    
   2.500000      -157.5000      -5.078276    
   7.500000      -157.5000      -4.994717    
   12.50000      -157.5000      -4.922000    
   17.50000      -157.5000      -4.864605    
   22.50000      -157.5000      -4.826988    
   27.50000      -157.5000      -4.812029    
   32.50000      -157.5000      -4.815645    
   37.50000      -157.5000      -4.812372    
   42.50000      -157.5000      -4.740950    
   47.50000      -157.5000      -4.552181    
   52.50000      -157.5000      -4.286913    
   57.50000      -157.5000      -4.018130    
   62.50000      -157.5000      -3.786740    
   67.50000      -157.5000      -3.608932    
   72.50000      -157.5000      -3.490712    
   77.50000      -157.5000      -3.433530    
   82.50000      -157.5000      -3.437694    
   87.50000      -157.5000      -3.505826    
   92.50000      -157.5000      -3.635300    
   97.50000      -157.5000      -3.757649    
   102.5000      -157.5000      -3.715577    
   107.5000      -157.5000      -3.638742    
   112.5000      -157.5000      -3.719004    
   117.6250      -157.0000      -3.195976    
   122.6250      -157.5000      -3.402424    
   127.7250      -159.0000      -3.383931    
   133.2250      -158.5000      -2.803376    
   138.0000      -157.5000      -3.593585    
   142.5000      -157.5000      -3.701621    
   147.5000      -157.5000      -3.983645    
   152.5000      -157.5000      -4.362630    
   157.5000      -157.5000      -4.718096    
   162.5000      -157.5000      -4.934779    
   167.5000      -157.5000      -5.057262    
   172.5000      -157.5000      -5.138911    
   177.5000      -157.5000      -5.204302    
   182.5000      -157.5000      -5.263803    
   187.5000      -157.5000      -5.324049    
   192.5000      -157.5000      -5.389056    
   197.5000      -157.5000      -5.460589    
   202.5000      -157.5000      -5.539207    
   207.5000      -157.5000      -5.624847    
   212.5000      -157.5000      -5.716997    
   217.5000      -157.5000      -5.814752    
   222.5000      -157.5000      -5.916872    
  -17.50000      -162.5000      -5.518454    
  -12.50000      -162.5000      -5.439137    
  -7.500000      -162.5000      -5.357483    
  -2.500000      -162.5000      -5.276472    
   2.500000      -162.5000      -5.199257    
   7.500000      -162.5000      -5.129131    
   12.50000      -162.5000      -5.069600    
   17.50000      -162.5000      -5.023972    
   22.50000      -162.5000      -4.994384    
   27.50000      -162.5000      -4.979086    
   32.50000      -162.5000      -4.965998    
   37.50000      -162.5000      -4.924027    
   42.50000      -162.5000      -4.811943    
   47.50000      -162.5000      -4.623014    
   52.50000      -162.5000      -4.398089    
   57.50000      -162.5000      -4.181460    
   62.50000      -162.5000      -3.999092    
   67.50000      -162.5000      -3.863451    
   72.50000      -162.5000      -3.779689    
   77.50000      -162.5000      -3.749383    
   82.50000      -162.5000      -3.772445    
   87.50000      -162.5000      -3.848010    
   92.50000      -162.5000      -3.964641    
   97.50000      -162.5000      -4.069635    
   102.5000      -162.5000      -4.093811    
   107.5000      -162.5000      -4.094191    
   112.5000      -162.5000      -4.115408    
   117.5000      -162.5000      -4.155999    
   122.5000      -162.5000      -3.935061    
   128.2500      -162.7500      -3.357536    
   134.3250      -162.2500      -2.952422    
   138.5750      -161.7500      -3.912262    
   142.5000      -162.2500      -3.525142    
   147.5000      -162.5000      -3.734384    
   152.5000      -162.5000      -4.420749    
   157.5000      -162.5000      -4.874893    
   162.5000      -162.5000      -5.046056    
   167.5000      -162.5000      -5.147890    
   172.5000      -162.5000      -5.225031    
   177.5000      -162.5000      -5.291327    
   182.5000      -162.5000      -5.354487    
   187.5000      -162.5000      -5.418281    
   192.5000      -162.5000      -5.485234    
   197.5000      -162.5000      -5.557188    
   202.5000      -162.5000      -5.635122    
   207.5000      -162.5000      -5.719267    
   212.5000      -162.5000      -5.809289    
   217.5000      -162.5000      -5.904401    
   222.5000      -162.5000      -6.003373    
  -17.50000      -167.5000      -5.596917    
  -12.50000      -167.5000      -5.526298    
  -7.500000      -167.5000      -5.454305    
  -2.500000      -167.5000      -5.383604    
   2.500000      -167.5000      -5.316932    
   7.500000      -167.5000      -5.257008    
   12.50000      -167.5000      -5.206429    
   17.50000      -167.5000      -5.166959    
   22.50000      -167.5000      -5.138139    
   27.50000      -167.5000      -5.114424    
   32.50000      -167.5000      -5.080775    
   37.50000      -167.5000      -5.012252    
   42.50000      -167.5000      -4.889174    
   47.50000      -167.5000      -4.719654    
   52.50000      -167.5000      -4.534233    
   57.50000      -167.5000      -4.361706    
   62.50000      -167.5000      -4.219936    
   67.50000      -167.5000      -4.118843    
   72.50000      -167.5000      -4.063047    
   77.50000      -167.5000      -4.053650    
   82.50000      -167.5000      -4.090036    
   87.50000      -167.5000      -4.168691    
   92.50000      -167.5000      -4.277125    
   97.50000      -167.5000      -4.381847    
   102.5000      -167.5000      -4.446570    
   107.5000      -167.5000      -4.483433    
   112.5000      -167.5000      -4.514685    
   117.5000      -167.5000      -4.481005    
   122.5000      -167.5000      -4.296145    
   127.7500      -167.5000      -3.952099    
   133.3250      -167.0000      -3.503143    
   138.0750      -166.7500      -3.332067    
   142.6250      -167.0000      -3.085676    
   147.6250      -167.2500      -3.770177    
   152.5000      -167.5000      -4.866457    
   157.5000      -167.5000      -5.013322    
   162.5000      -167.5000      -5.127662    
   167.5000      -167.5000      -5.220137    
   172.5000      -167.5000      -5.300057    
   177.5000      -167.5000      -5.371682    
   182.5000      -167.5000      -5.438776    
   187.5000      -167.5000      -5.505427    
   192.5000      -167.5000      -5.574196    
   197.5000      -167.5000      -5.646553    
   202.5000      -167.5000      -5.723587    
   207.5000      -167.5000      -5.805874    
   212.5000      -167.5000      -5.893346    
   217.5000      -167.5000      -5.985386    
   222.5000      -167.5000      -6.080842    
  -17.50000      -172.5000      -5.677888    
  -12.50000      -172.5000      -5.614324    
  -7.500000      -172.5000      -5.550201    
  -2.500000      -172.5000      -5.487679    
   2.500000      -172.5000      -5.428985    
   7.500000      -172.5000      -5.376113    
   12.50000      -172.5000      -5.330628    
   17.50000      -172.5000      -5.292817    
   22.50000      -172.5000      -5.260277    
   27.50000      -172.5000      -5.225944    
   32.50000      -172.5000      -5.176709    
   37.50000      -172.5000      -5.096974    
   42.50000      -172.5000      -4.979884    
   47.50000      -172.5000      -4.835864    
   52.50000      -172.5000      -4.686295    
   57.50000      -172.5000      -4.551174    
   62.50000      -172.5000      -4.443717    
   67.50000      -172.5000      -4.371571    
   72.50000      -172.5000      -4.338777    
   77.50000      -172.5000      -4.346136    
   82.50000      -172.5000      -4.392366    
   87.50000      -172.5000      -4.473662    
   92.50000      -172.5000      -4.579535    
   97.50000      -172.5000      -4.687836    
   102.5000      -172.5000      -4.773619    
   107.5000      -172.5000      -4.829492    
   112.5000      -172.5000      -4.849945    
   117.5000      -172.5000      -4.807309    
   122.5000      -172.5000      -4.699367    
   127.5000      -172.5000      -4.583082    
   132.5000      -172.5000      -4.520707    
   137.5000      -172.5000      -4.512254    
   142.6250      -172.2500      -3.895437    
   147.6250      -172.2500      -3.352324    
   152.5000      -172.5000      -4.423446    
   157.5000      -172.5000      -4.908460    
   162.5000      -172.5000      -5.134142    
   167.5000      -172.5000      -5.268818    
   172.5000      -172.5000      -5.364327    
   177.5000      -172.5000      -5.443446    
   182.5000      -172.5000      -5.515655    
   187.5000      -172.5000      -5.585263    
   192.5000      -172.5000      -5.655406    
   197.5000      -172.5000      -5.727924    
   202.5000      -172.5000      -5.803882    
   207.5000      -172.5000      -5.884018    
   212.5000      -172.5000      -5.968571    
   217.5000      -172.5000      -6.057187    
   222.5000      -172.5000      -6.148924    
  -17.50000      -177.5000      -5.758986    
  -12.50000      -177.5000      -5.700972    
  -7.500000      -177.5000      -5.643032    
  -2.500000      -177.5000      -5.586709    
   2.500000      -177.5000      -5.533621    
   7.500000      -177.5000      -5.485090    
   12.50000      -177.5000      -5.441753    
   17.50000      -177.5000      -5.402844    
   22.50000      -177.5000      -5.365138    
   27.50000      -177.5000      -5.322191    
   32.50000      -177.5000      -5.264857    
   37.50000      -177.5000      -5.185026    
   42.50000      -177.5000      -5.081832    
   47.50000      -177.5000      -4.964297    
   52.50000      -177.5000      -4.847124    
   57.50000      -177.5000      -4.744494    
   62.50000      -177.5000      -4.666581    
   67.50000      -177.5000      -4.619264    
   72.50000      -177.5000      -4.605690    
   77.50000      -177.5000      -4.626833    
   82.50000      -177.5000      -4.681375    
   87.50000      -177.5000      -4.765752    
   92.50000      -177.5000      -4.871718    
   97.50000      -177.5000      -4.983269    
   102.5000      -177.5000      -5.079204    
   107.5000      -177.5000      -5.143665    
   112.5000      -177.5000      -5.168346    
   117.5000      -177.5000      -5.151466    
   122.5000      -177.5000      -5.107514    
   127.5000      -177.5000      -5.062249    
   132.5000      -177.5000      -5.018456    
   137.5000      -177.5000      -4.908711    
   142.5000      -177.5000      -4.636695    
   147.5000      -177.5000      -4.475276    
   152.5000      -177.5000      -4.573038    
   157.5000      -177.5000      -4.924599    
   162.5000      -177.5000      -5.163982    
   167.5000      -177.5000      -5.316129    
   172.5000      -177.5000      -5.424565    
   177.5000      -177.5000      -5.510843    
   182.5000      -177.5000      -5.586587    
   187.5000      -177.5000      -5.658072    
   192.5000      -177.5000      -5.728798    
   197.5000      -177.5000      -5.800936    
   202.5000      -177.5000      -5.875562    
   207.5000      -177.5000      -5.953355    
   212.5000      -177.5000      -6.034736    
   217.5000      -177.5000      -6.119660    
   222.5000      -177.5000      -6.207732    
  -17.50000      -182.5000      -5.837363    
  -12.50000      -182.5000      -5.783872    
  -7.500000      -182.5000      -5.730938    
  -2.500000      -182.5000      -5.678975    
   2.500000      -182.5000      -5.629507    
   7.500000      -182.5000      -5.583270    
   12.50000      -182.5000      -5.540246    
   17.50000      -182.5000      -5.499131    
   22.50000      -182.5000      -5.456880    
   27.50000      -182.5000      -5.408769    
   32.50000      -182.5000      -5.349522    
   37.50000      -182.5000      -5.275925    
   42.50000      -182.5000      -5.189620    
   47.50000      -182.5000      -5.097620    
   52.50000      -182.5000      -5.009994    
   57.50000      -182.5000      -4.936673    
   62.50000      -182.5000      -4.885183    
   67.50000      -182.5000      -4.860070    
   72.50000      -182.5000      -4.863646    
   77.50000      -182.5000      -4.896803    
   82.50000      -182.5000      -4.958761    
   87.50000      -182.5000      -5.046409    
   92.50000      -182.5000      -5.152843    
   97.50000      -182.5000      -5.265138    
   102.5000      -182.5000      -5.364644    
   107.5000      -182.5000      -5.434089    
   112.5000      -182.5000      -5.470047    
   117.5000      -182.5000      -5.484520    
   122.5000      -182.5000      -5.488851    
   127.5000      -182.5000      -5.476259    
   132.5000      -182.5000      -5.419741    
   137.5000      -182.5000      -5.286194    
   142.5000      -182.5000      -5.105823    
   147.5000      -182.5000      -4.988185    
   152.5000      -182.5000      -5.001396    
   157.5000      -182.5000      -5.123417    
   162.5000      -182.5000      -5.271892    
   167.5000      -182.5000      -5.393787    
   172.5000      -182.5000      -5.493116    
   177.5000      -182.5000      -5.577825    
   182.5000      -182.5000      -5.653414    
   187.5000      -182.5000      -5.724823    
   192.5000      -182.5000      -5.795054    
   197.5000      -182.5000      -5.865970    
   202.5000      -182.5000      -5.938777    
   207.5000      -182.5000      -6.014098    
   212.5000      -182.5000      -6.092223    
   217.5000      -182.5000      -6.173055    
   222.5000      -182.5000      -6.257403    
  -17.50000      -187.5000      -5.906559    
  -12.50000      -187.5000      -5.862092    
  -7.500000      -187.5000      -5.812125    
  -2.500000      -187.5000      -5.762846    
   2.500000      -187.5000      -5.715447    
   7.500000      -187.5000      -5.670205    
   12.50000      -187.5000      -5.626613    
   17.50000      -187.5000      -5.583282    
   22.50000      -187.5000      -5.537899    
   27.50000      -187.5000      -5.487664    
   32.50000      -187.5000      -5.430367    
   37.50000      -187.5000      -5.365781    
   42.50000      -187.5000      -5.296602    
   47.50000      -187.5000      -5.228269    
   52.50000      -187.5000      -5.167684    
   57.50000      -187.5000      -5.121501    
   62.50000      -187.5000      -5.094828    
   67.50000      -187.5000      -5.090877    
   72.50000      -187.5000      -5.111191    
   77.50000      -187.5000      -5.156180    
   82.50000      -187.5000      -5.225166    
   87.50000      -187.5000      -5.315522    
   92.50000      -187.5000      -5.421300    
   97.50000      -187.5000      -5.530818    
   102.5000      -187.5000      -5.626339    
   107.5000      -187.5000      -5.693751    
   112.5000      -187.5000      -5.737763    
   117.5000      -187.5000      -5.779152    
   122.5000      -187.5000      -5.827790    
   127.5000      -187.5000      -5.855274    
   132.5000      -187.5000      -5.812463    
   137.5000      -187.5000      -5.695882    
   142.5000      -187.5000      -5.547121    
   147.5000      -187.5000      -5.425897    
   152.5000      -187.5000      -5.368949    
   157.5000      -187.5000      -5.377798    
   162.5000      -187.5000      -5.430754    
   167.5000      -187.5000      -5.498536    
   172.5000      -187.5000      -5.572000    
   177.5000      -187.5000      -5.646403    
   182.5000      -187.5000      -5.717567    
   187.5000      -187.5000      -5.786351    
   192.5000      -187.5000      -5.854738    
   197.5000      -187.5000      -5.923787    
   202.5000      -187.5000      -5.994302    
   207.5000      -187.5000      -6.066949    
   212.5000      -187.5000      -6.142099    
   217.5000      -187.5000      -6.219482    
   222.5000      -187.5000      -6.294411    
