         988
      770000      230022  1.3714723E-02 -0.6549297    
      770000      240023  1.2456029E-02  -1.505835    
      770000      250024  9.0686018E-03   7.184147    
      770000      260025  1.4465923E-02  -9.501501    
      770000      270026  1.7686011E-02  -14.77182    
      770000      280027  2.9712297E-02  -15.07045    
      770000      290028  8.5435122E-02  -15.81612    
      770000      300029  6.4298227E-02  -11.31732    
      770000      310030  0.1047268      -9.338994    
      770000      320031  7.4622475E-02  -4.860101    
      770000      450044  1.5482988E-02  -15.75460    
      770000      460045  8.4059425E-02  -14.93009    
      770000      470046  9.1432363E-02  -7.878623    
      770000      480047  3.7401009E-02  -10.28486    
      770000      490048  0.1459477      -5.734013    
      770000      570056  2.3087516E-02  -17.41851    
      770000      580057  2.4913888E-02  -17.98955    
      770000      590058  2.1647654E-02  -17.42146    
      770000      600059  2.3223596E-02  -26.84984    
      770000      610060  7.0615716E-02  -16.01210    
      770000      340033  1.1943282E-02   1.965005    
      770000      350034  1.1449774E-02  -1.461258    
      770000      360035  1.0254294E-02   1.809812    
      770000      370036  2.0479327E-02  -14.95922    
      770000      380037  1.1664953E-02  -8.734537    
      770000      390038  6.5950982E-02  -18.14583    
      770000      400039  7.3158242E-02  -11.89896    
      770000      410040  8.3587021E-02  -10.41329    
      770000      420041  8.8079408E-02  -7.810114    
      770000      430042  0.1136847      -3.172348    
      770000      510050  1.4750035E-02  -28.32406    
      770000      520051  0.1275344      -12.81858    
      770000      540053  8.6037710E-02  -6.626725    
      770000      550054  0.3770877      -2.681731    
      770000      630062  2.5999013E-02  -17.71438    
      770000      640063  2.3408638E-02  -17.15045    
      770000      650064  2.6502574E-02  -18.73212    
      770000      660065  3.1318486E-02  -31.83581    
      770000      670066  9.5400445E-02  -8.525857    
      780000      230022  1.3140528E-02  -1.125837    
      780000      240023  1.2194968E-02  -2.628526    
      780000      250024  9.6470099E-03   5.892140    
      780000      260025  1.4215166E-02  -9.796850    
      780000      270026  1.7572844E-02  -14.65017    
      780000      280027  2.9141763E-02  -14.90665    
      780000      290028  7.9759009E-02  -16.03251    
      780000      300029  6.2880553E-02  -11.50286    
      780000      310030  0.1139011      -8.776269    
      780000      320031  0.1442544      -5.276766    
      780000      450044  1.4408334E-02  -16.38833    
      780000      460045  7.6986603E-02  -15.26055    
      780000      470046  8.1206016E-02  -8.171247    
      780000      480047  2.9045666E-02  -11.12709    
      780000      490048  8.4701084E-02  -6.543809    
      780000      570056  2.1685895E-02  -17.56214    
      780000      580057  2.3303138E-02  -18.16680    
      780000      590058  2.0046340E-02  -17.61489    
      780000      600059  2.1166150E-02  -26.89294    
      780000      610060  6.2930010E-02  -16.44669    
      780000      340033  1.1688590E-02  0.8222138    
      780000      350034  1.1374333E-02  -2.405164    
      780000      360035  1.0746771E-02   1.240727    
      780000      370036  1.9730940E-02  -15.19035    
      780000      380037  1.2577930E-02  -8.140527    
      780000      390038  6.1759584E-02  -18.37524    
      780000      400039  6.9526687E-02  -12.16935    
      780000      410040  8.6764529E-02  -10.03248    
      780000      420041  0.1057025      -7.052831    
      780000      430042  0.3827082      -4.654918    
      780000      520051  0.1158993      -13.15969    
      780000      540053  5.8836922E-02  -7.093445    
      780000      550054  0.1114774      -3.881904    
      780000      630062  2.4384404E-02  -17.87523    
      780000      640063  2.1808742E-02  -17.34499    
      780000      650064  2.4381943E-02  -18.91543    
      780000      670066  8.4253669E-02  -8.911377    
      860000       20001  1.0133311E-02  -18.97809    
      860000       30002  2.1565109E-02  -22.12239    
      860000       40003  2.2892639E-02  -22.59607    
      860000       50004  8.1064468E-03  -21.93412    
      860000       60005  9.9300267E-03  -21.03237    
      860000       70006  2.0085437E-02  -21.58137    
      860000       80007  2.6853750E-02  -15.88379    
      860000       90008  4.1217003E-03  -1.223822    
      860000       90010  1.2010425E-02  -22.45498    
      860000      100011  7.6773087E-03  -23.19252    
      860000      110012  5.9988429E-03  -17.42188    
      860000      120013  1.0254709E-02  -16.76371    
      860000      130014  6.3541005E-03  -13.08755    
      860000      140015  4.4003506E-03  -13.63540    
      860000      150016  3.9643063E-03  -13.70543    
      860000      160017  3.3626491E-03  -13.02693    
      860000      170018  3.5021424E-03  -11.34227    
      860000      180019  3.8938392E-03  -10.49754    
      860000      190020  3.2425455E-03  -9.028447    
      860000      200021  3.2372309E-03  -8.853450    
      860000      230022  3.7755959E-02  -5.187664    
      860000      240023  4.1178521E-02  -8.031339    
      860000      250024  2.4164502E-02  -13.33107    
      860000      260025  3.1668603E-02  -19.90198    
      860000      260027  2.1834007E-02  -11.50626    
      860000      270028  6.9562294E-02  -18.47774    
      860000      300031  1.2480773E-02  -13.43604    
      860000      310032  5.0144852E-03  -11.15073    
      860000      570056  5.5769213E-02  -22.14743    
      860000      580057  5.4495361E-02  -24.67970    
      860000      590058  2.0946702E-03  -145.3930    
      860000      590060  3.1734627E-02  -52.57117    
      860000      600061  5.0577145E-02  -28.12922    
      860000      340033  3.6319621E-02  -4.604490    
      860000      350034  3.8204242E-02  -9.889235    
      860000      360035  2.2995960E-02  -19.95182    
      860000      370036  2.4901140E-02  -20.10367    
      860000      370038  7.4382633E-02  -12.85959    
      860000      380039  3.1506207E-02  -24.90955    
      860000      400041  1.3591702E-02  -15.19121    
      860000      410042  6.7269700E-03  -12.77336    
      860000      420043  5.7591717E-03  -10.51159    
      860000      630062  6.4941876E-02  -22.47658    
      860000      640063  3.2530382E-02  -29.49764    
      860000      640065  2.6661824E-02  -33.61344    
      860000      650066  2.9962558E-02  -47.64068    
      860000      660067  6.0238428E-02  -20.14305    
      870000       20001  1.0163280E-02  -17.51744    
      870000       30002  2.1757575E-02  -20.51134    
      870000       40003  2.3330893E-02  -20.79349    
      870000       50004  8.4330840E-03  -19.85567    
      870000       60005  1.0800269E-02  -18.72997    
      870000       70006  2.3258841E-02  -19.83555    
      870000       80007  3.4368489E-02  -15.98882    
      870000       90008  8.6311819E-03  -15.60218    
      870000      100011  5.9363269E-03  -16.84912    
      870000      110012  5.5581951E-03  -11.97512    
      870000      120013  9.8871775E-03  -11.65646    
      870000      130014  6.4434744E-03  -8.851599    
      870000      140015  4.6605156E-03  -10.50727    
      870000      150016  4.3321541E-03  -11.33976    
      870000      160017  3.7768451E-03  -11.59495    
      870000      170018  4.0103672E-03  -10.62226    
      870000      180019  4.4983071E-03  -10.26983    
      870000      190020  3.7554249E-03  -9.130887    
      870000      200021  3.7160960E-03  -9.012869    
      870000      230022  2.9246517E-02  -7.362073    
      870000      240023  3.1099247E-02  -11.52483    
      870000      250024  2.2680040E-02  -15.20268    
      870000      260025  4.0533815E-02  -21.28565    
      870000      270026  2.2688277E-02  -29.59635    
      870000      270028  3.8362592E-02  -20.07543    
      870000      290030  3.0814167E-02  -27.92202    
      870000      300031  2.4152903E-02  -22.87946    
      870000      310032  7.4020964E-03  -17.03207    
      870000      570056  4.3466516E-02  -19.74735    
      870000      580057  4.6741858E-02  -18.90602    
      870000      590058  3.8255382E-02  -17.11207    
      870000      600059  6.5032816E-03   69.82204    
      870000      600061  5.6407563E-02  -24.32533    
      870000      340033  2.7607352E-02  -7.512535    
      870000      350034  2.9782852E-02  -13.71020    
      870000      360035  2.6403891E-02  -19.89270    
      870000      370036  5.2809164E-02  -22.30600    
      870000      370038  3.5201825E-02  -9.879934    
      870000      380039  6.6475077E-03  -38.79583    
      870000      400041  2.7215483E-02  -24.68526    
      870000      410042  1.2448116E-02  -22.42143    
      870000      420043  7.8093424E-03  -14.73499    
      870000      630062  5.0025400E-02  -19.57740    
      870000      640063  4.2209852E-02  -16.44043    
      870000      650064  3.5624973E-02  -16.84776    
      870000      650066  2.8975811E-02  -44.65262    
      870000      660067  6.8806663E-02  -17.08025    
      880000       20001  8.3654178E-03  -17.09707    
      880000       30002  1.7882423E-02  -20.36414    
      880000       40003  1.9332770E-02  -20.87557    
      880000       50004  7.1654525E-03  -20.41003    
      880000       60005  9.9545587E-03  -20.43731    
      880000       70006  2.5260119E-02  -23.55918    
      880000       80007  5.1058054E-02  -21.45956    
      880000       90008  3.1842101E-02  -20.54359    
      880000      100009  4.4559050E-02  -11.70960    
      880000      120011  1.7152676E-02  -7.009918    
      880000      130012  2.8077001E-02  -6.904689    
      880000      140013  1.2995481E-02  0.6740148    
      880000      150014  3.2171600E-03   19.12999    
      880000      160017  7.3993513E-03  -11.56621    
      880000      170018  1.0446303E-02  -8.654207    
      880000      180019  1.2321140E-02  -8.256190    
      880000      190020  9.9658640E-03  -7.398857    
      880000      200021  8.6815637E-03  -7.514901    
      880000      230022  1.6601704E-02  -1.795759    
      880000      240023  1.5517224E-02  -3.528298    
      880000      250024  1.1783252E-02   2.228608    
      880000      260025  2.0264648E-02  -12.60501    
      880000      270026  2.8468424E-02  -18.67801    
      880000      280027  6.0182378E-02  -19.12879    
      880000      290028  0.1600487      -16.99491    
      880000      300029  3.5327937E-02  -2.008769    
      880000      300031  6.9496498E-02  -16.69816    
      880000      310032  3.3983897E-02  -13.91572    
      880000      570056  2.7782459E-02  -17.40368    
      880000      580057  3.0483266E-02  -17.55615    
      880000      590058  2.8096316E-02  -16.36430    
      880000      600059  2.9877897E-02  -22.39712    
      880000      610060  7.5448178E-02  -16.44879    
      880000      340033  1.4617143E-02  0.2180281    
      880000      350034  1.4520928E-02  -4.119965    
      880000      360035  1.3816502E-02  -3.280518    
      880000      370036  3.0290389E-02  -17.61349    
      880000      380037  2.2722403E-02  -17.08063    
      880000      390038  0.1335701      -20.06684    
      880000      400039  0.1010007      -10.79400    
      880000      400041  2.5430001E-02  -22.56291    
      880000      410042  5.2729983E-02  -16.65454    
      880000      420043  3.3229493E-02  -12.90655    
      880000      630062  3.1551402E-02  -17.57083    
      880000      640063  2.9105760E-02  -16.28292    
      880000      650064  3.5265658E-02  -16.77189    
      880000      660065  3.7211929E-02  -29.05538    
      880000      670066  8.5515082E-02  -8.522688    
      890000       20001  7.9336390E-03  -17.29680    
      890000       30002  1.6929118E-02  -20.63749    
      890000       40003  1.8302899E-02  -21.20954    
      890000       50004  6.7977402E-03  -20.83698    
      890000       60005  9.5442384E-03  -20.99223    
      890000       70006  2.4810439E-02  -24.16032    
      890000       80007  5.2227158E-02  -21.71929    
      890000       90008  3.4908555E-02  -19.78519    
      890000      100009  5.2877903E-02  -10.22004    
      890000      110010  2.7873674E-02  -9.546636    
      890000      120011  2.3859711E-02  -5.686296    
      890000      130012  4.3727525E-02  -6.615477    
      890000      140013  3.0265367E-02  -4.338759    
      890000      150014  2.3335690E-02  -5.184093    
      890000      160015  1.3054059E-02  -5.442157    
      890000      160017  5.8111069E-03  -17.65954    
      890000      170018  2.0463105E-02  -7.350610    
      890000      180019  2.4587214E-02  -6.889205    
      890000      190020  1.7813496E-02  -6.224812    
      890000      200021  1.3774833E-02  -6.537884    
      890000      230022  1.4679884E-02 -0.5741878    
      890000      240023  1.3234748E-02  -1.188901    
      890000      250024  9.2441421E-03   7.036660    
      890000      260025  1.5722169E-02  -9.862623    
      890000      270026  1.9857893E-02  -15.67558    
      890000      280027  3.6231559E-02  -16.28550    
      890000      290028  0.1069780      -16.01083    
      890000      300029  7.1453393E-02  -11.53051    
      890000      310030  4.5447610E-02  -10.33566    
      890000      310032  2.4299968E-02  -12.44055    
      890000      570056  2.5139455E-02  -17.36399    
      890000      580057  2.7372930E-02  -17.85519    
      890000      590058  2.4351189E-02  -17.25975    
      890000      600059  2.6901809E-02  -26.65973    
      890000      610060  8.4725685E-02  -15.49422    
      890000      340033  1.2651580E-02   2.335839    
      890000      350034  1.2106583E-02  -1.362690    
      890000      360035  1.0637833E-02   1.163848    
      890000      370036  2.2802114E-02  -15.28450    
      890000      380037  1.3414672E-02  -11.62515    
      890000      390038  8.2370624E-02  -18.45676    
      890000      400039  8.9231811E-02  -12.09179    
      890000      410040  6.5895922E-02  -11.73160    
      890000      420041  8.7165218E-03  -5.504562    
      890000      420043  3.5947379E-02  -11.16786    
      890000      630062  2.8410237E-02  -17.62556    
      890000      640063  2.5932901E-02  -16.96471    
      890000      650064  3.0243287E-02  -18.49785    
      890000      660065  3.7395645E-02  -31.24967    
      890000      670066  0.1146930      -7.872317    
      900000       20001  9.7644189E-03  -16.94935    
      900000       30002  1.8114567E-02  -20.65535    
      900000       40003  1.5913747E-02  -23.70704    
      900000       50004  3.9771558E-03  -29.13579    
      900000       60005  1.8630048E-03  -57.44788    
      900000       60007  2.2341928E-03   44.73222    
      900000       70008  1.3932382E-02  -7.178752    
      900000       80009  1.3369755E-02  -18.94763    
      900000       90010  2.2194089E-02  -17.17726    
      900000      100011  1.0493810E-02  -18.07836    
      900000      110012  5.7086600E-03  -16.78396    
      900000      120013  8.8841561E-03  -17.17477    
      900000      130014  4.9823774E-03  -14.17518    
      900000      140015  3.2113742E-03  -14.71034    
      900000      150016  2.8164349E-03  -14.72036    
      900000      160017  2.3586780E-03  -13.75228    
      900000      170018  2.4459292E-03  -11.77713    
      900000      180019  2.7295107E-03  -10.69355    
      900000      190020  2.2975157E-03  -9.045182    
      900000      200021  2.3576866E-03  -8.839667    
      900000      230022  1.5658524E-02   19.53355    
      900000      230024  2.3883205E-02  -46.66471    
      900000      240025  6.7049548E-02  -12.04658    
      900000      250026  3.5030596E-02  -20.92018    
      900000      260027  2.1770317E-02  -20.89491    
      900000      270028  2.4260275E-02  -19.38985    
      900000      290028  3.1430053E-03  -45.15846    
      900000      290030  1.3925167E-03  -18.46209    
      900000      440045  2.8409110E-02  -20.49122    
      900000      450046  3.8992763E-02  -25.05897    
      900000      460047  2.8703196E-02  -18.67556    
      900000      480049  4.2721801E-03  -15.92941    
      900000      340035  3.7199605E-02  -27.19650    
      900000      350036  6.3646652E-02  -11.58500    
      900000      360037  1.9631732E-02  -24.52117    
      900000      370038  3.1159632E-02  -15.13702    
      900000      390040  8.9874858E-04  -18.80980    
      900000      500051  1.7596796E-02  -31.15222    
      900000      510052  5.1626526E-02  -23.56388    
      900000      530054  4.0640002E-03  -17.30499    
      900000      540055  3.4729193E-03  -12.59328    
      910000       20001  1.4178270E-02  -17.08040    
      910000       30002  3.0369420E-02  -20.18287    
      910000       40003  3.1735718E-02  -21.11415    
      910000       50004  1.0767914E-02  -21.67311    
      910000       60005  1.1577126E-02  -23.73101    
      910000       70006  1.7648466E-02  -28.11213    
      910000       80007  9.9816043E-03  -32.05700    
      910000       80009  1.1602475E-02  -18.77123    
      910000       90010  3.4595925E-02  -15.41624    
      910000      100011  1.7092211E-02  -17.06825    
      910000      110012  9.1364896E-03  -16.82606    
      910000      120013  1.4076545E-02  -17.38854    
      910000      130014  7.8403400E-03  -14.51958    
      910000      140015  4.9764118E-03  -15.19537    
      910000      150016  4.2672688E-03  -15.34327    
      910000      160017  3.4729063E-03  -14.42010    
      910000      170018  3.4978592E-03  -12.55043    
      910000      180019  3.8041745E-03  -11.48505    
      910000      190020  3.1221448E-03  -9.831659    
      910000      200021  3.1108954E-03  -9.535278    
      910000      240023  1.1572142E-02   12.37240    
      910000      240025  7.3501258E-03  -22.42658    
      910000      260025  4.0501654E-03  0.6646420    
      910000      260027  8.9926189E-03  -23.50064    
      910000      270028  2.5929090E-02  -21.86388    
      910000      290028  7.1990923E-03  -27.03426    
      910000      290030  1.1234514E-03  -43.10425    
      910000      310032  3.2858355E-03  -8.636190    
      910000      440045  4.3785919E-02  -30.99790    
      910000      450046  5.3432509E-02  -25.06566    
      910000      460047  4.2335022E-02  -17.78412    
      910000      470048  5.3327470E-03  -25.22213    
      910000      480049  6.1924024E-03  -16.67061    
      910000      340033  1.2341984E-02   13.73862    
      910000      350034  6.6321548E-03   18.45385    
      910000      350036  7.3033147E-03  -15.34908    
      910000      370036  7.7909632E-03  -8.243159    
      910000      370038  3.1940121E-02  -16.33311    
      910000      400039  4.0041085E-04   88.31470    
      910000      500051  2.6392654E-02  -32.80510    
      910000      510052  7.3507607E-02  -24.13211    
      910000      530054  5.8970293E-03  -17.99484    
      910000      540055  4.9934373E-03  -13.40047    
      920000       20001  1.2669978E-02  -18.61079    
      920000       30002  2.7834903E-02  -21.71675    
      920000       40003  3.0637957E-02  -22.00357    
      920000       50004  1.1627669E-02  -21.17519    
      920000       60005  1.6057141E-02  -20.33029    
      920000       70006  3.6080033E-02  -21.72181    
      920000       80007  5.1914554E-02  -17.74496    
      920000       90008  8.3640190E-03  -15.19518    
      920000       90010  2.5647469E-02  -15.53104    
      920000      100011  1.6424771E-02  -19.46314    
      920000      110012  1.1927248E-02  -18.13836    
      920000      120013  1.9839643E-02  -18.27352    
      920000      130014  1.1912997E-02  -15.13129    
      920000      140015  7.8279525E-03  -15.92462    
      920000      150016  6.6012195E-03  -16.14552    
      920000      160017  5.1878728E-03  -15.16323    
      920000      170018  5.0335000E-03  -13.32634    
      920000      180019  5.3029498E-03  -12.21223    
      920000      190020  4.2271107E-03  -10.50519    
      920000      200021  4.0825689E-03  -10.10192    
      920000      230022  2.0262426E-02  -3.440046    
      920000      240023  1.6720323E-02  -2.082242    
      920000      250024  4.5009777E-03   4.017852    
      920000      260025  1.3847993E-02  -13.17011    
      920000      270026  1.0940273E-03   2.020080    
      920000      270028  1.7447151E-02  -20.44352    
      920000      290028  1.7504970E-02  -24.90378    
      920000      300029  2.2690305E-03  -9.009519    
      920000      310032  4.1762711E-03  -8.264632    
      920000      450044  2.3668073E-02   14.77716    
      920000      450046  4.2276580E-02  -23.21705    
      920000      460047  5.9951834E-02  -13.50199    
      920000      470048  7.8647323E-03  -23.74734    
      920000      480049  8.9452453E-03  -16.50022    
      920000      340033  1.5990628E-02   1.639603    
      920000      350034  1.3734910E-02  -3.649739    
      920000      360035  5.0822995E-03  -8.276511    
      920000      370038  2.4017300E-02  -14.85635    
      920000      400039  6.5276632E-03  -13.07112    
      920000      420043  5.7687783E-03  -9.534364    
      920000      510050  1.5358579E-02  -33.99436    
      920000      510052  8.4579393E-02  -25.79185    
      920000      530054  8.4854318E-03  -17.23701    
      920000      540055  7.1917763E-03  -13.90131    
      930000       20001  1.0645025E-02  -17.50864    
      930000       30002  2.3147114E-02  -20.83718    
      930000       40003  2.5467264E-02  -21.36929    
      930000       50004  9.8100798E-03  -21.03411    
      930000       60005  1.4640096E-02  -21.32224    
      930000       70006  3.9680522E-02  -24.72471    
      930000       80007  8.4709071E-02  -22.53901    
      930000       90008  5.5382028E-02  -21.12077    
      930000      100009  7.4055180E-02  -10.28519    
      930000      110010  2.6672246E-02  -2.464419    
      930000      110012  2.0616772E-02  -17.93564    
      930000      120013  5.4728702E-02  -15.50578    
      930000      130014  3.8984589E-02  -11.86649    
      930000      140015  2.4685876E-02  -13.65498    
      930000      150016  1.8512359E-02  -15.10320    
      930000      160017  1.2714537E-02  -14.82695    
      930000      170018  1.0887013E-02  -13.82055    
      930000      180019  1.0382183E-02  -13.05307    
      930000      190020  7.5763976E-03  -11.56353    
      930000      200021  6.6711353E-03  -11.17490    
      930000      230022  1.7442087E-02 -0.4748186    
      930000      240023  1.4770905E-02  0.5675736    
      930000      250024  6.1233048E-03   6.572992    
      930000      260025  1.4047801E-02  -10.74776    
      930000      270026  8.3914194E-03  -22.26076    
      930000      280027  3.2981231E-03  -64.19184    
      930000      290028  4.8073784E-02  -23.92492    
      930000      300029  2.2658868E-02  -20.24262    
      930000      310030  1.0856473E-02  -31.72675    
      930000      450044  2.3740958E-02  -1.065155    
      930000      460045  3.9638329E-02  -18.74579    
      930000      470046  4.9817725E-03  -181.6864    
      930000      470048  8.3013130E-03  -30.83791    
      930000      480049  1.6242711E-02  -16.68891    
      930000      340033  1.4156145E-02   4.045602    
      930000      350034  1.2579076E-02 -0.5487835    
      930000      360035  6.9977110E-03  -2.573521    
      930000      370036  1.9271301E-02  -15.09026    
      930000      370038  8.7597985E-03  0.3931571    
      930000      390038  3.5697833E-02  -25.25375    
      930000      400039  3.3584725E-02  -19.86519    
      930000      410040  1.8105829E-02  -25.12134    
      930000      420041  3.3310861E-03  -46.27347    
      930000      420043  8.1887562E-03  -9.283011    
      930000      520051  3.8303763E-02  -20.64268    
      930000      530054  1.2493279E-02  -18.69110    
      930000      540055  1.4789045E-02  -14.39526    
      680000      230022  1.8398850E-03   82.40588    
      680000      230024  5.0642905E-03  -55.95232    
      680000      240025  1.3718315E-02  -11.69348    
      680000      260027  4.1958769E-03  -18.48333    
      680000      270028  7.7776005E-03  -12.53733    
      680000      290028  5.6855953E-03  -20.37043    
      680000      300029  1.2819074E-03  -15.34699    
      680000      440045  3.8774267E-03  -45.38293    
      680000      480049  2.1276372E-03  -6.547554    
      680000      570056  6.2772626E-04   216.9128    
      680000      570058  1.2046573E-02  -11.85741    
      680000      580059  1.4677228E-02  -8.772844    
      680000      590060  1.1164326E-02  -7.816967    
      680000      600061  1.5609123E-02  -18.90098    
      680000      330034  3.9355219E-03  -68.61809    
      680000      340035  6.9948272E-03  -33.11901    
      680000      350036  1.2365904E-02  -10.60635    
      680000      360037  5.8302685E-04  -125.8361    
      680000      370038  1.0817800E-02  -8.233541    
      680000      400039  2.5608020E-03  -12.58943    
      680000      410040  9.3549839E-04  -43.68018    
      680000      530054  1.8727103E-03  -6.905995    
      680000      540055  1.8813908E-03  -4.485565    
      680000      620063  6.1578494E-03  -28.03410    
      680000      630064  1.3829307E-02  -7.552007    
      680000      640065  1.6930697E-02  -8.628673    
      680000      650066  7.8494605E-03  -26.62798    
      790000       20001  5.2374136E-03  -19.13442    
      790000       30002  9.8972656E-03  -22.43337    
      790000       40003  9.2161819E-03  -24.09129    
      790000       50004  2.6544272E-03  -25.41710    
      790000       60005  2.1824769E-03  -28.29127    
      790000       70006  2.3547108E-03  -30.96504    
      790000       80009  4.2923945E-03  -29.54638    
      790000       90010  1.0578593E-02  -21.02980    
      790000      100011  5.4465276E-03  -21.57596    
      790000      110012  3.4594927E-03  -18.20609    
      790000      120013  5.6345556E-03  -18.10524    
      790000      130014  3.3155468E-03  -14.73696    
      790000      140015  2.2363767E-03  -15.13706    
      790000      150016  2.0252364E-03  -14.96789    
      790000      160017  1.7472915E-03  -14.00479    
      790000      170018  1.8590025E-03  -11.98197    
      790000      180019  2.1128673E-03  -10.92226    
      790000      190020  1.7999831E-03  -9.290145    
      790000      200021  1.8467908E-03  -9.068247    
      790000      440045  3.0483251E-02  -7.369863    
      790000      450046  4.2319674E-02  -25.18740    
      790000      460047  2.7978087E-02  -21.86473    
      790000      470048  3.6325236E-03  -25.43842    
      790000      480049  3.8526661E-03  -16.89520    
      790000      560057  9.9742427E-02  -17.28358    
      790000      570058  5.0499577E-02  -18.88436    
      790000      580059  1.7108236E-02  -22.48738    
      790000      590060  1.1755919E-02  -42.06319    
      790000      600061  2.1192132E-02  -29.25690    
      790000      500051  2.0714864E-02  -26.83212    
      790000      510052  5.2499138E-02  -23.56477    
      790000      530054  3.9626937E-03  -18.39919    
      790000      540055  2.8267431E-03  -12.97238    
      790000      620063  8.3008230E-02  -16.36292    
      790000      630064  3.2549698E-02  -20.96250    
      790000      640065  1.4897831E-02  -30.19059    
      790000      650066  1.1123200E-02  -45.77077    
      790000      660067  2.5820376E-02  -21.37641    
      800000       20001  6.4445287E-03  -17.22707    
      800000       30002  1.2886322E-02  -20.53368    
      800000       40003  1.2839258E-02  -21.65666    
      800000       50004  4.1398136E-03  -21.94195    
      800000       60005  4.3626782E-03  -22.45113    
      800000       70006  7.5980872E-03  -23.62483    
      800000       80007  8.2869837E-03  -17.39119    
      800000       80009  5.0374022E-04  -69.23692    
      800000       90010  8.1333676E-03  -18.59728    
      800000      100011  4.6177977E-03  -19.83571    
      800000      110012  3.2307082E-03  -15.88847    
      800000      120013  5.3883605E-03  -15.61352    
      800000      130014  3.2649164E-03  -12.20524    
      800000      140015  2.2546069E-03  -12.70746    
      800000      150016  2.0702975E-03  -12.51126    
      800000      160017  1.8059494E-03  -11.63753    
      800000      170018  1.9398965E-03  -9.692142    
      800000      180019  2.2200707E-03  -8.752614    
      800000      190020  1.8977341E-03  -7.232560    
      800000      200021  1.9299363E-03  -7.022984    
      800000      440045  4.3039523E-02  -1.530465    
      800000      450046  5.7549350E-02  -23.92650    
      800000      460047  3.6526870E-02  -21.93448    
      800000      470048  4.9268533E-03  -24.43287    
      800000      480049  4.8141810E-03  -16.14511    
      800000      560057  4.8384111E-02  -10.98383    
      800000      570058  2.6673634E-02  -10.42354    
      800000      590060  1.0960880E-02  -48.89516    
      800000      600061  2.2855122E-02  -27.09049    
      800000      500051  3.0277101E-02  -24.53617    
      800000      510052  6.9215171E-02  -22.09823    
      800000      530054  5.2596838E-03  -17.87932    
      800000      540055  3.1997680E-03  -11.34348    
      800000      620063  4.2872537E-02  -8.613128    
      800000      630064  1.8054264E-02  -12.10522    
      800000      640065  1.1101637E-02  -31.49886    
      800000      650066  1.2205171E-02  -45.56559    
      800000      660067  2.7913632E-02  -19.14468    
      810000       20001  6.9107316E-03  -16.89024    
      810000       30002  1.4454929E-02  -19.96462    
      810000       40003  1.5124303E-02  -20.46469    
      810000       50004  5.2478276E-03  -19.83642    
      810000       60005  6.2827612E-03  -19.03138    
      810000       70006  1.2769830E-02  -19.86320    
      810000       80007  1.8124878E-02  -14.86753    
      810000       90008  4.4673746E-03  -7.799276    
      810000       90010  3.3235755E-03  -34.80465    
      810000      100011  2.5890954E-03  -31.59800    
      810000      110012  2.2049434E-03  -23.48919    
      810000      120013  3.8333982E-03  -22.30455    
      810000      130014  2.4681613E-03  -17.99029    
      810000      140015  1.8057041E-03  -17.69711    
      810000      150016  1.7443723E-03  -16.22890    
      810000      160017  1.6008500E-03  -14.43058    
      810000      170018  1.8057759E-03  -11.48499    
      810000      180019  2.1519423E-03  -9.884752    
      810000      190020  1.8996354E-03  -7.805975    
      810000      200021  1.9445551E-03  -7.137485    
      810000      440045  3.5025693E-02   5.948272    
      810000      450046  7.1602814E-02  -27.04673    
      810000      460047  4.6788048E-02  -24.92553    
      810000      470048  7.2852024E-03  -22.33376    
      810000      480049  6.4741564E-03  -15.52215    
      810000      570056  1.2894949E-02  -17.64013    
      810000      580057  1.2008294E-02  -22.19305    
      810000      590058  2.8699345E-03  -20.83654    
      810000      590060  7.0031155E-03  -79.37231    
      810000      600061  2.0788228E-02  -30.60459    
      810000      500051  3.2859307E-02  -28.72027    
      810000      510052  8.5043289E-02  -24.52757    
      810000      530054  7.7027706E-03  -16.42422    
      810000      540055  3.6149647E-03  -11.64454    
      810000      630062  1.4588427E-02  -20.76586    
      810000      640063  7.1254764E-03  -24.67778    
      810000      640065  2.4248743E-03  -103.1053    
      810000      650066  1.1319856E-02  -51.42490    
      810000      660067  2.5431823E-02  -22.65030    
      820000       20001  6.9211749E-03  -17.08756    
      820000       30002  1.4610194E-02  -20.24409    
      820000       40003  1.5481316E-02  -20.71625    
      820000       50004  5.4881074E-03  -20.07015    
      820000       60005  6.8604113E-03  -19.38514    
      820000       70006  1.4855455E-02  -20.80896    
      820000       80007  2.3563413E-02  -16.91290    
      820000       90008  8.7512415E-03  -14.18168    
      820000      100009  3.6923075E-03   11.05612    
      820000      120011  2.5403648E-04   157.5493    
      820000      130012  2.5808270E-04   258.4529    
      820000      130014  1.5009273E-04  -286.9285    
      820000      140015  3.9588398E-04  -78.36552    
      820000      150016  7.1082643E-04  -37.92019    
      820000      160017  9.6923334E-04  -24.47703    
      820000      170018  1.4196549E-03  -15.95741    
      820000      180019  1.9879162E-03  -12.41978    
      820000      190020  1.9506469E-03  -9.344138    
      820000      200021  2.0525248E-03  -8.034249    
      820000      450046  4.1909147E-02  -42.40991    
      820000      460047  5.4962087E-02  -30.95683    
      820000      470048  1.3430134E-02  -21.74333    
      820000      480049  1.0923170E-02  -16.77671    
      820000      570056  2.3201343E-02  -20.00382    
      820000      580057  2.1895269E-02  -21.02947    
      820000      590058  1.1232194E-02  -16.84799    
      820000      600059  6.5164751E-04   541.9083    
      820000      600061  9.5043052E-03  -49.58638    
      820000      630062  2.5669606E-02  -20.70669    
      820000      640063  1.6542975E-02  -19.85275    
      820000      650064  7.6521495E-03   4.230737    
      820000      650066  5.4899645E-03  -73.35398    
      820000      660067  1.1511602E-02  -42.47911    
      830000       20001  7.2915461E-03  -16.92827    
      830000       30002  1.5493975E-02  -20.18612    
      830000       40003  1.6606687E-02  -20.72402    
      830000       50004  6.0357973E-03  -20.27281    
      830000       60005  8.0251796E-03  -20.23561    
      830000       70006  1.9215176E-02  -23.08028    
      830000       80007  3.6018863E-02  -20.91838    
      830000       90008  1.9872744E-02  -20.48927    
      830000      100009  2.4025358E-02  -11.78643    
      830000      110010  1.1708371E-02  -10.31939    
      830000      120011  8.5569853E-03  -6.327633    
      830000      130012  1.4413847E-02  -6.761201    
      830000      140013  7.9933750E-03  -2.722966    
      830000      150014  4.3701245E-03  -2.186272    
      830000      160015  2.3355465E-03  -3.146275    
      830000      170016  2.9472020E-04   29.18715    
      830000      180019  3.2870732E-03  -9.764708    
      830000      190020  3.7698371E-03  -8.295206    
      830000      200021  3.8245693E-03  -7.529782    
      830000      450044  4.4666391E-02  -31.57459    
      830000      460045  0.1637455      -18.89603    
      830000      460047  5.6730423E-02  -38.61310    
      830000      470048  5.0333727E-02  -21.95275    
      830000      480049  3.8818233E-02  -19.07618    
      830000      570056  2.4110362E-02  -18.15080    
      830000      580057  2.5126385E-02  -18.77008    
      830000      590058  1.9400038E-02  -17.89135    
      830000      600059  1.4441913E-02  -16.74019    
      830000      610060  2.9294873E-02  -14.35910    
      830000      510050  4.6219960E-02  -28.94890    
      830000      520051  0.1446794      -14.75782    
      830000      530054  5.4612756E-02  -19.34631    
      830000      540055  1.3162247E-02  -14.27716    
      830000      630062  2.7110813E-02  -18.52999    
      830000      640063  2.2316383E-02  -17.80458    
      830000      650064  2.1115644E-02  -17.01213    
      830000      660065  1.3273959E-02  -26.33046    
      830000      670066  3.7246399E-02  -6.375124    
      840000       20001  7.4523613E-03  -17.19983    
      840000       30002  1.5871698E-02  -20.51040    
      840000       40003  1.7101582E-02  -21.07133    
      840000       50004  6.2956451E-03  -20.67892    
      840000       60005  8.6537842E-03  -20.80474    
      840000       70006  2.1852566E-02  -23.93709    
      840000       80007  4.4302583E-02  -21.68539    
      840000       90008  2.7946312E-02  -20.28454    
      840000      100009  3.9717089E-02  -10.93357    
      840000      110010  2.0237537E-02  -10.01915    
      840000      120011  1.5716664E-02  -6.028563    
      840000      130012  2.7355092E-02  -6.653555    
      840000      140013  1.6949164E-02  -3.836889    
      840000      150014  1.2319648E-02  -4.936067    
      840000      160015  1.1356599E-02  -6.031352    
      840000      170016  9.0773432E-03  -5.964768    
      840000      180017  6.5326332E-03  -6.120941    
      840000      190018  1.8239202E-03  -2.464153    
      840000      190020  3.3652035E-03  -8.134496    
      840000      200021  4.8487857E-03  -5.967631    
      840000      450044  2.3592407E-02  -23.31981    
      840000      460045  0.1428011      -16.66249    
      840000      470046  8.4704727E-02  -4.836252    
      840000      470048  1.5499439E-02  -26.63514    
      840000      480049  3.9239369E-02  -20.88002    
      840000      570056  2.3813050E-02  -17.46460    
      840000      580057  2.5477117E-02  -18.01249    
      840000      590058  2.1625638E-02  -17.31885    
      840000      600059  2.1512015E-02  -24.63366    
      840000      610060  5.9771243E-02  -15.83572    
      840000      510050  2.4547525E-02  -28.46432    
      840000      520051  0.1916399      -14.39648    
      840000      530054  4.2774614E-02  -23.88686    
      840000      540055  1.3812007E-02  -15.81228    
      840000      630062  2.6803235E-02  -17.77399    
      840000      640063  2.3643576E-02  -17.09907    
      840000      650064  2.5863480E-02  -18.13045    
      840000      660065  2.7000139E-02  -30.91795    
      840000      670066  7.8030631E-02  -8.035383    
      850000       20001  7.2442312E-03  -17.44545    
      850000       30002  1.5426373E-02  -20.78600    
      850000       40003  1.6637279E-02  -21.36788    
      850000       50004  6.1414205E-03  -21.01274    
      850000       60005  8.5108317E-03  -21.21186    
      850000       70006  2.1798749E-02  -24.42910    
      850000       80007  4.5121327E-02  -22.13161    
      850000       90008  2.9396771E-02  -20.47028    
      850000      100009  4.3200430E-02  -11.00620    
      850000      110010  2.2221370E-02  -10.23091    
      850000      120011  1.7697453E-02  -6.322664    
      850000      130012  3.1654537E-02  -7.197640    
      850000      140013  2.1933069E-02  -5.304402    
      850000      150014  2.0789443E-02  -6.395738    
      850000      160015  2.7057009E-02  -6.081236    
      850000      170016  3.3105154E-02  -6.375574    
      850000      180017  4.1900069E-02  -5.178559    
      850000      190018  4.1025285E-02  -4.592505    
      850000      200019  1.6163852E-02  -2.967711    
      850000      210020  8.7430491E-04  -25.76910    
      850000      450044  1.6117828E-02  -17.43590    
      850000      460045  9.0516210E-02  -15.37081    
      850000      470046  9.2615701E-02  -7.947560    
      850000      480047  3.1200424E-02  -10.82164    
      850000      490048  5.0802983E-02  -4.274038    
      850000      570056  2.2730734E-02  -17.48795    
      850000      580057  2.4436455E-02  -18.07339    
      850000      590058  2.1053445E-02  -17.49755    
      850000      600059  2.2164296E-02  -26.56205    
      850000      610060  6.5618850E-02  -16.27284    
      850000      510050  1.5597538E-02  -28.42365    
      850000      520051  0.1353075      -13.28374    
      850000      540053  4.8384212E-02  -4.514936    
      850000      550054  3.8519964E-02  -2.873560    
      850000      630062  2.5570843E-02  -17.79416    
      850000      640063  2.2871312E-02  -17.23391    
      850000      650064  2.5607478E-02  -18.73478    
      850000      660065  2.9316051E-02  -31.93758    
      850000      670066  8.7516584E-02  -8.688681    
      690000      230022  4.0990859E-03   35.86018    
      690000      230024  3.7783554E-03  -79.81960    
      690000      240025  1.4154486E-02  -13.57775    
      690000      250026  4.0183272E-03  -33.60168    
      690000      260027  4.4923523E-03  -20.24435    
      690000      270028  9.4647603E-03  -14.71394    
      690000      290028  7.3639718E-03  -23.22972    
      690000      300029  1.6784072E-03  -18.99830    
      690000      440045  4.2975368E-03  -55.64143    
      690000      480049  2.7645631E-03  -9.485900    
      690000      570056  9.2947464E-03   1.851617    
      690000      570058  8.2418472E-03  -7.037700    
      690000      580059  1.7705141E-02  -9.825154    
      690000      590060  1.5054504E-02  -8.494823    
      690000      330034  2.4985443E-03  -116.1077    
      690000      340035  6.2097530E-03  -40.35534    
      690000      350036  1.2773438E-02  -12.23626    
      690000      370038  1.3194063E-02  -10.43044    
      690000      400039  3.3467577E-03  -15.96414    
      690000      530054  2.4249251E-03  -9.639879    
      690000      540055  2.4461213E-03  -7.599493    
      690000      630062  1.0774942E-03   59.65877    
      690000      630064  1.2986012E-02  -4.047344    
      690000      640065  2.2615481E-02  -10.40021    
      690000      650066  1.0483150E-02  -28.26841    
      700000      230022  7.6029622E-03   15.62951    
      700000      230024  8.3509221E-04  -345.6411    
      700000      240025  1.2980147E-02  -15.49257    
      700000      250026  2.0477250E-03  -54.32348    
      700000      260027  4.4031176E-03  -21.82998    
      700000      270028  1.1589046E-02  -16.43245    
      700000      290028  9.9109598E-03  -25.47078    
      700000      300029  2.2981006E-03  -22.04564    
      700000      440045  4.1781226E-03  -79.67385    
      700000      480049  3.7953977E-03  -12.21312    
      700000      570056  2.5596896E-02  -10.04131    
      700000      580057  5.1823249E-03  -38.13534    
      700000      580059  1.8877991E-02  -11.06737    
      700000      590060  2.0737918E-02  -7.265119    
      700000      600061  2.9723857E-02  -24.41495    
      700000      340033  5.5897271E-04   521.1407    
      700000      340035  3.7747519E-03  -62.86938    
      700000      350036  1.1688688E-02  -13.59319    
      700000      370036  2.8530257E-03   8.570181    
      700000      370038  1.6235325E-02  -12.16699    
      700000      400039  4.5635100E-03  -18.76527    
      700000      420043  2.9192145E-03  -4.670456    
      700000      530054  3.3017993E-03  -12.08596    
      700000      540055  3.3669486E-03  -10.57281    
      700000      630062  1.7946102E-02  -12.54720    
      700000      630064  4.8406776E-03   26.68331    
      700000      640065  3.0400915E-02  -11.66876    
      700000      650066  1.4626493E-02  -28.61903    
      700000      660067  3.5007201E-02  -17.64758    
      710000      230022  1.0080261E-02   9.363694    
      710000      240023  2.2322612E-03   111.0592    
      710000      240025  1.0328261E-02  -18.58842    
      710000      260027  3.4225106E-03  -23.46796    
      710000      270028  1.1891156E-02  -16.16366    
      710000      290028  1.2894287E-02  -26.02445    
      710000      300029  3.4801173E-03  -23.28666    
      710000      440045  2.2648203E-03  -165.5882    
      710000      480049  4.6448833E-03  -13.17747    
      710000      570056  3.4859605E-02  -12.68057    
      710000      580059  1.0442296E-02  -16.20975    
      710000      590060  1.8601071E-02  0.6341279    
      710000      600061  3.3230383E-02  -25.61789    
      710000      340033  3.2597762E-03   77.03662    
      710000      340035  9.2100061E-04  -227.8989    
      710000      350036  9.1794869E-03  -15.92094    
      710000      370036  5.3214543E-03  -2.675358    
      710000      370038  1.7262539E-02  -12.28811    
      710000      390038  6.6283583E-03  -21.89951    
      710000      400039  6.4304885E-03  -20.30607    
      710000      410040  2.5649373E-03  -43.66416    
      710000      630062  3.0802011E-02  -14.30649    
      710000      640063  9.5462538E-03  -31.61599    
      710000      640065  2.7107047E-02  -11.89176    
      710000      650066  1.4551890E-02  -24.92769    
      710000      660067  4.0894836E-02  -19.07996    
      720000      230022  1.5660770E-02  0.8923307    
      720000      240023  1.1053166E-02   7.068398    
      720000      250024  4.3886140E-04   193.8898    
      720000      260025  9.1175940E-03  -8.247447    
      720000      270026  2.8251871E-03  -25.48892    
      720000      270028  5.2915928E-03   3.483383    
      720000      290028  3.0477703E-02  -26.77212    
      720000      300029  1.3080677E-02  -24.15831    
      720000      310030  6.8018190E-03  -40.14327    
      720000      450044  9.5491130E-03   24.87454    
      720000      480049  7.7971611E-03  -15.71465    
      720000      570056  4.4849642E-02  -16.44926    
      720000      580057  5.1032942E-02  -16.84272    
      720000      590058  3.0515326E-02  -11.71571    
      720000      600059  2.3626996E-02  -58.61113    
      720000      340033  1.1039754E-02   10.23539    
      720000      350034  8.3434228E-03   6.749778    
      720000      370036  1.3800038E-02  -13.71795    
      720000      370038  1.4030796E-02  -7.458129    
      720000      390038  2.0948501E-02  -27.26029    
      720000      400039  1.9850779E-02  -22.94791    
      720000      410040  1.0862157E-02  -30.93519    
      720000      530054  4.6490529E-03  -13.92098    
      720000      540055  8.6350664E-03  -15.34173    
      720000      630062  5.1026240E-02  -16.55463    
      720000      640063  4.7296222E-02  -16.04020    
      720000      650064  2.0699846E-02  -24.95631    
      720000      660065  2.1018576E-02  -51.23789    
      720000      660067  1.2756889E-02  -58.53231    
      730000      230022  1.5988057E-02 -0.1202517    
      730000      240023  1.3190873E-02   1.283857    
      730000      250024  5.5835457E-03   10.14024    
      730000      260025  1.2788409E-02  -9.969823    
      730000      270026  9.7001027E-03  -19.09984    
      730000      290028  5.5095702E-02  -20.79599    
      730000      300029  2.9188903E-02  -16.45859    
      730000      310030  1.8207524E-02  -22.23306    
      730000      450044  1.6495485E-02  -2.490555    
      730000      460045  4.4487312E-02  -18.88069    
      730000      470046  3.6917012E-02  -20.44885    
      730000      480047  3.0017758E-03   7.870394    
      730000      480049  1.0477045E-02  -14.27716    
      730000      570056  3.4075346E-02  -17.37884    
      730000      580057  3.9206643E-02  -17.72331    
      730000      590058  3.4986299E-02  -16.43814    
      730000      600059  4.5324437E-02  -33.35489    
      730000      610060  0.1919317      -10.65426    
      730000      340033  1.2800213E-02   4.728041    
      730000      350034  1.1186210E-02  0.4613040    
      730000      360035  6.4647472E-03  0.6497606    
      730000      370036  1.8068198E-02  -14.95407    
      730000      370038  3.8435494E-03   4.310724    
      730000      390038  4.1550320E-02  -22.36694    
      730000      400039  4.0985748E-02  -16.52641    
      730000      410040  2.5370160E-02  -19.47583    
      730000      420041  7.6745115E-03  -26.25791    
      730000      630062  3.9189335E-02  -17.52426    
      730000      640063  3.8278166E-02  -16.86286    
      730000      650064  4.2862739E-02  -19.45453    
      730000      660065  7.5494155E-02  -30.10570    
      730000      670066  0.1672868      -1.911744    
      740000      230022  1.5493916E-02 -0.1643698    
      740000      240023  1.3226405E-02  0.4734338    
      740000      250024  6.9240551E-03   8.750812    
      740000      260025  1.3735116E-02  -9.744175    
      740000      270026  1.2901898E-02  -17.14279    
      740000      290028  6.8821348E-02  -18.31918    
      740000      300029  3.8944602E-02  -13.79087    
      740000      310030  2.5896125E-02  -17.79830    
      740000      310032  3.2902388E-03   2.617851    
      740000      450044  1.7437812E-02  -8.011293    
      740000      460045  6.8255678E-02  -16.21511    
      740000      470046  6.7953803E-02  -12.78904    
      740000      480047  9.9028675E-03  -1.993235    
      740000      480049  1.1542760E-02  -13.30364    
      740000      570056  2.9921349E-02  -17.38069    
      740000      580057  3.3760872E-02  -17.76679    
      740000      590058  3.1391971E-02  -16.95261    
      740000      600059  4.0080298E-02  -29.76330    
      740000      610060  0.1788502      -12.21770    
      740000      340033  1.2762167E-02   3.935742    
      740000      350034  1.1535418E-02 -0.1173774    
      740000      360035  7.9467902E-03   1.105797    
      740000      370036  1.9492488E-02  -14.90904    
      740000      380037  1.6668653E-03  -33.44974    
      740000      390038  5.2808214E-02  -20.24002    
      740000      400039  5.3204719E-02  -14.07680    
      740000      410040  3.4598630E-02  -16.01599    
      740000      420041  1.1400852E-02  -20.53781    
      740000      520051  9.9828340E-02  -14.42534    
      740000      540053  2.0575870E-03   19.63251    
      740000      540055  2.0418575E-02  -9.938008    
      740000      630062  3.4206916E-02  -17.56366    
      740000      640063  3.2851011E-02  -16.87891    
      740000      650064  4.0140569E-02  -18.73540    
      740000      660065  6.6873670E-02  -29.68189    
      740000      670066  0.2765949      -6.626622    
      750000      230022  1.5044695E-02 -0.2288715    
      750000      240023  1.3115071E-02 -0.1004650    
      750000      250024  7.7930377E-03   8.207932    
      750000      260025  1.4290232E-02  -9.590057    
      750000      270026  1.5232406E-02  -16.05999    
      750000      280027  2.3518557E-02  -17.08549    
      750000      290028  7.9273477E-02  -16.88733    
      750000      300029  4.7113594E-02  -12.42934    
      750000      310030  3.4044839E-02  -15.55337    
      750000      310032  2.6944384E-03   8.020923    
      750000      450044  1.7490968E-02  -11.62929    
      750000      460045  8.4519267E-02  -15.19110    
      750000      470046  9.2731342E-02  -9.771520    
      750000      480047  2.1129381E-02  -6.951393    
      750000      480049  7.9982243E-03  -13.64066    
      750000      570056  2.7296184E-02  -17.31889    
      750000      580057  3.0299416E-02  -17.74786    
      750000      590058  2.7924145E-02  -17.15112    
      750000      600059  3.3656575E-02  -28.04138    
      750000      610060  0.1291821      -13.71773    
      750000      340033  1.2621245E-02   3.376734    
      750000      350034  1.1655259E-02 -0.4964248    
      750000      360035  8.9190947E-03   1.466612    
      750000      370036  2.0389756E-02  -14.87729    
      750000      380037  5.8939508E-03  -13.76630    
      750000      390038  6.1282031E-02  -19.01666    
      750000      400039  6.2830538E-02  -12.74710    
      750000      410040  4.3191966E-02  -14.24027    
      750000      420041  1.5925113E-02  -17.55215    
      750000      510050  1.6220424E-02  -28.35512    
      750000      520051  0.1282878      -13.26589    
      750000      540053  1.3945683E-02  -5.102951    
      750000      540055  2.6829014E-02  -9.087246    
      750000      630062  3.1044157E-02  -17.53642    
      750000      640063  2.9179245E-02  -16.86436    
      750000      650064  3.5577692E-02  -18.58820    
      750000      660065  5.2316889E-02  -30.35561    
      750000      670066  0.2106208      -7.523526    
      760000      230022  1.4268944E-02 -0.3752867    
      760000      240023  1.2734477E-02 -0.7573305    
      760000      250024  8.5733822E-03   7.918616    
      760000      260025  1.4570268E-02  -9.400697    
      760000      270026  1.7273547E-02  -15.05198    
      760000      280027  2.8895352E-02  -15.41277    
      760000      290028  8.7133996E-02  -15.80844    
      760000      300029  5.8817998E-02  -11.38499    
      760000      310030  6.6513635E-02  -11.27367    
      760000      320031  1.1849242E-02  -8.443427    
      760000      450044  1.6536361E-02  -14.72078    
      760000      460045  9.0307683E-02  -14.60289    
      760000      470046  0.1026509      -7.747227    
      760000      480047  4.6897065E-02  -9.717752    
      760000      490048  0.1383534      -3.585391    
      760000      570056  2.4578080E-02  -17.32280    
      760000      580057  2.6734049E-02  -17.84313    
      760000      590058  2.3655161E-02  -17.26424    
      760000      600059  2.6173290E-02  -27.00499    
      760000      610060  8.3653659E-02  -15.40503    
      760000      340033  1.2221289E-02   2.723193    
      760000      350034  1.1551404E-02 -0.8845641    
      760000      360035  9.7848335E-03   1.947376    
      760000      370036  2.0837223E-02  -14.82751    
      760000      380037  1.0112357E-02  -9.720877    
      760000      390038  6.7387342E-02  -18.09592    
      760000      400039  7.2134398E-02  -11.81842    
      760000      410040  6.4738877E-02  -11.67271    
      760000      420041  4.2684112E-02  -10.71910    
      760000      430042  2.2958505E-03  -3.713226    
      760000      510050  1.5760446E-02  -28.14512    
      760000      520051  0.1385683      -12.49372    
      760000      540053  0.1072034      -6.289533    
      760000      550054  2.4035765E-02   9.940428    
      760000      630062  2.7756481E-02  -17.59236    
      760000      640063  2.5299646E-02  -16.98265    
      760000      650064  2.9312495E-02  -18.59204    
      760000      660065  3.6555227E-02  -31.38227    
      760000      670066  0.1159460      -8.069538    
