         988
      770000      230022  1.6447470E-02  -7.829448    
      770000      240023  1.3901161E-02  -1.325473    
      770000      250024  9.9246418E-03   6.950482    
      770000      260025  1.5376259E-02  -12.05401    
      770000      270026  1.7558679E-02  -12.13259    
      770000      280027  2.9698906E-02  -15.41143    
      770000      290028  8.8337325E-02  -15.43308    
      770000      300029  6.6279665E-02  -10.87009    
      770000      310030  0.1055090      -8.201814    
      770000      320031  7.5266190E-02  -6.485128    
      770000      450044  1.0822451E-02  -13.78316    
      770000      460045  8.3492413E-02  -13.48602    
      770000      470046  9.9813476E-02  -8.056309    
      770000      480047  3.7542973E-02  -11.24468    
      770000      490048  0.1479955      -5.724360    
      770000      570056  2.4252925E-02  -16.61716    
      770000      580057  2.5540002E-02  -17.19185    
      770000      590058  2.1720557E-02  -15.50120    
      770000      600059  2.0334782E-02  -27.54012    
      770000      610060  7.4575037E-02  -15.07212    
      770000      340033  1.4358317E-02  -3.134944    
      770000      350034  1.2950882E-02  -4.930785    
      770000      360035  1.1137513E-02   2.108193    
      770000      370036  2.0783834E-02  -15.95760    
      770000      380037  1.0857785E-02  0.7324131    
      770000      390038  6.8414524E-02  -18.23031    
      770000      400039  7.5601503E-02  -11.49131    
      770000      410040  8.4397577E-02  -10.26420    
      770000      420041  8.7172017E-02  -8.052277    
      770000      430042  0.1257702      -2.661302    
      770000      510050  1.2788715E-02  -28.34565    
      770000      520051  0.1336126      -11.82682    
      770000      540053  8.6876117E-02  -7.887262    
      770000      550054  0.3705160      -1.582926    
      770000      630062  2.7368257E-02  -17.36427    
      770000      640063  2.4289073E-02  -15.14861    
      770000      650064  2.3729775E-02  -17.00122    
      770000      660065  3.0158523E-02  -32.91852    
      770000      670066  9.9929482E-02  -7.750113    
      780000      230022  1.5683927E-02  -8.267282    
      780000      240023  1.3581087E-02  -3.004194    
      780000      250024  1.0319800E-02   6.312558    
      780000      260025  1.4947591E-02  -12.22253    
      780000      270026  1.7566677E-02  -11.95947    
      780000      280027  2.9747464E-02  -15.20437    
      780000      290028  8.2958825E-02  -15.68901    
      780000      300029  6.4930178E-02  -10.96336    
      780000      310030  0.1139702      -7.447842    
      780000      320031  0.1458724      -6.142059    
      780000      450044  1.0108438E-02  -14.35138    
      780000      460045  7.6614492E-02  -13.88488    
      780000      470046  8.9050077E-02  -8.395519    
      780000      480047  2.9144384E-02  -11.91463    
      780000      490048  8.7690301E-02  -6.641090    
      780000      570056  2.2797851E-02  -16.80926    
      780000      580057  2.3925055E-02  -17.39102    
      780000      590058  2.0213567E-02  -15.70852    
      780000      600059  1.8624425E-02  -27.35031    
      780000      610060  6.6446036E-02  -15.40810    
      780000      340033  1.3933839E-02  -4.377253    
      780000      350034  1.2779928E-02  -5.550286    
      780000      360035  1.1408282E-02   1.695773    
      780000      370036  1.9873407E-02  -16.18458    
      780000      380037  1.2452749E-02 -0.2031717    
      780000      390038  6.4461276E-02  -18.47158    
      780000      400039  7.2251678E-02  -11.67911    
      780000      410040  8.7218747E-02  -9.731998    
      780000      420041  0.1031017      -7.177269    
      780000      430042  0.4351847      -4.162910    
      780000      520051  0.1215706      -12.21400    
      780000      540053  6.0159665E-02  -8.188606    
      780000      550054  0.1139454      -2.486048    
      780000      630062  2.5697390E-02  -17.56149    
      780000      640063  2.2683429E-02  -15.34383    
      780000      650064  2.1967696E-02  -17.12806    
      780000      670066  8.8372216E-02  -8.061682    
      860000       20001  1.0255739E-02  -12.53329    
      860000       30002  2.1492573E-02  -14.24411    
      860000       40003  2.2465412E-02  -15.02631    
      860000       50004  7.9569453E-03  -16.10512    
      860000       60005  1.0008072E-02  -15.95468    
      860000       70006  2.1151133E-02  -14.42978    
      860000       80007  3.2734625E-02  -12.50911    
      860000       90008  5.5113570E-03  -11.11960    
      860000       90010  1.0143989E-02  -6.498201    
      860000      100011  7.0502516E-03  -19.10241    
      860000      110012  6.0488866E-03  -19.22630    
      860000      120013  1.0500416E-02  -18.20968    
      860000      130014  6.4589996E-03  -15.71748    
      860000      140015  4.5275181E-03  -14.14269    
      860000      150016  3.9626011E-03  -14.57098    
      860000      160017  3.3523801E-03  -15.66964    
      860000      170018  3.4441834E-03  -12.35448    
      860000      180019  3.8830542E-03  -12.59580    
      860000      190020  3.3087421E-03  -10.61196    
      860000      200021  3.4319402E-03  -10.58556    
      860000      230022  4.0632371E-02  -9.261055    
      860000      240023  3.9921153E-02  -4.937480    
      860000      250024  2.4422100E-02  -11.06267    
      860000      260025  3.2623406E-02  -19.10903    
      860000      260027  1.8992286E-02  -1.653890    
      860000      270028  7.4107535E-02  -17.03728    
      860000      300031  8.4131900E-03  -12.06945    
      860000      310032  3.8150940E-03  -10.95701    
      860000      570056  5.5152319E-02  -20.14166    
      860000      580057  5.3051185E-02  -20.09275    
      860000      590058  5.6229811E-03  -67.84104    
      860000      590060  2.5872478E-02  -64.07739    
      860000      600061  5.1629692E-02  -25.25078    
      860000      340033  3.8230073E-02  -5.718527    
      860000      350034  3.7995938E-02  -11.49260    
      860000      360035  2.4059044E-02  -15.26100    
      860000      370036  2.9572988E-02  -17.92777    
      860000      370038  8.3765209E-02  -9.677764    
      860000      380039  2.5773210E-02  -24.36011    
      860000      400041  9.4099613E-03  -15.53417    
      860000      410042  4.3945992E-03  -10.26944    
      860000      420043  5.2547026E-03  -9.293561    
      860000      630062  6.6423342E-02  -19.66807    
      860000      640063  3.1019323E-02  -21.60353    
      860000      640065  2.2880886E-02  -38.76612    
      860000      650066  2.5642149E-02  -47.79113    
      860000      660067  6.0049117E-02  -18.46665    
      870000       20001  1.0207957E-02  -11.97582    
      870000       30002  2.1490814E-02  -13.60896    
      870000       40003  2.2659950E-02  -14.26365    
      870000       50004  8.1580915E-03  -15.07084    
      870000       60005  1.0594876E-02  -14.65376    
      870000       70006  2.3513675E-02  -13.38597    
      870000       80007  3.8623601E-02  -12.64754    
      870000       90008  8.8304570E-03  -17.30251    
      870000      100011  5.6667626E-03  -14.63522    
      870000      110012  5.7446342E-03  -16.77953    
      870000      120013  1.0293532E-02  -16.26763    
      870000      130014  6.5292260E-03  -14.24429    
      870000      140015  4.6947552E-03  -12.77273    
      870000      150016  4.1860705E-03  -13.23639    
      870000      160017  3.6017033E-03  -14.60878    
      870000      170018  3.7498784E-03  -11.54523    
      870000      180019  4.2627850E-03  -12.03822    
      870000      190020  3.6511694E-03  -10.26333    
      870000      200021  3.7858482E-03  -10.32372    
      870000      230022  3.1904701E-02  -11.58436    
      870000      240023  3.0380132E-02  -7.987430    
      870000      250024  2.2042571E-02  -11.15095    
      870000      260025  3.9805263E-02  -21.51013    
      870000      270026  1.9722661E-02  -35.38427    
      870000      270028  5.0104093E-02  -18.80126    
      870000      290030  2.2243174E-02  -24.58366    
      870000      300031  1.5796667E-02  -21.68327    
      870000      310032  5.2323798E-03  -16.64224    
      870000      570056  4.3079611E-02  -19.39232    
      870000      580057  4.5631200E-02  -17.95703    
      870000      590058  3.5415329E-02  -16.71821    
      870000      600059  7.7647264E-03   88.84102    
      870000      600061  5.6308709E-02  -23.26379    
      870000      340033  2.9398201E-02  -8.378871    
      870000      350034  2.9534996E-02  -14.25482    
      870000      360035  2.6324809E-02  -15.72163    
      870000      370036  5.2153684E-02  -21.87585    
      870000      370038  4.8535798E-02  -8.239198    
      870000      380039  9.3981214E-03  -40.51456    
      870000      400041  1.8446902E-02  -24.94118    
      870000      410042  7.9392996E-03  -20.58851    
      870000      420043  6.5960642E-03  -12.72478    
      870000      630062  5.0479483E-02  -19.41751    
      870000      640063  4.0718805E-02  -14.16520    
      870000      650064  2.8995004E-02  -7.156036    
      870000      650066  2.3935528E-02  -48.61159    
      870000      660067  6.5508515E-02  -16.64568    
      880000       20001  8.6814528E-03  -12.35400    
      880000       30002  1.8355513E-02  -14.33760    
      880000       40003  1.9610194E-02  -15.29966    
      880000       50004  7.2759525E-03  -16.65145    
      880000       60005  1.0201164E-02  -17.55254    
      880000       70006  2.6298456E-02  -18.70019    
      880000       80007  5.5141706E-02  -20.68715    
      880000       90008  3.1794187E-02  -21.26967    
      880000      100009  4.5133706E-02  -12.49757    
      880000      120011  1.7701700E-02  -8.314855    
      880000      130012  2.8917512E-02  -5.320452    
      880000      140013  1.3396784E-02   5.841815    
      880000      150014  3.6595515E-03   24.29841    
      880000      160017  7.1147075E-03  -13.52528    
      880000      170018  1.0052569E-02  -8.549094    
      880000      180019  1.2117662E-02  -9.226908    
      880000      190020  1.0033975E-02  -7.943609    
      880000      200021  9.0881251E-03  -8.045754    
      880000      230022  1.9612735E-02  -8.349515    
      880000      240023  1.6894599E-02  -2.410320    
      880000      250024  1.2582162E-02   3.427766    
      880000      260025  2.0906460E-02  -14.40083    
      880000      270026  2.8313963E-02  -17.80733    
      880000      280027  6.3876264E-02  -23.97526    
      880000      290028  0.1683861      -16.93381    
      880000      300029  3.6346216E-02  -4.786971    
      880000      300031  7.3876776E-02  -17.90508    
      880000      310032  3.4696165E-02  -19.18666    
      880000      570056  2.8816059E-02  -16.44206    
      880000      580057  3.0911712E-02  -16.56433    
      880000      590058  2.7692573E-02  -14.36262    
      880000      600059  2.6600892E-02  -21.89037    
      880000      610060  8.0895834E-02  -16.05205    
      880000      340033  1.7228385E-02  -3.922296    
      880000      350034  1.5995828E-02  -6.549971    
      880000      360035  1.4666210E-02  -1.829520    
      880000      370036  2.9841827E-02  -18.34313    
      880000      380037  2.3627359E-02  -18.25240    
      880000      390038  0.1432452      -21.59665    
      880000      400039  0.1038769      -12.42923    
      880000      400041  2.6019596E-02  -25.66199    
      880000      410042  5.6995463E-02  -19.81371    
      880000      420043  3.7121065E-02  -15.85688    
      880000      630062  3.2844450E-02  -17.06066    
      880000      640063  2.9797405E-02  -14.09763    
      880000      650064  3.1304579E-02  -14.14051    
      880000      660065  3.6766592E-02  -30.13418    
      880000      670066  9.1264203E-02  -8.458162    
      890000       20001  8.2689291E-03  -12.75161    
      890000       30002  1.7471768E-02  -14.80818    
      890000       40003  1.8683065E-02  -15.82677    
      890000       50004  6.9501665E-03  -17.26507    
      890000       60005  9.8335063E-03  -18.29632    
      890000       70006  2.5868814E-02  -19.51039    
      890000       80007  5.5977792E-02  -21.25625    
      890000       90008  3.4757901E-02  -20.18655    
      890000      100009  5.3333126E-02  -10.07062    
      890000      110010  2.8580032E-02  -11.80302    
      890000      120011  2.4923267E-02  -6.957829    
      890000      130012  4.6101261E-02  -6.481545    
      890000      140013  3.2309622E-02  -4.112164    
      890000      150014  2.4861665E-02  -4.120789    
      890000      160015  1.3570921E-02  -3.962804    
      890000      160017  6.2711975E-03  -24.32307    
      890000      170018  2.0610312E-02  -9.044250    
      890000      180019  2.4706695E-02  -8.812086    
      890000      190020  1.8101914E-02  -7.142787    
      890000      200021  1.4556015E-02  -7.116902    
      890000      230022  1.7587695E-02  -7.737867    
      890000      240023  1.4711539E-02 -0.6006414    
      890000      250024  1.0215447E-02   6.712460    
      890000      260025  1.6683724E-02  -12.29863    
      890000      270026  1.9603955E-02  -13.17759    
      890000      280027  3.6262535E-02  -17.42581    
      890000      290028  0.1104490      -15.53035    
      890000      300029  7.4060880E-02  -11.03065    
      890000      310030  4.6665486E-02  -10.14378    
      890000      310032  2.2218265E-02  -10.73626    
      890000      570056  2.6243633E-02  -16.57039    
      890000      580057  2.7856253E-02  -17.10025    
      890000      590058  2.4086405E-02  -15.38851    
      890000      600059  2.3333693E-02  -27.77163    
      890000      610060  8.9611694E-02  -14.92713    
      890000      340033  1.5218936E-02  -2.624148    
      890000      350034  1.3671000E-02  -4.873614    
      890000      360035  1.1657846E-02   1.677265    
      890000      370036  2.3027688E-02  -16.15178    
      890000      380037  1.2464957E-02  -4.063735    
      890000      390038  8.5414968E-02  -18.59541    
      890000      400039  9.2123702E-02  -11.87997    
      890000      410040  6.7761600E-02  -12.02547    
      890000      420041  1.0459279E-02  -5.369317    
      890000      420043  3.8549993E-02  -9.858524    
      890000      630062  2.9707242E-02  -17.30079    
      890000      640063  2.6659882E-02  -15.03596    
      890000      650064  2.6659738E-02  -16.85061    
      890000      660065  3.6091514E-02  -32.61876    
      890000      670066  0.1203616      -7.481197    
      900000       20001  1.0372673E-02  -7.783188    
      900000       30002  1.8700756E-02  -9.136552    
      900000       40003  1.5812911E-02  -11.11737    
      900000       50004  3.7559131E-03  -17.54317    
      900000       60005  1.4666411E-03  -49.66929    
      900000       60007  4.6969638E-03   13.96667    
      900000       70008  1.8823355E-02  -8.659416    
      900000       80009  1.4740518E-02  -20.84452    
      900000       90010  2.2937827E-02  -18.49928    
      900000      100011  1.0757463E-02  -20.65400    
      900000      110012  5.7158535E-03  -20.69044    
      900000      120013  8.7730279E-03  -19.03328    
      900000      130014  4.8366529E-03  -16.29801    
      900000      140015  3.1585929E-03  -15.28131    
      900000      150016  2.7092844E-03  -16.16898    
      900000      160017  2.2898959E-03  -17.27011    
      900000      170018  2.3705405E-03  -13.80617    
      900000      180019  2.7006594E-03  -13.89246    
      900000      190020  2.3402225E-03  -11.72914    
      900000      200021  2.4923391E-03  -11.62152    
      900000      230022  1.9209059E-02   8.061256    
      900000      230024  3.2544173E-02  -59.99877    
      900000      240025  7.0021890E-02  -5.729084    
      900000      250026  3.5987731E-02  -19.62559    
      900000      260027  2.3740688E-02  -18.54696    
      900000      270028  3.0351961E-02  -21.76284    
      900000      290028  2.9654182E-03  -44.29724    
      900000      290030  1.0900894E-03  -22.18756    
      900000      440045  2.9516865E-02  -20.42263    
      900000      450046  3.5691746E-02  -28.12543    
      900000      460047  2.8619096E-02  -22.64906    
      900000      480049  4.1528586E-03  -19.81641    
      900000      340035  4.5823954E-02  -24.46251    
      900000      350036  6.4594984E-02  -8.905693    
      900000      360037  1.8766472E-02  -24.90913    
      900000      370038  3.9757084E-02  -15.91392    
      900000      390040  9.5628481E-04  -47.49922    
      900000      500051  1.7579775E-02  -32.85585    
      900000      510052  4.8835307E-02  -26.42693    
      900000      530054  3.8208261E-03  -21.46698    
      900000      540055  3.3241727E-03  -14.68263    
      910000       20001  1.4817970E-02  -11.02258    
      910000       30002  3.0926315E-02  -13.01442    
      910000       40003  3.1340327E-02  -14.63875    
      910000       50004  1.0419687E-02  -17.85456    
      910000       60005  1.1108370E-02  -21.89187    
      910000       70006  1.5971515E-02  -26.47506    
      910000       80007  1.0123470E-02  -30.51201    
      910000       80009  1.2382649E-02  -21.88657    
      910000       90010  3.5115119E-02  -14.77374    
      910000      100011  1.7324571E-02  -18.51034    
      910000      110012  8.9870114E-03  -20.07353    
      910000      120013  1.3597385E-02  -18.54824    
      910000      130014  7.4086539E-03  -15.91757    
      910000      140015  4.7622607E-03  -14.97946    
      910000      150016  4.0027066E-03  -15.98305    
      910000      160017  3.2986419E-03  -17.14145    
      910000      170018  3.3242574E-03  -13.82100    
      910000      180019  3.7032617E-03  -13.95882    
      910000      190020  3.1338509E-03  -11.86074    
      910000      200021  3.2566201E-03  -11.74106    
      910000      240023  1.0975591E-02   32.00662    
      910000      240025  6.2969918E-03  -10.83991    
      910000      260025  5.6862542E-03  -10.18364    
      910000      260027  9.4006117E-03  -18.53868    
      910000      270028  3.2821760E-02  -24.04826    
      910000      290028  7.2762766E-03  -20.96761    
      910000      290030  5.6693505E-04  -94.84741    
      910000      310032  2.5729376E-03  -9.058240    
      910000      440045  4.4835556E-02  -23.46779    
      910000      450046  4.8068006E-02  -27.39146    
      910000      460047  4.1920956E-02  -21.11110    
      910000      470048  4.8328410E-03  -27.96813    
      910000      480049  5.9338952E-03  -19.74527    
      910000      340033  1.4833138E-02   11.12997    
      910000      350034  6.4647305E-03   10.99373    
      910000      350036  5.5828304E-03  -15.91077    
      910000      370036  1.0671264E-02  -12.47900    
      910000      370038  4.1072737E-02  -17.06228    
      910000      400039  5.2599359E-04   168.9093    
      910000      500051  2.6555233E-02  -30.66269    
      910000      510052  6.9711804E-02  -26.02695    
      910000      530054  5.4736552E-03  -21.23852    
      910000      540055  4.6988851E-03  -14.73258    
      920000       20001  1.2396766E-02  -13.28675    
      920000       30002  2.6723323E-02  -15.23457    
      920000       40003  2.8874664E-02  -16.11239    
      920000       50004  1.0915549E-02  -17.27040    
      920000       60005  1.5169445E-02  -17.34851    
      920000       70006  3.5073575E-02  -16.49833    
      920000       80007  5.6048032E-02  -15.39763    
      920000       90008  7.7096918E-03  -19.17665    
      920000       90010  2.3549572E-02  -5.189250    
      920000      100011  1.4996364E-02  -17.51894    
      920000      110012  1.0642345E-02  -20.80780    
      920000      120013  1.7510964E-02  -19.78729    
      920000      130014  1.0269742E-02  -17.31521    
      920000      140015  6.8592704E-03  -15.91231    
      920000      150016  5.7264641E-03  -16.51821    
      920000      160017  4.6062982E-03  -17.43267    
      920000      170018  4.5147170E-03  -14.02875    
      920000      180019  4.9176533E-03  -14.05298    
      920000      190020  4.0707774E-03  -11.87982    
      920000      200021  4.1424669E-03  -11.66559    
      920000      230022  2.4404721E-02  -10.84193    
      920000      240023  1.8825557E-02 -0.8856458    
      920000      250024  7.7190036E-03  -10.12894    
      920000      260025  1.6977808E-02  -18.69767    
      920000      270026  1.0799727E-03  -74.35088    
      920000      270028  2.5229493E-02  -21.38905    
      920000      290028  1.6009191E-02  -22.29331    
      920000      300029  2.2921152E-03  -5.646533    
      920000      310032  3.2037762E-03  -7.077207    
      920000      450044  1.3836595E-02   7.843060    
      920000      450046  3.7395764E-02  -25.63112    
      920000      460047  5.8079239E-02  -16.16337    
      920000      470048  6.9740913E-03  -24.01573    
      920000      480049  8.2376730E-03  -18.42329    
      920000      340033  1.9944636E-02  -4.054160    
      920000      350034  1.6397266E-02  -11.29271    
      920000      360035  8.6810775E-03  -12.69020    
      920000      370038  3.3064798E-02  -14.66827    
      920000      400039  5.5917972E-03  -3.210551    
      920000      420043  5.3173355E-03  -8.262392    
      920000      510050  9.8858476E-03  -34.33453    
      920000      510052  8.2291059E-02  -26.12114    
      920000      530054  7.6443856E-03  -18.66795    
      920000      540055  6.4327405E-03  -14.52016    
      930000       20001  1.0737899E-02  -13.34792    
      930000       30002  2.3042984E-02  -15.49227    
      930000       40003  2.5023390E-02  -16.54487    
      930000       50004  9.6530877E-03  -18.05503    
      930000       60005  1.4475554E-02  -19.13760    
      930000       70006  4.0130757E-02  -20.37164    
      930000       80007  8.9570664E-02  -22.10265    
      930000       90008  5.5655219E-02  -21.37240    
      930000      100009  7.6541856E-02  -10.14890    
      930000      110010  2.8402548E-02 -0.9162372    
      930000      110012  2.1594176E-02  -16.35869    
      930000      120013  5.6777745E-02  -15.95535    
      930000      130014  3.7965555E-02  -14.06835    
      930000      140015  2.3991467E-02  -13.14842    
      930000      150016  1.7588487E-02  -14.87666    
      930000      160017  1.2184839E-02  -16.48326    
      930000      170018  1.0350792E-02  -14.03583    
      930000      180019  1.0106965E-02  -14.30958    
      930000      190020  7.5284974E-03  -12.33384    
      930000      200021  6.9144769E-03  -11.94910    
      930000      230022  2.1063648E-02  -8.236053    
      930000      240023  1.6661383E-02   1.083662    
      930000      250024  8.4035313E-03 -0.8074079    
      930000      260025  1.6277494E-02  -15.08626    
      930000      270026  8.0654211E-03  -24.81109    
      930000      270028  1.8989269E-03   52.66671    
      930000      290028  4.7461014E-02  -22.43238    
      930000      300029  2.3111563E-02  -18.51931    
      930000      310030  1.2315920E-02  -27.49283    
      930000      450044  1.5730331E-02  -4.811626    
      930000      460045  3.8458254E-02  -16.93060    
      930000      470046  1.1206356E-02  -65.22601    
      930000      470048  7.1262885E-03  -27.36355    
      930000      480049  1.6038010E-02  -18.55878    
      930000      340033  1.7533820E-02  -1.834395    
      930000      350034  1.4814248E-02  -7.111987    
      930000      360035  9.5068226E-03  -4.861921    
      930000      370036  2.1411385E-02  -17.18796    
      930000      370038  1.4877867E-02  -7.944928    
      930000      390038  3.4891646E-02  -24.60598    
      930000      400039  3.3242133E-02  -17.97382    
      930000      410040  1.9018548E-02  -22.72405    
      930000      420041  4.6155364E-03  -35.50079    
      930000      420043  7.7408766E-03  -6.645673    
      930000      520051  4.2553630E-02  -16.73633    
      930000      530054  1.1434620E-02  -19.97644    
      930000      540055  1.4249003E-02  -15.05275    
      680000      230022  2.1488622E-03   56.17356    
      680000      230024  7.0849867E-03  -74.93887    
      680000      240025  1.4010439E-02  -13.25207    
      680000      260027  4.5968238E-03  -20.15232    
      680000      270028  1.0553093E-02  -21.46608    
      680000      290028  5.8049206E-03  -30.09661    
      680000      300029  1.5026128E-03  -27.63725    
      680000      440045  4.4517000E-03  -36.21889    
      680000      480049  2.1067804E-03  -17.50207    
      680000      570056  1.1031042E-03   110.0244    
      680000      570058  1.7791370E-02  -18.38347    
      680000      580059  2.1763619E-02  -19.55274    
      680000      590060  1.5037602E-02  -14.41464    
      680000      600061  1.2753814E-02  -25.33058    
      680000      330034  4.3924195E-03  -91.28094    
      680000      340035  8.7196082E-03  -36.12607    
      680000      350036  1.1960571E-02  -15.99489    
      680000      370036  4.2870789E-04   109.2970    
      680000      370038  1.4513728E-02  -16.34242    
      680000      400039  2.6158381E-03  -20.59377    
      680000      410040  1.3084554E-03  -39.30947    
      680000      530054  1.7660813E-03  -16.92854    
      680000      540055  1.8456985E-03  -14.64194    
      680000      620063  8.8566970E-03  -31.10268    
      680000      630064  2.0277690E-02  -14.15609    
      680000      640065  2.3626054E-02  -19.66969    
      680000      650066  6.8387054E-03  -30.27205    
      790000       20001  5.3355223E-03  -8.881518    
      790000       30002  9.8367510E-03  -9.666023    
      790000       40003  8.9065153E-03  -10.25194    
      790000       50004  2.5051341E-03  -12.01741    
      790000       60005  2.0511616E-03  -12.69625    
      790000       70006  1.8110584E-03 -0.3103715    
      790000       80009  4.3602441E-03  -36.93299    
      790000       90010  1.0352282E-02  -21.21648    
      790000      100011  5.3810421E-03  -24.28242    
      790000      110012  3.4812796E-03  -22.46161    
      790000      120013  5.6748572E-03  -20.77599    
      790000      130014  3.3082338E-03  -17.88863    
      790000      140015  2.2594247E-03  -16.29328    
      790000      150016  1.9894999E-03  -16.59038    
      790000      160017  1.7165490E-03  -17.37032    
      790000      170018  1.8092197E-03  -13.58735    
      790000      180019  2.0893149E-03  -13.49384    
      790000      190020  1.8252369E-03  -11.16381    
      790000      200021  1.9385514E-03  -10.90324    
      790000      440045  2.9257443E-02  -6.844893    
      790000      450046  3.6535256E-02  -23.25084    
      790000      460047  2.6802851E-02  -21.82128    
      790000      470048  3.3102289E-03  -27.04302    
      790000      480049  3.7406236E-03  -19.08703    
      790000      560057  0.1129314      -15.23403    
      790000      570058  5.4089990E-02  -22.50274    
      790000      580059  2.1333149E-02  -31.02393    
      790000      590060  1.2341619E-02  -48.50235    
      790000      600061  2.0760573E-02  -28.62654    
      790000      500051  1.8754760E-02  -23.85032    
      790000      510052  4.6451386E-02  -22.70284    
      790000      530054  3.7501506E-03  -20.32635    
      790000      540055  2.7045535E-03  -13.89347    
      790000      620063  9.5110133E-02  -16.82584    
      790000      630064  3.7674442E-02  -25.69265    
      790000      640065  1.7781844E-02  -38.88239    
      790000      650066  9.9663995E-03  -47.32476    
      790000      660067  2.5037995E-02  -21.41347    
      800000       20001  6.6623958E-03  -9.300362    
      800000       30002  1.3129122E-02  -11.06449    
      800000       40003  1.2878648E-02  -12.32597    
      800000       50004  4.1474705E-03  -14.54373    
      800000       60005  4.5199194E-03  -16.20596    
      800000       70006  8.0784392E-03  -15.76177    
      800000       80007  1.0601155E-02  -12.33920    
      800000       90008  5.5021850E-05   464.9370    
      800000       90010  7.5337612E-03  -12.31181    
      800000      100011  4.4632456E-03  -19.90098    
      800000      110012  3.3098683E-03  -19.88280    
      800000      120013  5.5727931E-03  -18.76502    
      800000      130014  3.3494434E-03  -16.32006    
      800000      140015  2.3370099E-03  -14.66113    
      800000      150016  2.0772412E-03  -14.70798    
      800000      160017  1.8015431E-03  -15.38868    
      800000      170018  1.9086681E-03  -11.56048    
      800000      180019  2.2175941E-03  -11.53481    
      800000      190020  1.9414262E-03  -9.289082    
      800000      200021  2.0455511E-03  -9.037339    
      800000      440045  4.2187769E-02  -2.741390    
      800000      450046  4.9205214E-02  -21.38599    
      800000      460047  3.4740772E-02  -21.40238    
      800000      470048  4.5645363E-03  -26.61658    
      800000      480049  4.7405725E-03  -18.59351    
      800000      560057  5.2538872E-02  -2.546811    
      800000      570058  2.6372734E-02  -9.250472    
      800000      590060  1.0166109E-02  -61.31688    
      800000      600061  2.3641085E-02  -26.64405    
      800000      500051  2.7564388E-02  -21.62531    
      800000      510052  6.0110126E-02  -20.76725    
      800000      530054  5.0948015E-03  -20.26288    
      800000      540055  3.0918983E-03  -12.18838    
      800000      620063  4.6227116E-02  -3.425159    
      800000      630064  2.0165740E-02  -14.58572    
      800000      640065  1.1926629E-02  -41.96351    
      800000      650066  1.1057436E-02  -48.05507    
      800000      660067  2.8241228E-02  -19.57187    
      810000       20001  7.2766049E-03  -10.54429    
      810000       30002  1.5011063E-02  -12.22544    
      810000       40003  1.5476702E-02  -13.05199    
      810000       50004  5.3693447E-03  -14.27261    
      810000       60005  6.5960530E-03  -14.38985    
      810000       70006  1.3851856E-02  -13.15404    
      810000       80007  2.2040270E-02  -11.55086    
      810000       90008  4.9825334E-03  -9.527225    
      810000       90010  3.2393287E-03  -13.52233    
      810000      100011  2.7531178E-03  -28.61475    
      810000      110012  2.5776247E-03  -27.85394    
      810000      120013  4.5363894E-03  -26.74373    
      810000      130014  2.8519328E-03  -24.08895    
      810000      140015  2.0671666E-03  -21.23337    
      810000      150016  1.8922329E-03  -19.79753    
      810000      160017  1.6895290E-03  -19.31477    
      810000      170018  1.8498135E-03  -14.23266    
      810000      180019  2.2198574E-03  -13.29784    
      810000      190020  1.9919497E-03  -10.29254    
      810000      200021  2.1059951E-03  -9.560831    
      810000      440045  3.7177816E-02   1.576243    
      810000      450046  6.2229615E-02  -23.31425    
      810000      460047  4.4773579E-02  -23.44964    
      810000      470048  6.8001449E-03  -24.08599    
      810000      480049  6.4060297E-03  -17.20218    
      810000      570056  1.2612763E-02  -25.76457    
      810000      580057  1.2760151E-02  -20.44446    
      810000      590058  3.7102811E-03  -7.844385    
      810000      590060  5.4962956E-03  -120.5645    
      810000      600061  2.3942409E-02  -29.77016    
      810000      500051  3.0873615E-02  -24.20716    
      810000      510052  7.3794611E-02  -22.55106    
      810000      530054  7.5468402E-03  -17.82985    
      810000      540055  3.5407161E-03  -11.89332    
      810000      630062  1.5515889E-02  -24.03920    
      810000      640063  6.7502558E-03  -14.32967    
      810000      640065  2.0085317E-03  -185.2334    
      810000      650066  1.0862097E-02  -54.64332    
      810000      660067  2.8226685E-02  -23.13010    
      820000       20001  7.2144209E-03  -12.26835    
      820000       30002  1.5027711E-02  -14.06933    
      820000       40003  1.5702708E-02  -14.90233    
      820000       50004  5.5669369E-03  -16.05803    
      820000       60005  7.1127866E-03  -16.16800    
      820000       70006  1.5877238E-02  -15.30563    
      820000       80007  2.7498802E-02  -14.56565    
      820000       90008  9.2077907E-03  -13.31070    
      820000      100009  4.0007792E-03   6.118438    
      820000      120011  1.3359325E-04   620.1410    
      820000      120013  1.4387387E-04  -1371.217    
      820000      130014  2.6522498E-04  -353.5755    
      820000      140015  4.1716790E-04  -147.1290    
      820000      150016  6.4468657E-04  -75.60775    
      820000      160017  8.4801199E-04  -47.40136    
      820000      170018  1.2537243E-03  -27.72967    
      820000      180019  1.8521821E-03  -20.68628    
      820000      190020  1.9042847E-03  -14.40818    
      820000      200021  2.0957263E-03  -12.25240    
      820000      450046  2.4712613E-02  -59.53490    
      820000      460047  5.1307455E-02  -33.71549    
      820000      470048  1.3573263E-02  -23.68456    
      820000      480049  1.1385819E-02  -17.72313    
      820000      570056  2.3585021E-02  -23.33759    
      820000      580057  2.2623049E-02  -21.75971    
      820000      590058  1.2534681E-02  -15.90370    
      820000      600059  1.9739605E-03   220.6695    
      820000      600061  1.1342550E-02  -59.70587    
      820000      630062  2.6993033E-02  -23.38365    
      820000      640063  1.7126648E-02  -17.36753    
      820000      650064  8.0583915E-03   15.62987    
      820000      650066  4.9884804E-03  -92.85576    
      820000      660067  1.2607289E-02  -57.58928    
      830000       20001  7.5309183E-03  -11.88558    
      830000       30002  1.5812352E-02  -13.83533    
      830000       40003  1.6733272E-02  -14.79536    
      830000       50004  6.0831360E-03  -16.15736    
      830000       60005  8.1993509E-03  -16.94434    
      830000       70006  2.0024370E-02  -17.68657    
      830000       80007  3.9439227E-02  -19.22206    
      830000       90008  1.9841028E-02  -20.39465    
      830000      100009  2.4189001E-02  -12.16915    
      830000      110010  1.1925423E-02  -11.66422    
      830000      120011  8.8006416E-03  -5.597156    
      830000      130012  1.4915213E-02  -3.589586    
      830000      140013  8.4344940E-03   1.774989    
      830000      150014  4.8984550E-03   2.869050    
      830000      160015  2.9123663E-03 -0.2878334    
      830000      170016  9.6284406E-04   3.734057    
      830000      180019  2.6423931E-03  -11.51435    
      830000      190020  3.4399186E-03  -9.457816    
      830000      200021  3.6982980E-03  -8.701036    
      830000      450044  3.1704441E-02  -29.43754    
      830000      460045  0.1974062      -20.05352    
      830000      460047  6.0567033E-02  -33.71074    
      830000      470048  5.4933660E-02  -26.18172    
      830000      480049  4.2835522E-02  -21.88450    
      830000      570056  2.4674049E-02  -18.56313    
      830000      580057  2.5452083E-02  -18.38045    
      830000      590058  1.9623984E-02  -16.58364    
      830000      600059  1.3330619E-02  -11.99929    
      830000      610060  3.0234296E-02  -11.54643    
      830000      510050  4.4361681E-02  -31.66465    
      830000      520051  0.1694169      -16.15728    
      830000      530054  6.2465798E-02  -22.49888    
      830000      540055  1.2895134E-02  -11.77592    
      830000      630062  2.8108468E-02  -19.02234    
      830000      640063  2.2820935E-02  -15.87021    
      830000      650064  1.9218730E-02  -13.26140    
      830000      660065  1.2878846E-02  -25.33624    
      830000      670066  3.9128281E-02  -3.734945    
      840000       20001  7.7389278E-03  -12.36252    
      840000       30002  1.6313292E-02  -14.38080    
      840000       40003  1.7378431E-02  -15.37889    
      840000       50004  6.4058099E-03  -16.78979    
      840000       60005  8.8954903E-03  -17.75707    
      840000       70006  2.2790710E-02  -18.87263    
      840000       80007  4.7784403E-02  -20.63869    
      840000       90008  2.7781785E-02  -20.35706    
      840000      100009  3.9907690E-02  -10.67542    
      840000      110010  2.0642640E-02  -11.72165    
      840000      120011  1.6311577E-02  -6.724681    
      840000      130012  2.8574912E-02  -5.522817    
      840000      140013  1.7861973E-02  -2.333283    
      840000      150014  1.3102091E-02  -2.468261    
      840000      160015  1.1900447E-02  -5.214593    
      840000      170016  9.7446702E-03  -8.034275    
      840000      180017  7.0700659E-03  -6.683995    
      840000      190018  2.1794736E-03 -0.9064916    
      840000      190020  3.1876627E-03  -11.44214    
      840000      200021  4.7816751E-03  -8.182541    
      840000      450044  1.6297616E-02  -20.86672    
      840000      460045  0.1537784      -16.43127    
      840000      470046  0.1007094      -9.100185    
      840000      470048  2.2597769E-02  -26.41224    
      840000      480049  4.6064693E-02  -23.42178    
      840000      570056  2.4774587E-02  -16.92895    
      840000      580057  2.5956364E-02  -17.28459    
      840000      590058  2.1672005E-02  -15.52193    
      840000      600059  1.9005382E-02  -24.10391    
      840000      610060  6.2726252E-02  -14.62803    
      840000      510050  2.2874463E-02  -29.72464    
      840000      520051  0.2106513      -14.79968    
      840000      530054  5.5077206E-02  -26.54513    
      840000      540055  1.5037796E-02  -11.80887    
      840000      630062  2.8016476E-02  -17.60281    
      840000      640063  2.4372973E-02  -15.08637    
      840000      650064  2.3205476E-02  -15.89372    
      840000      660065  2.5941897E-02  -31.64549    
      840000      670066  8.1661522E-02  -7.019839    
      850000       20001  7.5553148E-03  -12.64165    
      850000       30002  1.5937041E-02  -14.68550    
      850000       40003  1.7004013E-02  -15.69956    
      850000       50004  6.2886919E-03  -17.13168    
      850000       60005  8.7993881E-03  -18.15367    
      850000       70006  2.2832360E-02  -19.35217    
      850000       80007  4.8667617E-02  -21.12530    
      850000       90008  2.9300220E-02  -20.38687    
      850000      100009  4.3533854E-02  -10.38722    
      850000      110010  2.2755265E-02  -11.77320    
      850000      120011  1.8511925E-02  -7.070948    
      850000      130012  3.3357494E-02  -6.494283    
      850000      140013  2.3255264E-02  -4.870756    
      850000      150014  2.1701375E-02  -4.148029    
      850000      160015  2.7287332E-02  -4.817186    
      850000      170016  3.3210587E-02  -7.357839    
      850000      180017  4.0857799E-02  -4.661528    
      850000      190018  3.8908370E-02  -5.043890    
      850000      200019  1.4951159E-02  -2.919458    
      850000      210020  2.4064857E-04  -18.18666    
      850000      450044  1.1291640E-02  -15.40037    
      850000      460045  9.2403226E-02  -14.38675    
      850000      470046  0.1039514      -8.489006    
      850000      480047  3.0289728E-02  -9.648124    
      850000      490048  4.9807355E-02  -4.624789    
      850000      570056  2.3875434E-02  -16.65358    
      850000      580057  2.5071811E-02  -17.19473    
      850000      590058  2.1200692E-02  -15.48235    
      850000      600059  1.9506065E-02  -26.76512    
      850000      610060  6.9279976E-02  -15.04213    
      850000      510050  1.3816954E-02  -28.85206    
      850000      520051  0.1449828      -12.70022    
      850000      540053  4.7720671E-02  -3.175119    
      850000      550054  3.3702735E-02  -3.190136    
      850000      630062  2.6930772E-02  -17.39211    
      850000      640063  2.3763049E-02  -15.11861    
      850000      650064  2.3042755E-02  -16.75620    
      850000      660065  2.8236205E-02  -32.70610    
      850000      670066  9.1808364E-02  -7.643261    
      690000      230022  4.8264875E-03   19.47417    
      690000      230024  5.7289847E-03  -94.93952    
      690000      240025  1.4198028E-02  -12.28671    
      690000      250026  3.3269026E-03  -36.63448    
      690000      260027  4.8694634E-03  -18.21919    
      690000      270028  1.2728850E-02  -20.49373    
      690000      290028  7.4986764E-03  -29.97292    
      690000      300029  1.9873632E-03  -28.45357    
      690000      440045  5.0743236E-03  -37.79506    
      690000      480049  2.6910615E-03  -17.14445    
      690000      570056  1.0792202E-02  0.4543219    
      690000      570058  1.5275867E-02  -13.50158    
      690000      580059  2.6405144E-02  -17.94692    
      690000      590060  2.0141052E-02  -11.76425    
      690000      330034  2.6114425E-03  -153.6172    
      690000      340035  7.8205727E-03  -38.98894    
      690000      350036  1.2078053E-02  -15.13059    
      690000      370038  1.7533444E-02  -15.47323    
      690000      400039  3.4421887E-03  -21.39164    
      690000      530054  2.2379712E-03  -16.19629    
      690000      540055  2.3659214E-03  -14.57703    
      690000      620063  1.6423408E-03  -91.84484    
      690000      630064  2.0791411E-02  -9.167045    
      690000      640065  3.1134890E-02  -18.17218    
      690000      650066  8.8506984E-03  -27.66349    
      700000      230022  8.8839419E-03   5.174594    
      700000      230024  2.5462417E-03  -203.0774    
      700000      240025  1.2698195E-02  -11.37298    
      700000      250026  1.0864377E-03  -70.92762    
      700000      260027  4.7176909E-03  -15.26096    
      700000      270028  1.5461277E-02  -19.16978    
      700000      290028  1.0096854E-02  -29.30637    
      700000      300029  2.7716383E-03  -28.60691    
      700000      440045  5.3667920E-03  -43.79619    
      700000      480049  3.6389637E-03  -16.87691    
      700000      570056  2.8046601E-02  -7.844304    
      700000      570058  3.4362560E-03   26.30370    
      700000      580059  2.9332241E-02  -18.17169    
      700000      590060  2.7972942E-02  -8.194419    
      700000      600061  2.1750186E-02  -23.86021    
      700000      340033  9.6215837E-04   387.9244    
      700000      340035  5.0999569E-03  -50.93073    
      700000      350036  1.0646968E-02  -14.43274    
      700000      370036  4.4562365E-03  -5.841591    
      700000      370038  2.1372786E-02  -14.28540    
      700000      400039  4.7580055E-03  -21.68735    
      700000      420043  2.7622909E-03  -5.127371    
      700000      530054  2.9764492E-03  -15.43950    
      700000      540055  3.2216259E-03  -14.65685    
      700000      630062  1.4997140E-02  -8.611750    
      700000      630064  1.4005980E-02   3.435717    
      700000      640065  4.1640539E-02  -17.32191    
      700000      650066  1.1803372E-02  -23.78707    
      700000      660067  2.7747510E-02  -17.24561    
      710000      230022  1.1808244E-02  0.4589762    
      710000      240023  1.0732819E-03   437.4277    
      710000      240025  9.7163916E-03  -13.31622    
      710000      260027  3.6689907E-03  -12.95337    
      710000      270028  1.6142856E-02  -18.11133    
      710000      290028  1.3086930E-02  -28.40088    
      710000      300029  4.0413593E-03  -27.41110    
      710000      440045  3.9911615E-03  -63.60681    
      710000      480049  4.4468851E-03  -17.09502    
      710000      570056  3.7158828E-02  -10.90071    
      710000      580059  2.0698581E-02  -27.45493    
      710000      590060  2.8074373E-02  -2.778606    
      710000      600061  2.2403745E-02  -24.56857    
      710000      340033  4.1617537E-03   75.02571    
      710000      340035  1.7510524E-03  -121.0107    
      710000      350036  7.8512663E-03  -16.94812    
      710000      370036  7.1647307E-03  -9.925945    
      710000      370038  2.2846516E-02  -13.60275    
      710000      390038  6.5172650E-03  -26.60521    
      710000      400039  6.6596563E-03  -21.80607    
      710000      410040  3.4131692E-03  -36.80085    
      710000      630062  2.7832570E-02  -12.98075    
      710000      640063  1.0162479E-03  -224.6331    
      710000      640065  4.0088501E-02  -19.23240    
      710000      650066  1.1034528E-02  -16.49191    
      710000      660067  3.1511590E-02  -17.43863    
      720000      230022  1.8867677E-02  -5.940319    
      720000      240023  1.2001869E-02   15.47540    
      720000      250024  2.2458781E-03   25.08106    
      720000      260025  1.1164907E-02  -11.83777    
      720000      270026  2.4829842E-03  -40.21280    
      720000      270028  1.0933122E-02  -6.030947    
      720000      290028  2.9482231E-02  -27.52149    
      720000      300029  1.2996049E-02  -25.78273    
      720000      310030  7.6195053E-03  -37.59184    
      720000      450044  5.1847058E-03   29.11698    
      720000      480049  7.5667393E-03  -19.12928    
      720000      570056  4.6651129E-02  -15.06983    
      720000      580057  4.9541350E-02  -15.57181    
      720000      590058  2.5094915E-02   8.974578    
      720000      600059  6.9970982E-03  -183.1639    
      720000      340033  1.3764029E-02   7.051082    
      720000      350034  9.6574472E-03   1.880036    
      720000      370036  1.6116610E-02  -15.15361    
      720000      370038  2.0726904E-02  -9.060709    
      720000      390038  1.9808279E-02  -29.22665    
      720000      400039  1.9047175E-02  -23.59548    
      720000      410040  1.1174697E-02  -30.87370    
      720000      530054  4.1399999E-03  -15.04258    
      720000      540055  8.1221536E-03  -17.93473    
      720000      630062  5.1222648E-02  -15.49735    
      720000      640063  4.6486020E-02  -12.72455    
      720000      650064  4.1080718E-03   19.30349    
      720000      660065  2.1574572E-02  -60.26363    
      720000      660067  6.6590887E-03  -37.86789    
      730000      230022  1.9428812E-02  -7.956036    
      730000      240023  1.4915735E-02   2.424780    
      730000      250024  7.4600987E-03   3.115816    
      730000      260025  1.4719748E-02  -14.11547    
      730000      270026  9.3631111E-03  -19.84052    
      730000      290028  5.4927789E-02  -20.34534    
      730000      300029  2.9596569E-02  -15.96751    
      730000      310030  1.9290827E-02  -21.06520    
      730000      450044  1.1290486E-02  -5.370866    
      730000      460045  4.3365750E-02  -17.64276    
      730000      470046  4.0374253E-02  -18.04230    
      730000      480047  3.7467626E-03  -3.858140    
      730000      480049  1.0620151E-02  -18.71668    
      730000      570056  3.4899976E-02  -16.61473    
      730000      580057  3.8695175E-02  -17.37745    
      730000      590058  3.2114800E-02  -12.67757    
      730000      600059  3.5558984E-02  -42.76749    
      730000      610060  0.2034074      -10.62705    
      730000      340033  1.5917799E-02 -0.9755902    
      730000      350034  1.3160807E-02  -5.565151    
      730000      360035  8.5405866E-03  -1.595971    
      730000      370036  1.9826615E-02  -16.93891    
      730000      370038  8.8543985E-03  -11.35866    
      730000      390038  4.1265771E-02  -22.61729    
      730000      400039  4.0810596E-02  -15.97157    
      730000      410040  2.5994128E-02  -19.08985    
      730000      420041  8.7286187E-03  -24.38466    
      730000      630062  3.9804112E-02  -17.36344    
      730000      640063  3.7966192E-02  -15.38369    
      730000      650064  3.3030685E-02  -18.95442    
      730000      660065  7.5082690E-02  -34.05098    
      730000      670066  0.1743498      -3.591499    
      740000      230022  1.8788613E-02  -7.927444    
      740000      240023  1.4909950E-02   1.093472    
      740000      250024  8.4653404E-03   4.303208    
      740000      260025  1.5329368E-02  -13.50876    
      740000      270026  1.2415675E-02  -16.22143    
      740000      290028  6.8751082E-02  -17.74758    
      740000      300029  3.9373554E-02  -13.15569    
      740000      310030  2.6989754E-02  -17.06916    
      740000      310032  1.8911965E-03   28.30891    
      740000      450044  1.2036137E-02  -9.185990    
      740000      460045  6.6166133E-02  -14.94821    
      740000      470046  7.1998842E-02  -11.93856    
      740000      480047  1.0956921E-02  -6.525067    
      740000      480049  1.1786205E-02  -17.59935    
      740000      570056  3.0880438E-02  -16.65126    
      740000      580057  3.3728689E-02  -17.34354    
      740000      590058  2.9621605E-02  -14.97475    
      740000      600059  3.3060148E-02  -35.56291    
      740000      610060  0.1879680      -13.36607    
      740000      340033  1.5721239E-02  -1.721656    
      740000      350034  1.3399808E-02  -5.544280    
      740000      360035  9.6255383E-03 -0.4181288    
      740000      370036  2.0711560E-02  -16.63213    
      740000      370038  2.4117741E-03  -28.69834    
      740000      390038  5.2727699E-02  -20.30029    
      740000      400039  5.3076077E-02  -13.52302    
      740000      410040  3.5177406E-02  -15.84385    
      740000      420041  1.2584903E-02  -19.70147    
      740000      520051  0.1026685      -13.31201    
      740000      540053  3.1737920E-03   15.74947    
      740000      540055  1.9983713E-02  -11.71764    
      740000      630062  3.5192285E-02  -17.41191    
      740000      640063  3.2966081E-02  -15.42834    
      740000      650064  3.3019684E-02  -18.59195    
      740000      660065  6.5556563E-02  -33.20459    
      740000      670066  0.2765608      -8.789686    
      750000      230022  1.8189721E-02  -7.767010    
      750000      240023  1.4727935E-02  0.4601475    
      750000      250024  9.0783816E-03   5.488425    
      750000      260025  1.5618840E-02  -12.87914    
      750000      270026  1.4743404E-02  -14.47825    
      750000      280027  2.1097103E-02  -17.84037    
      750000      290028  7.9807401E-02  -16.49134    
      750000      300029  4.7899403E-02  -12.12443    
      750000      310030  3.5355568E-02  -15.81323    
      750000      310032  1.1050534E-03   79.29263    
      750000      450044  1.2090938E-02  -11.22080    
      750000      460045  8.2546003E-02  -14.02555    
      750000      470046  9.8312944E-02  -9.905396    
      750000      480047  2.2564419E-02  -11.50415    
      750000      480049  8.5844137E-03  -14.05295    
      750000      570056  2.8371410E-02  -16.46970    
      750000      580057  3.0595277E-02  -17.05638    
      750000      590058  2.6984068E-02  -15.31006    
      750000      600059  2.8467806E-02  -31.12895    
      750000      610060  0.1362379      -13.71751    
      750000      340033  1.5422841E-02  -2.027426    
      750000      350034  1.3400299E-02  -5.188406    
      750000      360035  1.0299318E-02  0.6776301    
      750000      370036  2.1206409E-02  -16.30522    
      750000      380037  2.8098517E-03   12.70901    
      750000      390038  6.1796527E-02  -19.23213    
      750000      400039  6.3202441E-02  -12.51104    
      750000      410040  4.4007882E-02  -14.72756    
      750000      420041  1.7309535E-02  -18.40388    
      750000      510050  1.3728916E-02  -28.74317    
      750000      520051  0.1326117      -12.46181    
      750000      540053  1.5383837E-02  -9.912979    
      750000      540055  2.6505711E-02  -11.24281    
      750000      630062  3.2255150E-02  -17.21016    
      750000      640063  2.9656474E-02  -15.08422    
      750000      650064  3.0363971E-02  -17.68361    
      750000      660065  5.0708003E-02  -32.47677    
      750000      670066  0.2145719      -7.655746    
      760000      230022  1.7157091E-02  -7.660612    
      760000      240023  1.4227361E-02 -0.2811547    
      760000      250024  9.5916055E-03   6.918543    
      760000      260025  1.5623702E-02  -12.14660    
      760000      270026  1.6990697E-02  -12.59268    
      760000      280027  2.8062023E-02  -15.75972    
      760000      290028  8.9211576E-02  -15.29856    
      760000      300029  6.0507990E-02  -10.89662    
      760000      310030  6.8269588E-02  -10.62606    
      760000      320031  1.3284063E-02  -14.93760    
      760000      450044  1.1478617E-02  -13.03686    
      760000      460045  8.9280970E-02  -13.13022    
      760000      470046  0.1109119      -7.897004    
      760000      480047  4.7852863E-02  -11.37588    
      760000      490048  0.1366658      -2.868143    
      760000      570056  2.5707785E-02  -16.52625    
      760000      580057  2.7250659E-02  -17.09249    
      760000      590058  2.3447467E-02  -15.39573    
      760000      600059  2.2635270E-02  -28.22550    
      760000      610060  8.7942392E-02  -14.76298    
      760000      340033  1.4779685E-02  -2.418440    
      760000      350034  1.3132979E-02  -4.747534    
      760000      360035  1.0858208E-02   1.991366    
      760000      370036  2.1283975E-02  -15.90909    
      760000      380037  8.5226800E-03   2.159939    
      760000      390038  6.9210596E-02  -18.12101    
      760000      400039  7.3865406E-02  -11.41782    
      760000      410040  6.6026852E-02  -11.75904    
      760000      420041  4.4098649E-02  -11.16057    
      760000      430042  3.5909514E-03  -9.417536    
      760000      510050  1.3598880E-02  -28.14992    
      760000      520051  0.1446570      -11.48872    
      760000      540053  0.1078712      -7.775083    
      760000      550054  2.4364337E-02   19.12827    
      760000      630062  2.9074011E-02  -17.26604    
      760000      640063  2.6056413E-02  -15.06173    
      760000      650064  2.5859887E-02  -17.04953    
      760000      660065  3.5087265E-02  -32.75267    
      760000      670066  0.1203518      -7.518272    
