         988
      770000      230022  1.6444232E-02  -8.505300    
      770000      240023  1.3895221E-02  -9.023709    
      770000      250024  9.9247824E-03  -10.54679    
      770000      260025  1.5374555E-02  -13.33417    
      770000      270026  1.7558491E-02  -18.55000    
      770000      280027  2.9699693E-02  -15.34382    
      770000      290028  8.8334881E-02  -13.33269    
      770000      300029  6.6279672E-02  -10.33086    
      770000      310030  0.1055097      -8.490664    
      770000      320031  7.5267002E-02  -7.013494    
      770000      450044  1.0820571E-02  -20.73906    
      770000      460045  8.3484948E-02  -13.06835    
      770000      470046  9.9820845E-02  -9.917994    
      770000      480047  3.7544843E-02  -9.224056    
      770000      490048  0.1479953      -6.705163    
      770000      570056  2.4249211E-02  -17.63847    
      770000      580057  2.5534948E-02  -16.08747    
      770000      590058  2.1716349E-02  -14.79143    
      770000      600059  2.0337939E-02  -23.39627    
      770000      610060  7.4573465E-02  -15.60833    
      770000      340033  1.4353203E-02  -7.897109    
      770000      350034  1.2948714E-02  -9.807395    
      770000      360035  1.1137378E-02  -13.18450    
      770000      370036  2.0780824E-02  -16.47092    
      770000      380037  1.0860490E-02  -15.90581    
      770000      390038  6.8410993E-02  -15.78850    
      770000      400039  7.5600639E-02  -10.35155    
      770000      410040  8.4398478E-02  -10.25071    
      770000      420041  8.7172486E-02  -7.231282    
      770000      430042  0.1257708      -7.038238    
      770000      510050  1.2786921E-02  -25.92783    
      770000      520051  0.1336070      -10.82630    
      770000      540053  8.6875901E-02  -7.449707    
      770000      550054  0.3705159      -4.934862    
      770000      630062  2.7363285E-02  -16.47788    
      770000      640063  2.4284840E-02  -16.22075    
      770000      650064  2.3726732E-02  -17.46182    
      770000      660065  3.0160114E-02  -29.33007    
      770000      670066  9.9928267E-02  -8.858059    
      780000      230022  1.5680909E-02  -8.619656    
      780000      240023  1.3575792E-02  -9.247798    
      780000      250024  1.0319745E-02  -10.75522    
      780000      260025  1.4945931E-02  -13.58533    
      780000      270026  1.7566297E-02  -18.37313    
      780000      280027  2.9748222E-02  -14.97774    
      780000      290028  8.2956582E-02  -13.37409    
      780000      300029  6.4930156E-02  -10.21772    
      780000      310030  0.1139709      -7.873991    
      780000      320031  0.1458728      -7.207800    
      780000      450044  1.0106674E-02  -21.01653    
      780000      460045  7.6607689E-02  -13.34556    
      780000      470046  8.9057021E-02  -10.23789    
      780000      480047  2.9146077E-02  -9.777384    
      780000      490048  8.7690160E-02  -7.515264    
      780000      570056  2.2794366E-02  -17.71353    
      780000      580057  2.3920314E-02  -16.17565    
      780000      590058  2.0209624E-02  -14.91912    
      780000      600059  1.8627321E-02  -23.57691    
      780000      610060  6.6444755E-02  -16.02122    
      780000      340033  1.3929217E-02  -8.104248    
      780000      350034  1.2777894E-02  -10.02599    
      780000      360035  1.1408009E-02  -13.26280    
      780000      370036  1.9870572E-02  -16.62371    
      780000      380037  1.2455026E-02  -14.88008    
      780000      390038  6.4457960E-02  -15.82803    
      780000      400039  7.2250932E-02  -10.28384    
      780000      410040  8.7219708E-02  -9.853575    
      780000      420041  0.1031022      -6.884854    
      780000      430042  0.4351847      -6.994785    
      780000      520051  0.1215656      -11.11823    
      780000      540053  6.0159735E-02  -8.113224    
      780000      550054  0.1139454      -6.770232    
      780000      630062  2.5692722E-02  -16.55578    
      780000      640063  2.2679463E-02  -16.32779    
      780000      650064  2.1964859E-02  -17.61415    
      780000      670066  8.8371299E-02  -9.235345    
      860000       20001  1.0254316E-02  -14.11924    
      860000       30002  2.1488866E-02  -17.35885    
      860000       40003  2.2461001E-02  -16.53096    
      860000       50004  7.9553099E-03  -15.02844    
      860000       60005  1.0006145E-02  -15.94784    
      860000       70006  2.1147551E-02  -15.55142    
      860000       80007  3.2729361E-02  -14.73729    
      860000       90008  5.5109602E-03  -9.182012    
      860000       90010  1.0141288E-02  -21.44736    
      860000      100011  7.0488807E-03  -19.36737    
      860000      110012  6.0480400E-03  -17.00406    
      860000      120013  1.0498879E-02  -14.29314    
      860000      130014  6.4581046E-03  -12.38948    
      860000      140015  4.5269551E-03  -12.85401    
      860000      150016  3.9620949E-03  -12.24420    
      860000      160017  3.3519780E-03  -12.22590    
      860000      170018  3.4437976E-03  -11.27880    
      860000      180019  3.8826584E-03  -9.398035    
      860000      190020  3.3084336E-03  -9.228095    
      860000      200021  3.4316406E-03  -10.90725    
      860000      230022  4.0626653E-02  -13.72922    
      860000      240023  3.9911490E-02  -15.62310    
      860000      250024  2.4424385E-02  -20.90207    
      860000      260025  3.2621022E-02  -19.05376    
      860000      260027  1.8984750E-02  -27.61258    
      860000      270028  7.4109182E-02  -20.73291    
      860000      300031  8.4135756E-03  -16.75965    
      860000      310032  3.8148738E-03  -14.16037    
      860000      570056  5.5146087E-02  -19.94996    
      860000      580057  5.3043365E-02  -17.44226    
      860000      590058  5.6013763E-03  -23.81640    
      860000      590060  2.5842354E-02  -22.91457    
      860000      600061  5.1623438E-02  -26.82958    
      860000      340033  3.8221460E-02  -14.01739    
      860000      350034  3.7992682E-02  -17.07359    
      860000      360035  2.4060462E-02  -23.50784    
      860000      370036  2.9569479E-02  -19.08355    
      860000      370038  8.3756536E-02  -21.87541    
      860000      380039  2.5773184E-02  -21.57008    
      860000      400041  9.4110221E-03  -18.42064    
      860000      410042  4.3946947E-03  -15.70839    
      860000      420043  5.2542868E-03  -12.12297    
      860000      630062  6.6415377E-02  -18.42414    
      860000      640063  3.1011701E-02  -18.67736    
      860000      640065  2.2879845E-02  -18.84887    
      860000      650066  2.5636852E-02  -38.10588    
      860000      660067  6.0042728E-02  -19.43523    
      870000       20001  1.0206669E-02  -13.90679    
      870000       30002  2.1487335E-02  -17.17398    
      870000       40003  2.2655692E-02  -16.35765    
      870000       50004  8.1564561E-03  -14.86686    
      870000       60005  1.0592826E-02  -15.83776    
      870000       70006  2.3509482E-02  -15.55985    
      870000       80007  3.8616966E-02  -15.14416    
      870000       90008  8.8293236E-03  -13.29090    
      870000      100011  5.6658313E-03  -18.20222    
      870000      110012  5.7439310E-03  -15.72264    
      870000      120013  1.0292172E-02  -13.17475    
      870000      130014  6.5283948E-03  -11.44970    
      870000      140015  4.6941945E-03  -12.21131    
      870000      150016  4.1855425E-03  -11.86286    
      870000      160017  3.6012724E-03  -12.08336    
      870000      170018  3.7494528E-03  -11.33779    
      870000      180019  4.2623403E-03  -9.618434    
      870000      190020  3.6508176E-03  -9.550850    
      870000      200021  3.7855052E-03  -11.21335    
      870000      230022  3.1899355E-02  -13.24669    
      870000      240023  3.0371694E-02  -15.29538    
      870000      250024  2.2043949E-02  -20.15783    
      870000      260025  3.9801314E-02  -19.82134    
      870000      270026  1.9723210E-02  -24.81512    
      870000      270028  5.0102450E-02  -21.40384    
      870000      290030  2.2242548E-02  -21.87594    
      870000      300031  1.5796164E-02  -22.72907    
      870000      310032  5.2321209E-03  -17.82964    
      870000      570056  4.3074630E-02  -19.82770    
      870000      580057  4.5624260E-02  -17.75676    
      870000      590058  3.5402369E-02  -17.19090    
      870000      600059  7.7149831E-03  -18.94842    
      870000      600061  5.6301378E-02  -26.56830    
      870000      340033  2.9390560E-02  -13.58174    
      870000      350034  2.9531702E-02  -16.80023    
      870000      360035  2.6325261E-02  -22.36507    
      870000      370036  5.2147325E-02  -21.96485    
      870000      370038  4.8525129E-02  -20.55038    
      870000      380039  9.3962811E-03  -26.97988    
      870000      400041  1.8446611E-02  -24.05061    
      870000      410042  7.9390826E-03  -21.63521    
      870000      420043  6.5955683E-03  -14.79124    
      870000      630062  5.0472640E-02  -18.55046    
      870000      640063  4.0712114E-02  -18.09919    
      870000      650064  2.8983301E-02  -20.62696    
      870000      650066  2.3931112E-02  -40.29610    
      870000      660067  6.5500982E-02  -19.20441    
      880000       20001  8.6806398E-03  -13.25152    
      880000       30002  1.8353129E-02  -16.75690    
      880000       40003  1.9607071E-02  -16.21195    
      880000       50004  7.2746556E-03  -15.23356    
      880000       60005  1.0199349E-02  -17.17299    
      880000       70006  2.6294248E-02  -17.89441    
      880000       80007  5.5133615E-02  -18.10384    
      880000       90008  3.1791545E-02  -16.02938    
      880000      100009  4.5136936E-02  -11.79865    
      880000      120011  1.7700743E-02  -8.485229    
      880000      130012  2.8914781E-02  -5.997037    
      880000      140013  1.3394037E-02  -3.646684    
      880000      150014  3.6576530E-03   3.365657    
      880000      160017  7.1142931E-03  -11.58427    
      880000      170018  1.0051922E-02  -9.458851    
      880000      180019  1.2116915E-02  -7.843294    
      880000      190020  1.0033377E-02  -7.946504    
      880000      200021  9.0875877E-03  -9.705117    
      880000      230022  1.9609114E-02  -9.188853    
      880000      240023  1.6888021E-02  -10.10092    
      880000      250024  1.2582461E-02  -12.55351    
      880000      260025  2.0904230E-02  -14.72381    
      880000      270026  2.8312620E-02  -20.29366    
      880000      280027  6.3874580E-02  -16.25139    
      880000      290028  0.1683756      -13.48836    
      880000      300029  3.6343519E-02  -6.657104    
      880000      300031  7.3872551E-02  -13.96028    
      880000      310032  3.4694739E-02  -13.46687    
      880000      570056  2.8812181E-02  -17.96428    
      880000      580057  3.0906284E-02  -16.43271    
      880000      590058  2.7687293E-02  -15.48297    
      880000      600059  2.6604977E-02  -23.52305    
      880000      610060  8.0890529E-02  -14.52942    
      880000      340033  1.7222686E-02  -8.812860    
      880000      350034  1.5993426E-02  -11.08901    
      880000      360035  1.4666160E-02  -15.09115    
      880000      370036  2.9837755E-02  -17.81999    
      880000      380037  2.3630884E-02  -18.49141    
      880000      390038  0.1432349      -16.01518    
      880000      400039  0.1038714      -10.42505    
      880000      400041  2.6018107E-02  -22.88453    
      880000      410042  5.6992296E-02  -12.84872    
      880000      420043  3.7119363E-02  -12.67801    
      880000      630062  3.2839168E-02  -16.82506    
      880000      640063  2.9792773E-02  -16.67402    
      880000      650064  3.1300589E-02  -18.45123    
      880000      660065  3.6767960E-02  -27.86986    
      880000      670066  9.1260172E-02  -5.963234    
      890000       20001  8.2681226E-03  -13.16536    
      890000       30002  1.7469421E-02  -16.70700    
      890000       40003  1.8679990E-02  -16.20562    
      890000       50004  6.9488785E-03  -15.30149    
      890000       60005  9.8316744E-03  -17.36246    
      890000       70006  2.5864491E-02  -18.14344    
      890000       80007  5.5969477E-02  -18.25759    
      890000       90008  3.4755897E-02  -15.78198    
      890000      100009  5.3338613E-02  -11.56633    
      890000      110010  2.8579857E-02  -10.39789    
      890000      120011  2.4922833E-02  -8.632310    
      890000      130012  4.6099748E-02  -6.611184    
      890000      140013  3.2308888E-02  -5.921057    
      890000      150014  2.4861485E-02  -7.337429    
      890000      160015  1.3570759E-02  -6.733143    
      890000      160017  6.2702834E-03  -11.87204    
      890000      170018  2.0609736E-02  -8.601307    
      890000      180019  2.4706077E-02  -7.344100    
      890000      190020  1.8101450E-02  -7.525615    
      890000      200021  1.4555598E-02  -9.219095    
      890000      230022  1.7584210E-02  -8.499022    
      890000      240023  1.4705021E-02  -9.011363    
      890000      250024  1.0215754E-02  -10.72073    
      890000      260025  1.6681887E-02  -13.33602    
      890000      270026  1.9603752E-02  -18.89271    
      890000      280027  3.6263328E-02  -15.54144    
      890000      290028  0.1104457      -13.09236    
      890000      300029  7.4060798E-02  -10.42738    
      890000      310030  4.6666570E-02  -12.73544    
      890000      310032  2.2217738E-02  -12.24826    
      890000      570056  2.6239613E-02  -17.60418    
      890000      580057  2.7850773E-02  -16.04194    
      890000      590058  2.4081733E-02  -14.73444    
      890000      600059  2.3337275E-02  -23.26185    
      890000      610060  8.9609131E-02  -15.07491    
      890000      340033  1.5213360E-02  -7.873803    
      890000      350034  1.3668685E-02  -9.829801    
      890000      360035  1.1657825E-02  -13.40472    
      890000      370036  2.3024362E-02  -16.51277    
      890000      380037  1.2468607E-02  -17.18786    
      890000      390038  8.5410580E-02  -15.54141    
      890000      400039  9.2122532E-02  -10.37796    
      890000      410040  6.7762412E-02  -11.54178    
      890000      420041  1.0459551E-02  -12.71137    
      890000      420043  3.8548939E-02  -11.21208    
      890000      630062  2.9701861E-02  -16.44138    
      890000      640063  2.6655260E-02  -16.16760    
      890000      650064  2.6656274E-02  -17.40893    
      890000      660065  3.6093134E-02  -28.83531    
      890000      670066  0.1203595      -8.353024    
      900000       20001  1.0370472E-02  -13.05113    
      900000       30002  1.8696498E-02  -16.19897    
      900000       40003  1.5809376E-02  -15.95782    
      900000       50004  3.7552337E-03  -16.28736    
      900000       60005  1.4662270E-03  -30.13315    
      900000       60007  4.6922071E-03   1.120943    
      900000       70008  1.8814661E-02  -8.355649    
      900000       80009  1.4735888E-02  -13.45856    
      900000       90010  2.2933988E-02  -15.06787    
      900000      100011  1.0755128E-02  -15.42404    
      900000      110012  5.7149851E-03  -16.66110    
      900000      120013  8.7717548E-03  -14.38503    
      900000      130014  4.8360606E-03  -12.92614    
      900000      140015  3.1582867E-03  -13.30038    
      900000      150016  2.7090097E-03  -12.45055    
      900000      160017  2.2896805E-03  -12.20082    
      900000      170018  2.3703366E-03  -11.01401    
      900000      180019  2.7004534E-03  -8.960013    
      900000      190020  2.3400637E-03  -8.698579    
      900000      200021  2.4921817E-03  -10.40455    
      900000      230022  1.9201217E-02  -11.86379    
      900000      230024  3.2519288E-02  -13.20584    
      900000      240025  7.0011422E-02  -15.10626    
      900000      250026  3.5983264E-02  -18.72773    
      900000      260027  2.3736505E-02  -20.43123    
      900000      270028  3.0352768E-02  -16.78429    
      900000      290028  2.9641837E-03  -45.43871    
      900000      290030  1.0915870E-03   19.20740    
      900000      440045  2.9515715E-02  -19.35843    
      900000      450046  3.5688318E-02  -22.09587    
      900000      460047  2.8621202E-02  -19.27959    
      900000      480049  4.1526994E-03  -12.98191    
      900000      340035  4.5820355E-02  -13.87784    
      900000      350036  6.4587317E-02  -16.68312    
      900000      360037  1.8765014E-02  -18.58877    
      900000      370038  3.9752755E-02  -18.66668    
      900000      390040  9.5920230E-04   40.26248    
      900000      500051  1.7577745E-02  -25.32045    
      900000      510052  4.8832372E-02  -20.15545    
      900000      530054  3.8208333E-03  -14.90117    
      900000      540055  3.3239448E-03  -11.21472    
      910000       20001  1.4815159E-02  -13.49905    
      910000       30002  3.0919535E-02  -16.67496    
      910000       40003  3.1332798E-02  -15.96699    
      910000       50004  1.0417050E-02  -14.89985    
      910000       60005  1.1105572E-02  -16.97369    
      910000       70006  1.5968125E-02  -19.77734    
      910000       80007  1.0124098E-02  -27.67015    
      910000       80009  1.2377685E-02  -13.67069    
      910000       90010  3.5106648E-02  -15.65091    
      910000      100011  1.7319761E-02  -16.02536    
      910000      110012  8.9852158E-03  -17.62270    
      910000      120013  1.3594850E-02  -15.40597    
      910000      130014  7.4074753E-03  -13.97310    
      910000      140015  4.7616423E-03  -14.36097    
      910000      150016  4.0021734E-03  -13.52837    
      910000      160017  3.2982286E-03  -13.28003    
      910000      170018  3.3238688E-03  -12.11008    
      910000      180019  3.7028692E-03  -10.01155    
      910000      190020  3.1335503E-03  -9.645708    
      910000      200021  3.2563307E-03  -11.20689    
      910000      240023  1.0955629E-02  -11.81340    
      910000      240025  6.2914379E-03  -12.06831    
      910000      260025  5.6866640E-03  -11.64896    
      910000      260027  9.3966825E-03  -23.36870    
      910000      270028  3.2821786E-02  -17.01948    
      910000      290028  7.2746486E-03  -30.72483    
      910000      290030  5.6790205E-04   61.39531    
      910000      310032  2.5727265E-03  -10.60161    
      910000      440045  4.4832256E-02  -18.59591    
      910000      450046  4.8062667E-02  -21.83901    
      910000      460047  4.1923285E-02  -19.88920    
      910000      470048  4.8330459E-03  -18.74568    
      910000      480049  5.9334747E-03  -14.08601    
      910000      340033  1.4821362E-02  -9.975873    
      910000      350034  6.4616129E-03  -13.66435    
      910000      350036  5.5786325E-03  -11.16855    
      910000      370036  1.0669291E-02  -16.50425    
      910000      370038  4.1066524E-02  -18.82294    
      910000      400039  5.1800651E-04  -131.0362    
      910000      500051  2.6552139E-02  -23.91111    
      910000      510052  6.9706321E-02  -20.46472    
      910000      530054  5.4734903E-03  -15.99024    
      910000      540055  4.6984144E-03  -12.31883    
      920000       20001  1.2395154E-02  -14.54298    
      920000       30002  2.6718853E-02  -17.89197    
      920000       40003  2.8869011E-02  -17.09616    
      920000       50004  1.0913229E-02  -15.68783    
      920000       60005  1.5166248E-02  -16.73052    
      920000       70006  3.5066631E-02  -16.37207    
      920000       80007  5.6037571E-02  -15.85324    
      920000       90008  7.7095870E-03  -12.35233    
      920000       90010  2.3541562E-02  -18.23164    
      920000      100011  1.4992917E-02  -17.90820    
      920000      110012  1.0640772E-02  -18.23382    
      920000      120013  1.7508410E-02  -15.87817    
      920000      130014  1.0268365E-02  -14.19830    
      920000      140015  6.8584634E-03  -14.66335    
      920000      150016  5.7257563E-03  -13.97586    
      920000      160017  4.6057501E-03  -13.82776    
      920000      170018  4.5142043E-03  -12.75698    
      920000      180019  4.9171345E-03  -10.67572    
      920000      190020  4.0703788E-03  -10.27044    
      920000      200021  4.1420828E-03  -11.75099    
      920000      230022  2.4400005E-02  -10.78400    
      920000      240023  1.8816611E-02  -11.17661    
      920000      250024  7.7209719E-03  -12.23784    
      920000      260025  1.6975841E-02  -13.69864    
      920000      270026  1.0819009E-03   22.76461    
      920000      270028  2.5228731E-02  -16.75850    
      920000      290028  1.6006885E-02  -23.22598    
      920000      300029  2.2916868E-03  -31.66154    
      920000      310032  3.2032991E-03  -11.52358    
      920000      450044  1.3829234E-02  -17.58354    
      920000      450046  3.7385952E-02  -22.31160    
      920000      460047  5.8079533E-02  -21.40311    
      920000      470048  6.9738775E-03  -20.20972    
      920000      480049  8.2368487E-03  -15.09765    
      920000      340033  1.9937117E-02  -9.967719    
      920000      350034  1.6394580E-02  -12.02945    
      920000      360035  8.6821672E-03  -15.44788    
      920000      370038  3.3058103E-02  -18.83154    
      920000      400039  5.5894866E-03  -24.44577    
      920000      420043  5.3166929E-03  -10.85419    
      920000      510050  9.8852944E-03  -20.22678    
      920000      510052  8.2279660E-02  -22.08102    
      920000      530054  7.6437718E-03  -17.28780    
      920000      540055  6.4320713E-03  -13.06861    
      930000       20001  1.0736884E-02  -13.65037    
      930000       30002  2.3039997E-02  -17.23250    
      930000       40003  2.5019441E-02  -16.74928    
      930000       50004  9.6514141E-03  -15.96726    
      930000       60005  1.4473142E-02  -18.17435    
      930000       70006  4.0125024E-02  -18.94698    
      930000       80007  8.9559704E-02  -19.13078    
      930000       90008  5.5653900E-02  -16.81700    
      930000      100009  7.6555140E-02  -11.85883    
      930000      110010  2.8399913E-02  -7.790274    
      930000      110012  2.1596074E-02  -18.12689    
      930000      120013  5.6779154E-02  -14.80824    
      930000      130014  3.7965812E-02  -12.66097    
      930000      140015  2.3991572E-02  -13.61711    
      930000      150016  1.7588131E-02  -13.55599    
      930000      160017  1.2184464E-02  -13.94780    
      930000      170018  1.0350372E-02  -13.52527    
      930000      180019  1.0106536E-02  -11.71259    
      930000      190020  7.5281570E-03  -11.35208    
      930000      200021  6.9141332E-03  -12.73886    
      930000      230022  2.1059329E-02  -8.844664    
      930000      240023  1.6653216E-02  -9.178138    
      930000      250024  8.4044328E-03  -11.24401    
      930000      260025  1.6275259E-02  -12.86287    
      930000      270026  8.0662565E-03  -21.66494    
      930000      270028  1.8995710E-03   67.48965    
      930000      290028  4.7459081E-02  -20.13235    
      930000      300029  2.3112010E-02  -18.48852    
      930000      310030  1.2316601E-02  -23.71105    
      930000      450044  1.5726533E-02  -17.97388    
      930000      460045  3.8460154E-02  -22.26469    
      930000      470046  1.1198651E-02  -16.17931    
      930000      470048  7.1244463E-03  -19.90312    
      930000      480049  1.6036611E-02  -14.77311    
      930000      340033  1.7526928E-02  -8.060030    
      930000      350034  1.4811364E-02  -10.05191    
      930000      360035  9.5070796E-03  -14.35077    
      930000      370036  2.1407615E-02  -16.06808    
      930000      370038  1.4872668E-02  -10.18284    
      930000      390038  3.4890104E-02  -22.88079    
      930000      400039  3.3241592E-02  -18.04656    
      930000      410040  1.9019118E-02  -19.97904    
      930000      420041  4.6157720E-03  -27.18016    
      930000      420043  7.7399542E-03  -9.940711    
      930000      520051  4.2558521E-02  -19.91734    
      930000      530054  1.1432984E-02  -16.56750    
      930000      540055  1.4248325E-02  -13.51594    
      680000      230022  2.1430072E-03   3.273066    
      680000      230024  7.0751403E-03  -14.73412    
      680000      240025  1.4005306E-02  -13.93865    
      680000      260027  4.5945952E-03  -18.89333    
      680000      270028  1.0552634E-02  -12.03287    
      680000      290028  5.8050635E-03  -23.72602    
      680000      300029  1.5029801E-03  -31.24299    
      680000      440045  4.4493820E-03  -18.02047    
      680000      480049  2.1067043E-03  -9.405362    
      680000      570056  1.0936316E-03  -10.44332    
      680000      570058  1.7785693E-02  -8.931593    
      680000      580059  2.1756828E-02  -7.004188    
      680000      590060  1.5033639E-02  -14.33602    
      680000      600061  1.2753172E-02  -21.50756    
      680000      330034  4.3818862E-03  -17.81514    
      680000      340035  8.7163234E-03  -14.15937    
      680000      350036  1.1956410E-02  -15.34685    
      680000      370036  4.2607856E-04   22.26515    
      680000      370038  1.4511054E-02  -14.81501    
      680000      400039  2.6160171E-03  -26.76539    
      680000      410040  1.3085820E-03  -31.51803    
      680000      530054  1.7660261E-03  -10.36665    
      680000      540055  1.8456522E-03  -8.585451    
      680000      620063  8.8533014E-03  -8.841185    
      680000      630064  2.0271365E-02  -9.227701    
      680000      640065  2.3619460E-02  -9.424426    
      680000      650066  6.8371776E-03  -26.56269    
      790000       20001  5.3344537E-03  -13.14662    
      790000       30002  9.8345391E-03  -16.27431    
      790000       40003  8.9044590E-03  -15.75137    
      790000       50004  2.5046403E-03  -14.88299    
      790000       60005  2.0510165E-03  -17.44185    
      790000       70006  1.8115869E-03  -23.14371    
      790000       80009  4.3583047E-03  -16.64489    
      790000       90010  1.0350992E-02  -16.39401    
      790000      100011  5.3800177E-03  -16.23607    
      790000      110012  3.4807781E-03  -16.00449    
      790000      120013  5.6740055E-03  -13.49144    
      790000      130014  3.3077719E-03  -11.77818    
      790000      140015  2.2591527E-03  -12.14496    
      790000      150016  1.9892596E-03  -11.37115    
      790000      160017  1.7163579E-03  -11.21804    
      790000      170018  1.8090373E-03  -10.15331    
      790000      180019  2.0891260E-03  -8.249276    
      790000      190020  1.8250883E-03  -8.125925    
      790000      200021  1.9384036E-03  -9.917863    
      790000      440045  2.9258143E-02  -18.54534    
      790000      450046  3.6532309E-02  -22.74597    
      790000      460047  2.6803037E-02  -19.59721    
      790000      470048  3.3103246E-03  -18.03685    
      790000      480049  3.7403875E-03  -13.10334    
      790000      560057  0.1129300      -16.25756    
      790000      570058  5.4088954E-02  -13.74532    
      790000      580059  2.1331819E-02  -10.98577    
      790000      590060  1.2336013E-02  -20.70490    
      790000      600061  2.0758577E-02  -25.16636    
      790000      500051  1.8753624E-02  -24.84509    
      790000      510052  4.6448492E-02  -20.63658    
      790000      530054  3.7500097E-03  -15.33448    
      790000      540055  2.7043275E-03  -10.72306    
      790000      620063  9.5109828E-02  -15.25862    
      790000      630064  3.7672549E-02  -12.76495    
      790000      640065  1.7777244E-02  -13.90754    
      790000      650066  9.9649457E-03  -35.82928    
      790000      660067  2.5035826E-02  -18.02260    
      800000       20001  6.6613001E-03  -12.63552    
      800000       30002  1.3126644E-02  -15.69652    
      800000       40003  1.2876023E-02  -14.88394    
      800000       50004  4.1466346E-03  -13.42483    
      800000       60005  4.5191566E-03  -14.47592    
      800000       70006  8.0775768E-03  -14.37424    
      800000       80007  1.0600617E-02  -13.18433    
      800000       90008  5.2497788E-05   328.1862    
      800000       90010  7.5319726E-03  -17.92920    
      800000      100011  4.4622109E-03  -17.00904    
      800000      110012  3.3092964E-03  -15.65776    
      800000      120013  5.5718147E-03  -12.98771    
      800000      130014  3.3488912E-03  -11.09726    
      800000      140015  2.3366679E-03  -11.44528    
      800000      150016  2.0769404E-03  -10.69173    
      800000      160017  1.8013011E-03  -10.55691    
      800000      170018  1.9084350E-03  -9.556449    
      800000      180019  2.2173501E-03  -7.737305    
      800000      190020  1.9412331E-03  -7.657531    
      800000      200021  2.0453609E-03  -9.418241    
      800000      440045  4.2186830E-02  -17.92802    
      800000      450046  4.9201038E-02  -22.80507    
      800000      460047  3.4740042E-02  -19.65638    
      800000      470048  4.5645791E-03  -18.09245    
      800000      480049  4.7402424E-03  -13.34485    
      800000      560057  5.2536130E-02  -18.24712    
      800000      570058  2.6373057E-02  -15.74437    
      800000      590060  1.0156565E-02  -22.47654    
      800000      600061  2.3638144E-02  -24.95746    
      800000      500051  2.7562328E-02  -24.07927    
      800000      510052  6.0105767E-02  -20.77567    
      800000      530054  5.0945631E-03  -15.62790    
      800000      540055  3.0915905E-03  -10.53824    
      800000      620063  4.6225857E-02  -17.60648    
      800000      630064  2.0166097E-02  -13.81208    
      800000      640065  1.1923161E-02  -15.72420    
      800000      650066  1.1055463E-02  -36.77200    
      800000      660067  2.8238028E-02  -17.68025    
      810000       20001  7.2756079E-03  -12.54190    
      810000       30002  1.5008524E-02  -15.75001    
      810000       40003  1.5473730E-02  -14.94952    
      810000       50004  5.3682672E-03  -13.49153    
      810000       60005  6.5948106E-03  -14.55201    
      810000       70006  1.3849543E-02  -14.47295    
      810000       80007  2.2036698E-02  -14.12550    
      810000       90008  4.9820230E-03  -12.00926    
      810000       90010  3.2375737E-03  -22.01698    
      810000      100011  2.7520647E-03  -18.50510    
      810000      110012  2.5768464E-03  -15.65552    
      810000      120013  4.5350129E-03  -12.87274    
      810000      130014  2.8510976E-03  -10.80948    
      810000      140015  2.0666518E-03  -11.16273    
      810000      150016  1.8918361E-03  -10.38772    
      810000      160017  1.6892343E-03  -10.21361    
      810000      170018  1.8495566E-03  -9.284145    
      810000      180019  2.2196013E-03  -7.644050    
      810000      190020  1.9917572E-03  -7.667205    
      810000      200021  2.1058160E-03  -9.358929    
      810000      440045  3.7176646E-02  -18.03280    
      810000      450046  6.2224604E-02  -24.54157    
      810000      460047  4.4770591E-02  -20.87737    
      810000      470048  6.8002297E-03  -18.98933    
      810000      480049  6.4056148E-03  -14.62082    
      810000      570056  1.2609477E-02  -17.29814    
      810000      580057  1.2756055E-02  -15.28340    
      810000      590058  3.7041204E-03  -15.56895    
      810000      590060  5.4687024E-03  -26.89909    
      810000      600061  2.3938352E-02  -25.61427    
      810000      500051  3.0871531E-02  -24.98276    
      810000      510052  7.3788911E-02  -22.49886    
      810000      530054  7.5464938E-03  -16.83162    
      810000      540055  3.5403944E-03  -11.24139    
      810000      630062  1.5511501E-02  -15.32328    
      810000      640063  6.7467270E-03  -17.46558    
      810000      640065  1.9834749E-03  -26.41416    
      810000      650066  1.0858913E-02  -38.59629    
      810000      660067  2.8222058E-02  -18.21591    
      820000       20001  7.2136237E-03  -12.23972    
      820000       30002  1.5025515E-02  -15.55107    
      820000       40003  1.5699986E-02  -14.83149    
      820000       50004  5.5658822E-03  -13.51376    
      820000       60005  7.1114372E-03  -14.86895    
      820000       70006  1.5874343E-02  -15.22444    
      820000       80007  2.7493717E-02  -15.54088    
      820000       90008  9.2066322E-03  -15.75605    
      820000      100009  4.0022475E-03  -13.97472    
      820000      120011  1.0805063E-04  -5.409081    
      820000      120013  2.9644074E-05  -30.21497    
      820000      130014  2.4929462E-04  -5.549430    
      820000      140015  4.1289447E-04  -7.703504    
      820000      150016  6.4308365E-04  -7.501606    
      820000      160017  8.4729289E-04  -7.853078    
      820000      170018  1.2533362E-03  -7.977932    
      820000      180019  1.8518714E-03  -7.542965    
      820000      190020  1.9040838E-03  -8.154819    
      820000      200021  2.0955664E-03  -9.757939    
      820000      450046  2.4695659E-02  -34.92197    
      820000      460047  5.1294744E-02  -22.75615    
      820000      470048  1.3572896E-02  -19.79426    
      820000      480049  1.1384856E-02  -16.60629    
      820000      570056  2.3582088E-02  -17.68953    
      820000      580057  2.2619070E-02  -15.73167    
      820000      590058  1.2528914E-02  -15.24402    
      820000      600059  1.9138604E-03  -18.12837    
      820000      600061  1.1332111E-02  -27.92431    
      820000      630062  2.6988937E-02  -16.28097    
      820000      640063  1.7123161E-02  -16.45128    
      820000      650064  8.0488902E-03  -17.47148    
      820000      650066  4.9802526E-03  -42.10830    
      820000      660067  1.2592976E-02  -20.74639    
      830000       20001  7.5301169E-03  -12.72937    
      830000       30002  1.5810091E-02  -16.17558    
      830000       40003  1.6730390E-02  -15.59035    
      830000       50004  6.0819695E-03  -14.52909    
      830000       60005  8.1977705E-03  -16.37283    
      830000       70006  2.0020857E-02  -17.20770    
      830000       80007  3.9433010E-02  -17.77896    
      830000       90008  1.9839525E-02  -16.96780    
      830000      100009  2.4192125E-02  -13.67555    
      830000      110010  1.1925448E-02  -12.44827    
      830000      120011  8.8004535E-03  -10.59026    
      830000      130012  1.4914457E-02  -8.257641    
      830000      140013  8.4338915E-03  -7.076728    
      830000      150014  4.8982385E-03  -8.056454    
      830000      160015  2.9122792E-03  -8.685111    
      830000      170016  9.6286542E-04  -13.32550    
      830000      180019  2.6421188E-03  -6.931272    
      830000      190020  3.4396697E-03  -8.276546    
      830000      200021  3.6980598E-03  -9.931502    
      830000      450044  3.1698395E-02  -26.53300    
      830000      460045  0.1973872      -14.28976    
      830000      460047  6.0538564E-02  -22.36166    
      830000      470048  5.4931410E-02  -16.70692    
      830000      480049  4.2833537E-02  -14.75157    
      830000      570056  2.4670461E-02  -17.55405    
      830000      580057  2.5447173E-02  -15.95094    
      830000      590058  1.9618703E-02  -15.39529    
      830000      600059  1.3331241E-02  -24.03066    
      830000      610060  3.0233247E-02  -15.52149    
      830000      510050  4.4357810E-02  -29.52454    
      830000      520051  0.1694089      -9.952021    
      830000      530054  6.2462438E-02  -15.75065    
      830000      540055  1.2894290E-02  -12.57263    
      830000      630062  2.8103616E-02  -16.31487    
      830000      640063  2.2816667E-02  -16.46918    
      830000      650064  1.9214729E-02  -18.54836    
      830000      660065  1.2879141E-02  -28.70084    
      830000      670066  3.9127272E-02  -8.521073    
      840000       20001  7.7381507E-03  -13.16271    
      840000       30002  1.6311053E-02  -16.67239    
      840000       40003  1.7375525E-02  -16.14327    
      840000       50004  6.4046066E-03  -15.18323    
      840000       60005  8.8938083E-03  -17.17438    
      840000       70006  2.2786835E-02  -17.99453    
      840000       80007  4.7777191E-02  -18.27809    
      840000       90008  2.7780049E-02  -16.29050    
      840000      100009  3.9912101E-02  -12.22447    
      840000      110010  2.0642566E-02  -10.98190    
      840000      120011  1.6311325E-02  -9.121481    
      840000      130012  2.8573910E-02  -6.885142    
      840000      140013  1.7861426E-02  -5.936089    
      840000      150014  1.3101915E-02  -7.402639    
      840000      160015  1.1900228E-02  -7.892211    
      840000      170016  9.7446358E-03  -9.182483    
      840000      180017  7.0701581E-03  -9.014658    
      840000      190018  2.1796648E-03  -5.138801    
      840000      190020  3.1873609E-03  -9.400024    
      840000      200021  4.7813994E-03  -9.699999    
      840000      450044  1.6295139E-02  -23.88675    
      840000      460045  0.1537640      -13.51611    
      840000      470046  0.1007229      -8.625937    
      840000      470048  2.2593755E-02  -17.33693    
      840000      480049  4.6062063E-02  -14.34828    
      840000      570056  2.4770863E-02  -17.69522    
      840000      580057  2.5951279E-02  -16.12858    
      840000      590058  2.1667421E-02  -15.00190    
      840000      600059  1.9008173E-02  -23.43775    
      840000      610060  6.2724575E-02  -15.48650    
      840000      510050  2.2871869E-02  -28.05564    
      840000      520051  0.2106417      -11.00637    
      840000      530054  5.5071730E-02  -14.71893    
      840000      540055  1.5036771E-02  -14.31776    
      840000      630062  2.8011473E-02  -16.51960    
      840000      640063  2.4368659E-02  -16.34409    
      840000      650064  2.3202090E-02  -17.76427    
      840000      660065  2.5943123E-02  -29.03249    
      840000      670066  8.1660248E-02  -8.548790    
      850000       20001  7.5545744E-03  -13.28195    
      850000       30002  1.5934892E-02  -16.81627    
      850000       40003  1.7001204E-02  -16.31041    
      850000       50004  6.2875208E-03  -15.39118    
      850000       60005  8.7977368E-03  -17.44239    
      850000       70006  2.2828519E-02  -18.27588    
      850000       80007  4.8660386E-02  -18.49518    
      850000       90008  2.9298563E-02  -16.27416    
      850000      100009  4.3538690E-02  -12.14413    
      850000      110010  2.2755263E-02  -10.93602    
      850000      120011  1.8511707E-02  -9.073530    
      850000      130012  3.3356611E-02  -6.868695    
      850000      140013  2.3254916E-02  -5.924670    
      850000      150014  2.1701138E-02  -7.130229    
      850000      160015  2.7286919E-02  -6.801647    
      850000      170016  3.3210322E-02  -7.251357    
      850000      180017  4.0857613E-02  -6.391906    
      850000      190018  3.8908437E-02  -4.985269    
      850000      200019  1.4951322E-02  -6.154317    
      850000      210020  2.4190680E-04  -100.4926    
      850000      450044  1.1289770E-02  -21.61526    
      850000      460045  9.2394866E-02  -13.48114    
      850000      470046  0.1039592      -10.24887    
      850000      480047  3.0291827E-02  -9.244982    
      850000      490048  4.9807202E-02  -4.059711    
      850000      570056  2.3871804E-02  -17.73746    
      850000      580057  2.5066866E-02  -16.19027    
      850000      590058  2.1196524E-02  -14.93830    
      850000      600059  1.9509075E-02  -23.52534    
      850000      610060  6.9278546E-02  -15.82308    
      850000      510050  1.3815082E-02  -26.70943    
      850000      520051  0.1449766      -11.22325    
      850000      540053  4.7719698E-02  -6.078557    
      850000      550054  3.3703823E-02  -2.581672    
      850000      630062  2.6925907E-02  -16.57672    
      850000      640063  2.3758903E-02  -16.34366    
      850000      650064  2.3039736E-02  -17.63346    
      850000      660065  2.8237706E-02  -29.47930    
      850000      670066  9.1807358E-02  -9.003594    
      690000      230022  4.8227762E-03  -3.147318    
      690000      230024  5.7137790E-03  -16.43498    
      690000      240025  1.4192278E-02  -14.13468    
      690000      250026  3.3244090E-03  -25.90037    
      690000      260027  4.8668035E-03  -19.27293    
      690000      270028  1.2728142E-02  -12.17470    
      690000      290028  7.4987723E-03  -24.08914    
      690000      300029  1.9878114E-03  -31.30360    
      690000      440045  5.0712954E-03  -18.51172    
      690000      480049  2.6909257E-03  -10.00136    
      690000      570056  1.0788137E-02  -14.21266    
      690000      570058  1.5270328E-02  -7.042282    
      690000      580059  2.6396627E-02  -6.596559    
      690000      590060  2.0134525E-02  -14.17924    
      690000      330034  2.5890712E-03  -25.46195    
      690000      340035  7.8168046E-03  -14.91553    
      690000      350036  1.2073390E-02  -15.46308    
      690000      370038  1.7529991E-02  -15.05440    
      690000      400039  3.4424167E-03  -26.94360    
      690000      530054  2.2378622E-03  -10.79975    
      690000      540055  2.3658357E-03  -9.298021    
      690000      620063  1.6371290E-03   18.36066    
      690000      630064  2.0784099E-02  -8.443046    
      690000      640065  3.1125613E-02  -9.473417    
      690000      650066  8.8481801E-03  -25.79879    
      700000      230022  8.8804122E-03  -6.883306    
      700000      230024  2.5050652E-03  -22.77331    
      700000      240025  1.2692229E-02  -14.38888    
      700000      250026  1.0837131E-03  -49.73042    
      700000      260027  4.7146035E-03  -20.02400    
      700000      270028  1.5460116E-02  -12.68349    
      700000      290028  1.0096665E-02  -25.04656    
      700000      300029  2.7721282E-03  -31.88207    
      700000      440045  5.3624581E-03  -19.83415    
      700000      480049  3.6386694E-03  -11.52404    
      700000      570056  2.8038722E-02  -15.99415    
      700000      570058  3.4334525E-03   27.29432    
      700000      580059  2.9322203E-02  -5.642859    
      700000      590060  2.7960977E-02  -14.24053    
      700000      600061  2.1748707E-02  -22.38103    
      700000      340033  8.8291039E-04   33.40604    
      700000      340035  5.0954218E-03  -16.39284    
      700000      350036  1.0642170E-02  -15.53443    
      700000      370036  4.4558840E-03  -12.64341    
      700000      370038  2.1368111E-02  -15.73650    
      700000      400039  4.7581848E-03  -27.68756    
      700000      420043  2.7619137E-03  -7.226184    
      700000      530054  2.9762124E-03  -12.01019    
      700000      540055  3.2214143E-03  -11.01800    
      700000      630062  1.4994058E-02  -20.41500    
      700000      630064  1.3998712E-02  -3.880663    
      700000      640065  4.1626848E-02  -9.949833    
      700000      650066  1.1798688E-02  -24.53242    
      700000      660067  2.7745316E-02  -17.37654    
      710000      230022  1.1804396E-02  -7.772050    
      710000      240023  9.6131797E-04   20.85241    
      710000      240025  9.7110160E-03  -15.01558    
      710000      260027  3.6660251E-03  -20.41370    
      710000      270028  1.6141722E-02  -12.06598    
      710000      290028  1.3086260E-02  -25.09536    
      710000      300029  4.0417039E-03  -30.17377    
      710000      440045  3.9846785E-03  -22.02231    
      710000      480049  4.4464613E-03  -12.35728    
      710000      570056  3.7148859E-02  -16.32391    
      710000      580059  2.0689443E-02  -1.937042    
      710000      590060  2.8057797E-02  -12.20726    
      710000      600061  2.2403032E-02  -21.82199    
      710000      340033  4.1412003E-03 -0.6927910    
      710000      340035  1.7409079E-03  -26.15477    
      710000      350036  7.8470018E-03  -15.94401    
      710000      370036  7.1637253E-03  -14.00135    
      710000      370038  2.2841420E-02  -15.60979    
      710000      390038  6.5177954E-03  -32.27855    
      710000      400039  6.6595688E-03  -26.86735    
      710000      410040  3.4131382E-03  -31.45306    
      710000      630062  2.7825868E-02  -18.07072    
      710000      640063  1.0049756E-03  -150.4926    
      710000      640065  4.0074605E-02  -9.231194    
      710000      650066  1.1027835E-02  -19.12094    
      710000      660067  3.1509388E-02  -18.40799    
      720000      230022  1.8862898E-02  -8.734400    
      720000      240023  1.1989811E-02  -8.350600    
      720000      250024  2.2465952E-03  -4.417586    
      720000      260025  1.1163170E-02  -11.46081    
      720000      270026  2.4837614E-03  -22.50220    
      720000      270028  1.0932372E-02  -4.102553    
      720000      290028  2.9478887E-02  -22.89682    
      720000      300029  1.2995119E-02  -22.94007    
      720000      310030  7.6184394E-03  -28.76328    
      720000      450044  5.1793773E-03  -12.98507    
      720000      480049  7.5658597E-03  -14.03001    
      720000      570056  4.6640147E-02  -17.54405    
      720000      580057  4.9528938E-02  -16.47858    
      720000      590058  2.5085988E-02  -18.89004    
      720000      600059  6.9284867E-03  -70.54899    
      720000      340033  1.3754953E-02  -7.364434    
      720000      350034  9.6538505E-03  -8.960866    
      720000      370036  1.6113343E-02  -15.50149    
      720000      370038  2.0721842E-02  -13.31605    
      720000      390038  1.9806324E-02  -26.38719    
      720000      400039  1.9045325E-02  -21.85895    
      720000      410040  1.1173617E-02  -24.34671    
      720000      530054  4.1395430E-03  -12.65338    
      720000      540055  8.1213042E-03  -14.10548    
      720000      630062  5.1209785E-02  -16.89014    
      720000      640063  4.6475865E-02  -15.90588    
      720000      650064  4.1120881E-03  -59.53192    
      720000      660065  2.1574708E-02  -42.27248    
      720000      660067  6.6827042E-03  -92.67565    
      730000      230022  1.9424714E-02  -8.497705    
      730000      240023  1.4907777E-02  -8.712214    
      730000      250024  7.4609835E-03  -10.33930    
      730000      260025  1.4717847E-02  -12.56542    
      730000      270026  9.3640545E-03  -20.79792    
      730000      290028  5.4925963E-02  -17.78536    
      730000      300029  2.9596968E-02  -15.57712    
      730000      310030  1.9291636E-02  -18.82586    
      730000      450044  1.1288033E-02  -17.66195    
      730000      460045  4.3365076E-02  -17.65747    
      730000      470046  4.0380854E-02  -13.71315    
      730000      480047  3.7474502E-03  -10.37085    
      730000      480049  1.0619092E-02  -13.10717    
      730000      570056  3.4893647E-02  -17.80393    
      730000      580057  3.8686872E-02  -16.30455    
      730000      590058  3.2109465E-02  -15.12784    
      730000      600059  3.5564251E-02  -25.21032    
      730000      610060  0.2034011      -12.49463    
      730000      340033  1.5911147E-02  -7.632844    
      730000      350034  1.3158120E-02  -9.522305    
      730000      360035  8.5409330E-03  -13.59464    
      730000      370036  1.9823240E-02  -15.96450    
      730000      370038  8.8497000E-03  -7.552947    
      730000      390038  4.1263916E-02  -20.32000    
      730000      400039  4.0810030E-02  -15.30751    
      730000      410040  2.5994765E-02  -16.94282    
      730000      420041  8.7290462E-03  -19.48932    
      730000      630062  3.9795976E-02  -16.73948    
      730000      640063  3.7959177E-02  -16.14648    
      730000      650064  3.3027861E-02  -17.82363    
      730000      660065  7.5090371E-02  -28.86592    
      730000      670066  0.1743442      -3.850739    
      740000      230022  1.8784748E-02  -8.389080    
      740000      240023  1.4902600E-02  -8.715473    
      740000      250024  8.4660612E-03  -10.50762    
      740000      260025  1.5327505E-02  -12.77963    
      740000      270026  1.2416423E-02  -20.07486    
      740000      290028  6.8749465E-02  -15.86934    
      740000      300029  3.9374195E-02  -13.34025    
      740000      310030  2.6990902E-02  -16.02642    
      740000      310032  1.8891378E-03  0.2131278    
      740000      450044  1.2033776E-02  -18.73443    
      740000      460045  6.6162676E-02  -15.27489    
      740000      470046  7.2008133E-02  -11.68887    
      740000      480047  1.0957830E-02  -9.148939    
      740000      480049  1.1785116E-02  -13.15875    
      740000      570056  3.0875301E-02  -17.61374    
      740000      580057  3.3721801E-02  -16.05384    
      740000      590058  2.9616373E-02  -14.61911    
      740000      600059  3.3065341E-02  -23.58302    
      740000      610060  0.1879628      -12.70394    
      740000      340033  1.5715027E-02  -7.617887    
      740000      350034  1.3397280E-02  -9.540642    
      740000      360035  9.6257906E-03  -13.51364    
      740000      370036  2.0708231E-02  -16.10378    
      740000      370038  2.4074460E-03   10.44551    
      740000      390038  5.2725509E-02  -18.32390    
      740000      400039  5.3075746E-02  -13.19484    
      740000      410040  3.5178401E-02  -14.65718    
      740000      420041  1.2585522E-02  -16.22699    
      740000      520051  0.1026678      -12.83205    
      740000      540053  3.1736896E-03  0.3893630    
      740000      540055  1.9983051E-02  -10.55400    
      740000      630062  3.5185531E-02  -16.47874    
      740000      640063  3.2960251E-02  -16.02966    
      740000      650064  3.3015955E-02  -17.16501    
      740000      660065  6.5560572E-02  -28.03695    
      740000      670066  0.2765591      -6.918056    
      750000      230022  1.8186035E-02  -8.379827    
      750000      240023  1.4720978E-02  -8.765444    
      750000      250024  9.0788854E-03  -10.47182    
      750000      260025  1.5616989E-02  -12.91739    
      750000      270026  1.4743763E-02  -19.32746    
      750000      280027  2.1098159E-02  -18.09640    
      750000      290028  7.9805046E-02  -14.45125    
      750000      300029  4.7899656E-02  -11.75930    
      750000      310030  3.5356298E-02  -13.84615    
      750000      310032  1.1000121E-03   6.977987    
      750000      450044  1.2088742E-02  -19.52995    
      750000      460045  8.2539409E-02  -13.78852    
      750000      470046  9.8321520E-02  -10.41952    
      750000      480047  2.2565648E-02  -8.429248    
      750000      480049  8.5835559E-03  -16.63126    
      750000      570056  2.8366927E-02  -17.57823    
      750000      580057  3.0589189E-02  -16.00324    
      750000      590058  2.6979098E-02  -14.55268    
      750000      600059  2.8472057E-02  -23.13560    
      750000      610060  0.1362353      -13.65870    
      750000      340033  1.5416929E-02  -7.659256    
      750000      350034  1.3397853E-02  -9.577599    
      750000      360035  1.0299414E-02  -13.33688    
      750000      370036  2.1203112E-02  -16.17849    
      750000      380037  2.8136256E-03  -30.44603    
      750000      390038  6.1793402E-02  -16.87697    
      750000      400039  6.3201591E-02  -11.67882    
      750000      410040  4.4008520E-02  -12.97197    
      750000      420041  1.7309887E-02  -13.58000    
      750000      510050  1.3726869E-02  -25.20873    
      750000      520051  0.1326072      -11.45408    
      750000      540053  1.5384736E-02  -5.146953    
      750000      540055  2.6504777E-02  -9.540751    
      750000      630062  3.2249182E-02  -16.41773    
      750000      640063  2.9651336E-02  -16.05499    
      750000      650064  3.0360216E-02  -17.11110    
      750000      660065  5.0710596E-02  -28.11777    
      750000      670066  0.2145691      -7.560212    
      760000      230022  1.7153665E-02  -8.433545    
      760000      240023  1.4220930E-02  -8.877096    
      760000      250024  9.5919091E-03  -10.42295    
      760000      260025  1.5621950E-02  -13.12642    
      760000      270026  1.6990712E-02  -18.69445    
      760000      280027  2.8062837E-02  -15.76581    
      760000      290028  8.9209072E-02  -13.39997    
      760000      300029  6.0508125E-02  -10.54393    
      760000      310030  6.8270400E-02  -10.18584    
      760000      320031  1.3284616E-02  -7.897529    
      760000      450044  1.1476615E-02  -20.39595    
      760000      460045  8.9273006E-02  -12.91839    
      760000      470046  0.1109196      -9.748318    
      760000      480047  4.7854744E-02  -8.890885    
      760000      490048  0.1366662      -5.326896    
      760000      570056  2.5703816E-02  -17.60654    
      760000      580057  2.7245263E-02  -16.04790    
      760000      590058  2.3442965E-02  -14.71257    
      760000      600059  2.2638781E-02  -23.30060    
      760000      610060  8.7940320E-02  -15.17737    
      760000      340033  1.4774192E-02  -7.762759    
      760000      350034  1.3130696E-02  -9.665751    
      760000      360035  1.0858184E-02  -13.16018    
      760000      370036  2.1280831E-02  -16.32135    
      760000      380037  8.5257599E-03  -17.27599    
      760000      390038  6.9207035E-02  -15.83606    
      760000      400039  7.3864512E-02  -10.52298    
      760000      410040  6.6027641E-02  -11.07800    
      760000      420041  4.4099141E-02  -8.843744    
      760000      430042  3.5920681E-03  -12.90441    
      760000      510050  1.3596953E-02  -25.63844    
      760000      520051  0.1446508      -10.66681    
      760000      540053  0.1078711      -6.980029    
      760000      550054  2.4359604E-02   2.058905    
      760000      630062  2.9068707E-02  -16.44466    
      760000      640063  2.6051881E-02  -16.16341    
      760000      650064  2.5856599E-02  -17.36037    
      760000      660065  3.5089020E-02  -29.01180    
      760000      670066  0.1203500      -8.552526    
