         988
      770000      230022  1.6443823E-02  -14.66789    
      770000      240023  1.3894737E-02  -15.82161    
      770000      250024  9.9245366E-03  -18.00619    
      770000      260025  1.5373998E-02  -16.99639    
      770000      270026  1.7558256E-02  -18.34314    
      770000      280027  2.9699994E-02  -17.34550    
      770000      290028  8.8334672E-02  -12.22258    
      770000      300029  6.6279568E-02  -10.99957    
      770000      310030  0.1055096      -11.50449    
      770000      320031  7.5266801E-02  -10.70710    
      770000      450044  1.0820312E-02  -19.34922    
      770000      460045  8.3484858E-02  -14.46503    
      770000      470046  9.9820346E-02  -11.02938    
      770000      480047  3.7544578E-02  -11.18594    
      770000      490048  0.1479948      -10.48231    
      770000      570056  2.4248773E-02  -16.98845    
      770000      580057  2.5534419E-02  -17.95638    
      770000      590058  2.1715689E-02  -18.91408    
      770000      600059  2.0337388E-02  -21.29111    
      770000      610060  7.4573025E-02  -16.26525    
      770000      340033  1.4352740E-02  -15.29568    
      770000      350034  1.2948273E-02  -16.48825    
      770000      360035  1.1137137E-02  -18.18177    
      770000      370036  2.0780245E-02  -16.95047    
      770000      380037  1.0860988E-02  -20.76682    
      770000      390038  6.8410717E-02  -14.73881    
      770000      400039  7.5600401E-02  -10.70801    
      770000      410040  8.4398314E-02  -11.66318    
      770000      420041  8.7172277E-02  -10.97605    
      770000      430042  0.1257705      -10.81120    
      770000      510050  1.2786552E-02  -19.59216    
      770000      520051  0.1336061      -12.80532    
      770000      540053  8.6875454E-02  -10.54614    
      770000      550054  0.3705157      -10.50169    
      770000      630062  2.7362768E-02  -17.51589    
      770000      640063  2.4284227E-02  -18.32491    
      770000      650064  2.3726095E-02  -19.55334    
      770000      660065  3.0159296E-02  -25.69616    
      770000      670066  9.9925436E-02  -9.740417    
      780000      230022  1.5680520E-02  -14.71526    
      780000      240023  1.3575329E-02  -15.83201    
      780000      250024  1.0319488E-02  -17.70927    
      780000      260025  1.4945398E-02  -16.97354    
      780000      270026  1.7566057E-02  -18.14958    
      780000      280027  2.9748507E-02  -17.11383    
      780000      290028  8.2956411E-02  -12.18833    
      780000      300029  6.4930074E-02  -10.99565    
      780000      310030  0.1139709      -11.34179    
      780000      320031  0.1458724      -10.43209    
      780000      450044  1.0106425E-02  -19.44398    
      780000      460045  7.6607563E-02  -14.57122    
      780000      470046  8.9056537E-02  -11.06014    
      780000      480047  2.9145850E-02  -11.17265    
      780000      490048  8.7689742E-02  -10.53437    
      780000      570056  2.2793954E-02  -17.00876    
      780000      580057  2.3919817E-02  -17.98682    
      780000      590058  2.0209009E-02  -18.96192    
      780000      600059  1.8626811E-02  -21.31821    
      780000      610060  6.6444322E-02  -16.40264    
      780000      340033  1.3928776E-02  -15.32900    
      780000      350034  1.2777466E-02  -16.44894    
      780000      360035  1.1407757E-02  -17.90310    
      780000      370036  1.9870017E-02  -16.98791    
      780000      380037  1.2455451E-02  -19.56780    
      780000      390038  6.4457715E-02  -14.70983    
      780000      400039  7.2250739E-02  -10.68981    
      780000      410040  8.7219626E-02  -11.61098    
      780000      420041  0.1031019      -10.77124    
      780000      430042  0.4351835      -10.25219    
      780000      520051  0.1215647      -12.89796    
      780000      540053  6.0159363E-02  -10.56929    
      780000      550054  0.1139451      -10.77543    
      780000      630062  2.5692234E-02  -17.54080    
      780000      640063  2.2678889E-02  -18.36244    
      780000      650064  2.1964267E-02  -19.60374    
      780000      670066  8.8368736E-02  -9.850441    
      860000       20001  1.0254220E-02  -16.02615    
      860000       30002  2.1488637E-02  -19.14880    
      860000       40003  2.2460667E-02  -18.94296    
      860000       50004  7.9551581E-03  -18.80360    
      860000       60005  1.0005903E-02  -19.85782    
      860000       70006  2.1146879E-02  -20.16397    
      860000       80007  3.2728091E-02  -18.83945    
      860000       90008  5.5105533E-03  -14.23856    
      860000       90010  1.0140908E-02  -19.32414    
      860000      100011  7.0486097E-03  -18.16799    
      860000      110012  6.0478575E-03  -16.52252    
      860000      120013  1.0498533E-02  -14.82503    
      860000      130014  6.4579216E-03  -16.10314    
      860000      140015  4.5268340E-03  -16.63681    
      860000      150016  3.9619911E-03  -15.54274    
      860000      160017  3.3518961E-03  -16.07037    
      860000      170018  3.4437245E-03  -15.82188    
      860000      180019  3.8825807E-03  -15.16886    
      860000      190020  3.3083684E-03  -13.88664    
      860000      200021  3.4315763E-03  -14.16506    
      860000      230022  4.0626310E-02  -16.90461    
      860000      240023  3.9911080E-02  -17.81124    
      860000      250024  2.4424607E-02  -19.89003    
      860000      260025  3.2620430E-02  -19.08394    
      860000      260027  1.8984312E-02  -18.60550    
      860000      270028  7.4107878E-02  -19.15922    
      860000      300031  8.4138615E-03  -21.08869    
      860000      310032  3.8148535E-03  -16.24038    
      860000      570056  5.5145442E-02  -19.08602    
      860000      580057  5.3042445E-02  -19.74756    
      860000      590058  5.6017591E-03  -37.51359    
      860000      590060  2.5842374E-02  -22.66551    
      860000      600061  5.1622659E-02  -24.88587    
      860000      340033  3.8221106E-02  -17.37238    
      860000      350034  3.7992377E-02  -18.41328    
      860000      360035  2.4060564E-02  -20.66558    
      860000      370036  2.9568611E-02  -18.11567    
      860000      370038  8.3755098E-02  -18.64368    
      860000      380039  2.5773216E-02  -21.78492    
      860000      400041  9.4113527E-03  -22.23340    
      860000      410042  4.3948111E-03  -19.54246    
      860000      420043  5.2542393E-03  -14.78183    
      860000      630062  6.6414438E-02  -19.40509    
      860000      640063  3.1011036E-02  -21.52400    
      860000      640065  2.2879694E-02  -17.06444    
      860000      650066  2.5636299E-02  -32.66823    
      860000      660067  6.0040150E-02  -18.21634    
      870000       20001  1.0206565E-02  -15.84501    
      870000       30002  2.1487093E-02  -18.97897    
      870000       40003  2.2655344E-02  -18.77429    
      870000       50004  8.1562968E-03  -18.64420    
      870000       60005  1.0592571E-02  -19.74017    
      870000       70006  2.3508770E-02  -20.12595    
      870000       80007  3.8615629E-02  -18.99354    
      870000       90008  8.8289529E-03  -16.27706    
      870000      100011  5.6655854E-03  -17.92718    
      870000      110012  5.7437187E-03  -16.26735    
      870000      120013  1.0291760E-02  -14.64835    
      870000      130014  6.5281638E-03  -16.00976    
      870000      140015  4.6940423E-03  -16.59815    
      870000      150016  4.1854153E-03  -15.54146    
      870000      160017  3.6011743E-03  -16.11364    
      870000      170018  3.7493668E-03  -15.91299    
      870000      180019  4.2622532E-03  -15.29759    
      870000      190020  3.6507472E-03  -14.03753    
      870000      200021  3.7854363E-03  -14.30178    
      870000      230022  3.1899080E-02  -16.82618    
      870000      240023  3.0371407E-02  -18.04046    
      870000      250024  2.2044187E-02  -20.36856    
      870000      260025  3.9800733E-02  -19.43139    
      870000      270026  1.9723244E-02  -22.28641    
      870000      270028  5.0101608E-02  -19.44994    
      870000      290030  2.2242881E-02  -21.11971    
      870000      300031  1.5796587E-02  -21.59676    
      870000      310032  5.2321679E-03  -17.41307    
      870000      570056  4.3074004E-02  -18.82873    
      870000      580057  4.5623362E-02  -19.65617    
      870000      590058  3.5401471E-02  -21.68086    
      870000      600059  7.7146357E-03  -12.93679    
      870000      600061  5.6300376E-02  -24.93646    
      870000      340033  2.9390298E-02  -17.48263    
      870000      350034  2.9531501E-02  -18.74996    
      870000      360035  2.6325379E-02  -20.67945    
      870000      370036  5.2146524E-02  -19.34987    
      870000      370038  4.8523933E-02  -17.92575    
      870000      380039  9.3969991E-03  -30.22506    
      870000      400041  1.8446987E-02  -22.14981    
      870000      410042  7.9392809E-03  -20.48567    
      870000      420043  6.5956037E-03  -15.73366    
      870000      630062  5.0471783E-02  -19.30835    
      870000      640063  4.0711209E-02  -20.36328    
      870000      650064  2.8982911E-02  -22.46231    
      870000      650066  2.3930423E-02  -34.72609    
      870000      660067  6.5497980E-02  -18.29719    
      880000       20001  8.6805820E-03  -15.16071    
      880000       30002  1.8353011E-02  -18.36649    
      880000       40003  1.9606886E-02  -18.24364    
      880000       50004  7.2745723E-03  -18.28179    
      880000       60005  1.0199218E-02  -19.72755    
      880000       70006  2.6293794E-02  -20.51112    
      880000       80007  5.5132583E-02  -19.69004    
      880000       90008  3.1791024E-02  -17.36283    
      880000      100009  4.5136001E-02  -13.36729    
      880000      120011  1.7700570E-02  -10.32434    
      880000      130012  2.8914502E-02  -8.343583    
      880000      140013  1.3394052E-02  -8.476283    
      880000      150014  3.6576374E-03  -3.730683    
      880000      160017  7.1141589E-03  -14.67219    
      880000      170018  1.0051804E-02  -13.80418    
      880000      180019  1.2116782E-02  -13.22005    
      880000      190020  1.0033263E-02  -12.12698    
      880000      200021  9.0874834E-03  -12.65429    
      880000      230022  1.9608695E-02  -14.97799    
      880000      240023  1.6887555E-02  -16.21650    
      880000      250024  1.2582316E-02  -18.57015    
      880000      260025  2.0903664E-02  -17.54991    
      880000      270026  2.8312365E-02  -19.02508    
      880000      280027  6.3874878E-02  -17.82321    
      880000      290028  0.1683753      -12.94186    
      880000      300029  3.6343321E-02  -6.965038    
      880000      300031  7.3872954E-02  -15.30549    
      880000      310032  3.4694564E-02  -13.30378    
      880000      570056  2.8811678E-02  -17.19142    
      880000      580057  3.0905660E-02  -18.10608    
      880000      590058  2.7686520E-02  -19.10995    
      880000      600059  2.6604235E-02  -20.91340    
      880000      610060  8.0889881E-02  -15.97777    
      880000      340033  1.7222235E-02  -15.65635    
      880000      350034  1.5993016E-02  -16.92975    
      880000      360035  1.4665999E-02  -18.72711    
      880000      370036  2.9837133E-02  -17.61761    
      880000      380037  2.3631487E-02  -20.51026    
      880000      390038  0.1432345      -15.43876    
      880000      400039  0.1038710      -10.52647    
      880000      400041  2.6018251E-02  -22.21472    
      880000      410042  5.6992326E-02  -13.85512    
      880000      420043  3.7119217E-02  -12.88162    
      880000      630062  3.2838561E-02  -17.70147    
      880000      640063  2.9792057E-02  -18.48244    
      880000      650064  3.1299900E-02  -19.68408    
      880000      660065  3.6766771E-02  -24.75456    
      880000      670066  9.1256335E-02  -8.664946    
      890000       20001  8.2680723E-03  -15.11972    
      890000       30002  1.7469326E-02  -18.33865    
      890000       40003  1.8679833E-02  -18.22793    
      890000       50004  6.9488082E-03  -18.28476    
      890000       60005  9.8315626E-03  -19.75171    
      890000       70006  2.5864072E-02  -20.51130    
      890000       80007  5.5968482E-02  -19.58817    
      890000       90008  3.4755342E-02  -16.95968    
      890000      100009  5.3337473E-02  -12.84787    
      890000      110010  2.8579190E-02  -12.03308    
      890000      120011  2.4922570E-02  -10.45633    
      890000      130012  4.6099234E-02  -8.974920    
      890000      140013  3.2308746E-02  -10.50446    
      890000      150014  2.4861474E-02  -11.07827    
      890000      160015  1.3570815E-02  -9.532152    
      890000      160017  6.2701441E-03  -15.19590    
      890000      170018  2.0609550E-02  -12.86278    
      890000      180019  2.4705864E-02  -12.41536    
      890000      190020  1.8101279E-02  -11.46221    
      890000      200021  1.4555451E-02  -12.04614    
      890000      230022  1.7583774E-02  -14.69852    
      890000      240023  1.4704513E-02  -15.86664    
      890000      250024  1.0215516E-02  -18.21037    
      890000      260025  1.6681297E-02  -17.05305    
      890000      270026  1.9603493E-02  -18.42283    
      890000      280027  3.6263600E-02  -17.26619    
      890000      290028  0.1104454      -12.20536    
      890000      300029  7.4060634E-02  -10.95603    
      890000      310030  4.6666067E-02  -12.26086    
      890000      310032  2.2217574E-02  -12.37025    
      890000      570056  2.6239134E-02  -17.04019    
      890000      580057  2.7850188E-02  -17.98736    
      890000      590058  2.4080997E-02  -18.92353    
      890000      600059  2.3336628E-02  -21.30207    
      890000      610060  8.9608602E-02  -16.16492    
      890000      340033  1.5212872E-02  -15.32966    
      890000      350034  1.3668225E-02  -16.55809    
      890000      360035  1.1657586E-02  -18.36232    
      890000      370036  2.3023738E-02  -16.99036    
      890000      380037  1.2469120E-02  -20.82677    
      890000      390038  8.5410208E-02  -14.68483    
      890000      400039  9.2122160E-02  -10.69764    
      890000      410040  6.7762092E-02  -11.64615    
      890000      420041  1.0459348E-02  -12.29296    
      890000      420043  3.8548749E-02  -11.92144    
      890000      630062  2.9701291E-02  -17.55803    
      890000      640063  2.6654581E-02  -18.34842    
      890000      650064  2.6655555E-02  -19.55123    
      890000      660065  3.6092129E-02  -25.57143    
      890000      670066  0.1203561      -9.705100    
      900000       20001  1.0370385E-02  -16.96885    
      900000       30002  1.8696317E-02  -20.43851    
      900000       40003  1.5809149E-02  -21.05700    
      900000       50004  3.7551436E-03  -22.77053    
      900000       60005  1.4660524E-03  -34.63294    
      900000       60007  4.6923049E-03  -9.739222    
      900000       70008  1.8815113E-02  -15.71526    
      900000       80009  1.4735926E-02  -17.54924    
      900000       90010  2.2933528E-02  -16.66298    
      900000      100011  1.0754847E-02  -16.67879    
      900000      110012  5.7148300E-03  -15.84733    
      900000      120013  8.7714987E-03  -14.08802    
      900000      130014  4.8359483E-03  -15.28117    
      900000      140015  3.1582238E-03  -15.79632    
      900000      150016  2.7089582E-03  -14.70579    
      900000      160017  2.2896405E-03  -15.23749    
      900000      170018  2.3703019E-03  -14.97322    
      900000      180019  2.7004147E-03  -14.30787    
      900000      190020  2.3400285E-03  -13.04651    
      900000      200021  2.4921452E-03  -13.39955    
      900000      230022  1.9201005E-02  -14.19261    
      900000      230024  3.2519437E-02  -16.10301    
      900000      240025  7.0011005E-02  -15.90169    
      900000      250026  3.5983469E-02  -16.33958    
      900000      260027  2.3736300E-02  -17.75699    
      900000      270028  3.0352063E-02  -17.56450    
      900000      290028  2.9631080E-03  0.7886539    
      900000      290030  1.0914473E-03  -40.96259    
      900000      440045  2.9515639E-02  -18.51394    
      900000      450046  3.5687990E-02  -20.99413    
      900000      460047  2.8620869E-02  -17.58920    
      900000      480049  4.1526360E-03  -14.90503    
      900000      340035  4.5820352E-02  -15.85874    
      900000      350036  6.4587004E-02  -15.92023    
      900000      360037  1.8765369E-02  -17.80936    
      900000      370038  3.9751943E-02  -17.25749    
      900000      390040  9.5879222E-04  -56.14346    
      900000      500051  1.7577684E-02  -20.59938    
      900000      510052  4.8831634E-02  -19.71479    
      900000      530054  3.8207828E-03  -15.29798    
      900000      540055  3.3238926E-03  -14.92102    
      910000       20001  1.4815050E-02  -16.39876    
      910000       30002  3.0919280E-02  -19.54423    
      910000       40003  3.1332407E-02  -19.43864    
      910000       50004  1.0416863E-02  -19.48846    
      910000       60005  1.1105252E-02  -20.87351    
      910000       70006  1.5967106E-02  -21.88322    
      910000       80007  1.0121852E-02  -21.21171    
      910000       80009  1.2377818E-02  -19.98152    
      910000       90010  3.5105824E-02  -17.62191    
      910000      100011  1.7319266E-02  -17.54034    
      910000      110012  8.9849466E-03  -16.76784    
      910000      120013  1.3594417E-02  -15.01010    
      910000      130014  7.4072843E-03  -16.19557    
      910000      140015  4.7615366E-03  -16.70554    
      910000      150016  4.0020887E-03  -15.59358    
      910000      160017  3.2981641E-03  -16.08555    
      910000      170018  3.3238144E-03  -15.78793    
      910000      180019  3.7028105E-03  -15.08445    
      910000      190020  3.1334988E-03  -13.75491    
      910000      200021  3.2562786E-03  -14.00905    
      910000      240023  1.0955209E-02  -17.20670    
      910000      240025  6.2913978E-03  -11.42839    
      910000      260025  5.6860968E-03  -20.28342    
      910000      260027  9.3965558E-03  -17.66007    
      910000      270028  3.2820892E-02  -17.89440    
      910000      290028  7.2738929E-03  -7.635853    
      910000      290030  5.6765572E-04  -82.29964    
      910000      310032  2.5726738E-03  -14.93409    
      910000      440045  4.4832166E-02  -19.04621    
      910000      450046  4.8062164E-02  -21.91853    
      910000      460047  4.1922711E-02  -18.40594    
      910000      470048  4.8329723E-03  -16.98665    
      910000      480049  5.9333709E-03  -15.70685    
      910000      340033  1.4820936E-02  -16.13345    
      910000      350034  6.4613307E-03  -19.73652    
      910000      350036  5.5786455E-03  -9.645342    
      910000      370036  1.0668643E-02  -16.75887    
      910000      370038  4.1065533E-02  -17.46352    
      910000      400039  5.1699474E-04   87.75019    
      910000      500051  2.6552092E-02  -21.21270    
      910000      510052  6.9705166E-02  -20.56624    
      910000      530054  5.4734047E-03  -16.07156    
      910000      540055  4.6983315E-03  -15.73378    
      920000       20001  1.2395046E-02  -16.08118    
      920000       30002  2.6718581E-02  -19.25198    
      920000       40003  2.8868586E-02  -19.05919    
      920000       50004  1.0913018E-02  -18.96774    
      920000       60005  1.5165878E-02  -20.11535    
      920000       70006  3.5065532E-02  -20.46988    
      920000       80007  5.6035530E-02  -19.16297    
      920000       90008  7.7092284E-03  -13.10599    
      920000       90010  2.3540860E-02  -19.46138    
      920000      100011  1.4992393E-02  -18.75405    
      920000      110012  1.0640415E-02  -17.57697    
      920000      120013  1.7507795E-02  -15.86333    
      920000      130014  1.0268061E-02  -17.09690    
      920000      140015  6.8582790E-03  -17.61041    
      920000      150016  5.7256073E-03  -16.47886    
      920000      160017  4.6056388E-03  -16.93147    
      920000      170018  4.5141103E-03  -16.60192    
      920000      180019  4.9170377E-03  -15.86262    
      920000      190020  4.0702983E-03  -14.47191    
      920000      200021  4.1420045E-03  -14.63873    
      920000      230022  2.4399569E-02  -16.12716    
      920000      240023  1.8816117E-02  -17.48256    
      920000      250024  7.7210409E-03  -22.19380    
      920000      260025  1.6975138E-02  -18.79977    
      920000      270026  1.0809775E-03  -34.87003    
      920000      270028  2.5227947E-02  -17.48243    
      920000      290028  1.6006153E-02  -12.46419    
      920000      300029  2.2915413E-03   3.472977    
      920000      310032  3.2032400E-03  -15.37566    
      920000      450044  1.3828489E-02  -20.69075    
      920000      450046  3.7385762E-02  -24.51592    
      920000      460047  5.8078811E-02  -19.50169    
      920000      470048  6.9737737E-03  -17.79345    
      920000      480049  8.2366895E-03  -16.49566    
      920000      340033  1.9936631E-02  -16.79602    
      920000      350034  1.6394187E-02  -18.42328    
      920000      360035  8.6822286E-03  -22.50092    
      920000      370038  3.3057220E-02  -17.06568    
      920000      400039  5.5891383E-03  -4.591712    
      920000      420043  5.3165900E-03  -14.34505    
      920000      510050  9.8846648E-03  -18.10728    
      920000      510052  8.2278423E-02  -21.96930    
      920000      530054  7.6436503E-03  -16.83780    
      920000      540055  6.4319340E-03  -16.53737    
      930000       20001  1.0736804E-02  -15.12765    
      930000       30002  2.3039835E-02  -18.34841    
      930000       40003  2.5019191E-02  -18.23528    
      930000       50004  9.6512996E-03  -18.31102    
      930000       60005  1.4472951E-02  -19.82750    
      930000       70006  4.0124312E-02  -20.64060    
      930000       80007  8.9558102E-02  -19.85840    
      930000       90008  5.5653263E-02  -17.67636    
      930000      100009  7.6554030E-02  -13.97142    
      930000      110010  2.8398974E-02  -12.87809    
      930000      110012  2.1595726E-02  -15.88846    
      930000      120013  5.6778252E-02  -14.01111    
      930000      130014  3.7965350E-02  -15.62801    
      930000      140015  2.3991289E-02  -16.71479    
      930000      150016  1.7587906E-02  -16.02620    
      930000      160017  1.2184302E-02  -16.80760    
      930000      170018  1.0350243E-02  -16.81707    
      930000      180019  1.0106411E-02  -16.30149    
      930000      190020  7.5280573E-03  -15.03844    
      930000      200021  6.9140401E-03  -15.22654    
      930000      230022  2.1058772E-02  -14.78412    
      930000      240023  1.6652603E-02  -16.08891    
      930000      250024  8.4043341E-03  -20.57214    
      930000      260025  1.6274588E-02  -17.69394    
      930000      270026  8.0664456E-03  -24.80951    
      930000      270028  1.8975597E-03   58.36327    
      930000      290028  4.7458105E-02  -16.42494    
      930000      300029  2.3111567E-02  -15.66960    
      930000      310030  1.2315920E-02  -18.39793    
      930000      450044  1.5725983E-02  -18.78950    
      930000      460045  3.8460225E-02  -20.31718    
      930000      470046  1.1199591E-02  -21.61874    
      930000      470048  7.1242950E-03  -17.40194    
      930000      480049  1.6036363E-02  -16.58123    
      930000      340033  1.7526332E-02  -15.47573    
      930000      350034  1.4810840E-02  -17.00767    
      930000      360035  9.5069818E-03  -20.82584    
      930000      370036  2.1406909E-02  -17.34759    
      930000      370038  1.4871959E-02  -8.291241    
      930000      390038  3.4889404E-02  -19.31437    
      930000      400039  3.3240870E-02  -15.26031    
      930000      410040  1.9018661E-02  -16.58790    
      930000      420041  4.6153422E-03  -20.29922    
      930000      420043  7.7397698E-03  -13.82776    
      930000      520051  4.2559449E-02  -20.42977    
      930000      530054  1.1432796E-02  -16.76739    
      930000      540055  1.4248128E-02  -16.71030    
      680000      230022  2.1428172E-03  -4.012670    
      680000      230024  7.0751919E-03  -14.36824    
      680000      240025  1.4005200E-02  -13.00873    
      680000      260027  4.5945118E-03  -13.83323    
      680000      270028  1.0552280E-02  -12.50105    
      680000      290028  5.8046933E-03  -8.711000    
      680000      300029  1.5026873E-03  -3.926834    
      680000      440045  4.4494164E-03  -16.42433    
      680000      480049  2.1066735E-03  -10.99297    
      680000      570056  1.0935531E-03  -15.32092    
      680000      570058  1.7785707E-02  -12.94315    
      680000      580059  2.1756660E-02  -13.81294    
      680000      590060  1.5033570E-02  -14.37633    
      680000      600061  1.2753022E-02  -20.05123    
      680000      330034  4.3818662E-03  -16.13270    
      680000      340035  8.7163476E-03  -13.64744    
      680000      350036  1.1956338E-02  -12.86928    
      680000      370036  4.2579483E-04   16.98114    
      680000      370038  1.4510691E-02  -12.53489    
      680000      400039  2.6156690E-03  -4.886783    
      680000      410040  1.3083249E-03  -4.969918    
      680000      530054  1.7659958E-03  -10.96811    
      680000      540055  1.8456340E-03  -11.33185    
      680000      620063  8.8533517E-03  -12.87271    
      680000      630064  2.0271283E-02  -13.28892    
      680000      640065  2.3619432E-02  -14.05689    
      680000      650066  6.8372572E-03  -23.41968    
      790000       20001  5.3343843E-03  -17.06590    
      790000       30002  9.8343892E-03  -20.49353    
      790000       40003  8.9042718E-03  -20.82376    
      790000       50004  2.5045644E-03  -21.50386    
      790000       60005  2.0509034E-03  -24.23092    
      790000       70006  1.8112913E-03  -30.67182    
      790000       80009  4.3584127E-03  -17.90915    
      790000       90010  1.0350769E-02  -16.73881    
      790000      100011  5.3798603E-03  -16.59199    
      790000      110012  3.4806796E-03  -15.52832    
      790000      120013  5.6738299E-03  -13.81713    
      790000      130014  3.3076871E-03  -15.07567    
      790000      140015  2.2590999E-03  -15.62168    
      790000      150016  1.9892140E-03  -14.55219    
      790000      160017  1.7163211E-03  -15.11862    
      790000      170018  1.8090036E-03  -14.90107    
      790000      180019  2.0890885E-03  -14.28124    
      790000      190020  1.8250552E-03  -13.06087    
      790000      200021  1.9383702E-03  -13.43591    
      790000      440045  2.9257949E-02  -18.03925    
      790000      450046  3.6531836E-02  -20.83988    
      790000      460047  2.6802691E-02  -18.01384    
      790000      470048  3.3102804E-03  -16.88369    
      790000      480049  3.7403281E-03  -15.20257    
      790000      560057  0.1129299      -15.84507    
      790000      570058  5.4089133E-02  -15.84058    
      790000      580059  2.1331832E-02  -15.71325    
      790000      590060  1.2336024E-02  -19.90843    
      790000      600061  2.0758264E-02  -23.68970    
      790000      500051  1.8753503E-02  -19.89158    
      790000      510052  4.6447691E-02  -19.89541    
      790000      530054  3.7499587E-03  -15.84715    
      790000      540055  2.7042779E-03  -14.95067    
      790000      620063  9.5109984E-02  -15.90282    
      790000      630064  3.7672602E-02  -15.79244    
      790000      640065  1.7777298E-02  -16.84680    
      790000      650066  9.9647772E-03  -30.87592    
      790000      660067  2.5034774E-02  -17.03051    
      800000       20001  6.6612125E-03  -16.21916    
      800000       30002  1.3126450E-02  -19.40207    
      800000       40003  1.2875774E-02  -19.33642    
      800000       50004  4.1465322E-03  -19.35122    
      800000       60005  4.5190062E-03  -20.57467    
      800000       70006  8.0771856E-03  -21.11805    
      800000       80007  1.0599897E-02  -19.86766    
      800000       90008  4.9478575E-05   72.69108    
      800000       90010  7.5317589E-03  -17.24774    
      800000      100011  4.4620559E-03  -16.86234    
      800000      110012  3.3091949E-03  -15.65578    
      800000      120013  5.5716280E-03  -13.97529    
      800000      130014  3.3487955E-03  -15.26277    
      800000      140015  2.3366052E-03  -15.81044    
      800000      150016  2.0768857E-03  -14.72090    
      800000      160017  1.8012564E-03  -15.26688    
      800000      170018  1.9083933E-03  -15.04322    
      800000      180019  2.2173042E-03  -14.41461    
      800000      190020  1.9411934E-03  -13.16945    
      800000      200021  2.0453213E-03  -13.49820    
      800000      440045  4.2186469E-02  -17.76576    
      800000      450046  4.9200241E-02  -20.81498    
      800000      460047  3.4739558E-02  -18.38338    
      800000      470048  4.5645158E-03  -17.26062    
      800000      480049  4.7401651E-03  -15.46278    
      800000      560057  5.2536141E-02  -15.56032    
      800000      570058  2.6373375E-02  -15.07083    
      800000      590060  1.0156575E-02  -21.28973    
      800000      600061  2.3637742E-02  -23.93687    
      800000      500051  2.7562099E-02  -19.44414    
      800000      510052  6.0104601E-02  -20.11978    
      800000      530054  5.0944909E-03  -16.16912    
      800000      540055  3.0915285E-03  -15.10687    
      800000      620063  4.6226084E-02  -15.43006    
      800000      630064  2.0166326E-02  -14.78227    
      800000      640065  1.1923218E-02  -16.20497    
      800000      650066  1.1055171E-02  -31.93456    
      800000      660067  2.8236777E-02  -17.27234    
      810000       20001  7.2755162E-03  -15.75819    
      810000       30002  1.5008319E-02  -18.86926    
      810000       40003  1.5473458E-02  -18.67539    
      810000       50004  5.3681517E-03  -18.54858    
      810000       60005  6.5946397E-03  -19.64045    
      810000       70006  1.3849089E-02  -20.06368    
      810000       80007  2.2035858E-02  -18.96956    
      810000       90008  4.9817692E-03  -16.44684    
      810000       90010  3.2374377E-03  -19.50463    
      810000      100011  2.7519548E-03  -17.86198    
      810000      110012  2.5767598E-03  -16.29241    
      810000      120013  4.5348443E-03  -14.63804    
      810000      130014  2.8510035E-03  -15.93710    
      810000      140015  2.0665866E-03  -16.44549    
      810000      150016  1.8917777E-03  -15.27282    
      810000      160017  1.6891855E-03  -15.74264    
      810000      170018  1.8495102E-03  -15.46839    
      810000      180019  2.2195503E-03  -14.79136    
      810000      190020  1.9917137E-03  -13.48802    
      810000      200021  2.1057723E-03  -13.74367    
      810000      440045  3.7176345E-02  -17.35866    
      810000      450046  6.2223457E-02  -21.15145    
      810000      460047  4.4770066E-02  -19.08097    
      810000      470048  6.8001510E-03  -17.80160    
      810000      480049  6.4055244E-03  -15.90425    
      810000      570056  1.2609163E-02  -19.30976    
      810000      580057  1.2755584E-02  -20.13903    
      810000      590058  3.7040371E-03  -29.54175    
      810000      590060  5.4687974E-03  -25.37602    
      810000      600061  2.3937937E-02  -24.55715    
      810000      500051  3.0871373E-02  -19.11222    
      810000      510052  7.3787466E-02  -20.73750    
      810000      530054  7.5463997E-03  -16.63129    
      810000      540055  3.5403268E-03  -15.46957    
      810000      630062  1.5511006E-02  -19.77267    
      810000      640063  6.7464067E-03  -23.34084    
      810000      640065  1.9836314E-03  -7.115199    
      810000      650066  1.0858572E-02  -33.45085    
      810000      660067  2.8220775E-02  -17.91952    
      820000       20001  7.2135404E-03  -15.51044    
      820000       30002  1.5025335E-02  -18.65961    
      820000       40003  1.5699744E-02  -18.49375    
      820000       50004  5.5657802E-03  -18.43512    
      820000       60005  7.1112914E-03  -19.68976    
      820000       70006  1.5873954E-02  -20.35861    
      820000       80007  2.7493000E-02  -19.61609    
      820000       90008  9.2063872E-03  -18.37311    
      820000      100009  4.0021562E-03  -15.92743    
      820000      120011  1.0812705E-04   11.70316    
      820000      120013  3.0099940E-05  -204.9749    
      820000      130014  2.4925594E-04  -30.52733    
      820000      140015  4.1284808E-04  -22.13619    
      820000      150016  6.4303371E-04  -17.72997    
      820000      160017  8.4724493E-04  -16.96745    
      820000      170018  1.2532884E-03  -16.23598    
      820000      180019  1.8518218E-03  -15.34948    
      820000      190020  1.9040428E-03  -13.92395    
      820000      200021  2.0955242E-03  -14.06067    
      820000      450046  2.4692900E-02  -24.25430    
      820000      460047  5.1294424E-02  -20.51867    
      820000      470048  1.3572816E-02  -18.54586    
      820000      480049  1.1384754E-02  -16.56568    
      820000      570056  2.3581674E-02  -18.09789    
      820000      580057  2.2618538E-02  -19.00712    
      820000      590058  1.2528539E-02  -21.76912    
      820000      600059  1.9136949E-03  -13.39097    
      820000      600061  1.1331784E-02  -26.88576    
      820000      630062  2.6988389E-02  -18.58574    
      820000      640063  1.7122686E-02  -20.04390    
      820000      650064  8.0487467E-03  -23.16894    
      820000      650066  4.9800477E-03  -36.91125    
      820000      660067  1.2592221E-02  -20.71353    
      830000       20001  7.5300601E-03  -15.33626    
      830000       30002  1.5809977E-02  -18.52729    
      830000       40003  1.6730221E-02  -18.39892    
      830000       50004  6.0818978E-03  -18.42120    
      830000       60005  8.1976689E-03  -19.84301    
      830000       70006  2.0020543E-02  -20.66788    
      830000       80007  3.9432328E-02  -19.97103    
      830000       90008  1.9839164E-02  -18.08523    
      830000      100009  2.4191583E-02  -14.34137    
      830000      110010  1.1925165E-02  -13.39363    
      830000      120011  8.8003799E-03  -11.24622    
      830000      130012  1.4914334E-02  -9.420694    
      830000      140013  8.4339026E-03  -10.44564    
      830000      150014  4.8982869E-03  -10.63344    
      830000      160015  2.9123421E-03  -8.928579    
      830000      170016  9.6294360E-04  -5.330399    
      830000      180019  2.6420597E-03  -15.57413    
      830000      190020  3.4396148E-03  -13.32270    
      830000      200021  3.6980028E-03  -13.50711    
      830000      450044  3.1697623E-02  -20.91632    
      830000      460045  0.1973869      -15.78339    
      830000      460047  6.0540214E-02  -24.09474    
      830000      470048  5.4931313E-02  -16.10944    
      830000      480049  4.2833306E-02  -14.26322    
      830000      570056  2.4670038E-02  -17.52532    
      830000      580057  2.5446657E-02  -18.47180    
      830000      590058  1.9618148E-02  -19.97634    
      830000      600059  1.3330817E-02  -21.11443    
      830000      610060  3.0233148E-02  -15.84642    
      830000      510050  4.4356473E-02  -21.33080    
      830000      520051  0.1694048      -13.03271    
      830000      530054  6.2462181E-02  -14.86389    
      830000      540055  1.2894180E-02  -14.04395    
      830000      630062  2.8103098E-02  -18.03003    
      830000      640063  2.2816112E-02  -19.06996    
      830000      650064  1.9214310E-02  -20.66735    
      830000      660065  1.2878790E-02  -24.64199    
      830000      670066  3.9126229E-02  -9.252489    
      840000       20001  7.7380990E-03  -15.16181    
      840000       30002  1.6310953E-02  -18.36509    
      840000       40003  1.7375369E-02  -18.24299    
      840000       50004  6.4045386E-03  -18.27955    
      840000       60005  8.8937059E-03  -19.71964    
      840000       70006  2.2786474E-02  -20.49090    
      840000       80007  4.7776353E-02  -19.62752    
      840000       90008  2.7779585E-02  -17.16864    
      840000      100009  3.9911233E-02  -13.06183    
      840000      110010  2.0642078E-02  -12.15847    
      840000      120011  1.6311159E-02  -10.25871    
      840000      130012  2.8573604E-02  -8.580946    
      840000      140013  1.7861372E-02  -9.914740    
      840000      150014  1.3101935E-02  -10.56639    
      840000      160015  1.1900255E-02  -9.815517    
      840000      170016  9.7446796E-03  -10.63708    
      840000      180017  7.0702252E-03  -10.08293    
      840000      190018  2.1797752E-03  -5.663905    
      840000      190020  3.1872871E-03  -13.15667    
      840000      200021  4.7813202E-03  -12.47369    
      840000      450044  1.6294830E-02  -20.24569    
      840000      460045  0.1537637      -14.87245    
      840000      470046  0.1007224      -8.757002    
      840000      470048  2.2593793E-02  -17.82156    
      840000      480049  4.6061710E-02  -13.49865    
      840000      570056  2.4770418E-02  -17.08194    
      840000      580057  2.5950739E-02  -18.03346    
      840000      590058  2.1666773E-02  -19.06190    
      840000      600059  1.9007640E-02  -21.01967    
      840000      610060  6.2724255E-02  -16.03783    
      840000      510050  2.2871224E-02  -20.46189    
      840000      520051  0.2106396      -12.88515    
      840000      530054  5.5071477E-02  -14.24764    
      840000      540055  1.5036521E-02  -13.20596    
      840000      630062  2.8010942E-02  -17.60669    
      840000      640063  2.4368046E-02  -18.42743    
      840000      650064  2.3201495E-02  -19.64575    
      840000      660065  2.5942417E-02  -25.26308    
      840000      670066  8.1657924E-02  -9.448054    
      850000       20001  7.5545264E-03  -15.12254    
      850000       30002  1.5934801E-02  -18.33543    
      850000       40003  1.7001059E-02  -18.22145    
      850000       50004  6.2874565E-03  -18.27296    
      850000       60005  8.7976381E-03  -19.73549    
      850000       70006  2.2828154E-02  -20.51057    
      850000       80007  4.8659522E-02  -19.61987    
      850000       90008  2.9298065E-02  -17.06668    
      850000      100009  4.3537706E-02  -12.94606    
      850000      110010  2.2754703E-02  -12.07476    
      850000      120011  1.8511495E-02  -10.28782    
      850000      130012  3.3356201E-02  -8.688547    
      850000      140013  2.3254786E-02  -10.16098    
      850000      150014  2.1701083E-02  -10.80156    
      850000      160015  2.7286854E-02  -9.997511    
      850000      170016  3.3210278E-02  -10.83899    
      850000      180017  4.0857591E-02  -10.65050    
      850000      190018  3.8908415E-02  -10.14505    
      850000      200019  1.4951349E-02  -8.937037    
      850000      210020  2.4104242E-04   19.04067    
      850000      450044  1.1289519E-02  -19.52662    
      850000      460045  9.2394695E-02  -14.52290    
      850000      470046  0.1039587      -10.85511    
      850000      480047  3.0291574E-02  -10.69200    
      850000      490048  4.9806368E-02  -9.403823    
      850000      570056  2.3871370E-02  -16.98699    
      850000      580057  2.5066342E-02  -17.95695    
      850000      590058  2.1195879E-02  -18.93009    
      850000      600059  1.9508537E-02  -21.22731    
      850000      610060  6.9278106E-02  -16.28454    
      850000      510050  1.3814688E-02  -19.77465    
      850000      520051  0.1449755      -12.81520    
      850000      540053  4.7719099E-02  -9.668753    
      850000      550054  3.3703279E-02  -9.835449    
      850000      630062  2.6925391E-02  -17.51626    
      850000      640063  2.3758298E-02  -18.33140    
      850000      650064  2.3039117E-02  -19.55893    
      850000      660065  2.8236926E-02  -25.65163    
      850000      670066  9.1804691E-02  -9.730289    
      690000      230022  4.8225895E-03  -8.864556    
      690000      230024  5.7138409E-03  -15.97337    
      690000      240025  1.4192154E-02  -13.82976    
      690000      250026  3.3243888E-03  -15.71049    
      690000      260027  4.8667020E-03  -14.44860    
      690000      270028  1.2727678E-02  -13.29585    
      690000      290028  7.4983044E-03  -10.06475    
      690000      300029  1.9874382E-03  -5.878241    
      690000      440045  5.0713383E-03  -17.42802    
      690000      480049  2.6908834E-03  -12.03967    
      690000      570056  1.0788009E-02  -15.30272    
      690000      570058  1.5270251E-02  -12.99261    
      690000      580059  2.6396306E-02  -14.67896    
      690000      590060  2.0134363E-02  -15.12699    
      690000      330034  2.5889529E-03  -20.53862    
      690000      340035  7.8168428E-03  -14.70620    
      690000      350036  1.2073306E-02  -13.61229    
      690000      370038  1.7529523E-02  -13.37535    
      690000      400039  3.4419748E-03  -6.614464    
      690000      530054  2.2378187E-03  -11.94875    
      690000      540055  2.3658117E-03  -12.41701    
      690000      620063  1.6365795E-03  -4.215123    
      690000      630064  2.0783922E-02  -13.82091    
      690000      640065  3.1125495E-02  -14.97777    
      690000      650066  8.8482695E-03  -23.89097    
      700000      230022  8.8801896E-03  -12.03932    
      700000      230024  2.5051052E-03  -18.98841    
      700000      240025  1.2692075E-02  -14.46443    
      700000      250026  1.0833123E-03  -16.59858    
      700000      260027  4.7144769E-03  -14.81173    
      700000      270028  1.5459466E-02  -14.30861    
      700000      290028  1.0096053E-02  -11.84461    
      700000      300029  2.7716372E-03  -8.372866    
      700000      440045  5.3625149E-03  -18.85554    
      700000      480049  3.6386079E-03  -13.64746    
      700000      570056  2.8038463E-02  -17.04088    
      700000      570058  3.4313085E-03  0.9427721    
      700000      580059  2.9321471E-02  -15.79273    
      700000      590060  2.7960557E-02  -16.13214    
      700000      600061  2.1748284E-02  -22.91575    
      700000      340033  8.8203861E-04   4.285439    
      700000      340035  5.0954833E-03  -15.51642    
      700000      350036  1.0642066E-02  -14.05094    
      700000      370036  4.4555636E-03  -12.66530    
      700000      370038  2.1367466E-02  -14.45376    
      700000      400039  4.7576055E-03  -8.836174    
      700000      420043  2.7618504E-03  -11.35738    
      700000      530054  2.9761444E-03  -13.44807    
      700000      540055  3.2213831E-03  -14.06600    
      700000      630062  1.4993525E-02  -19.21853    
      700000      630064  1.3998138E-02  -12.94896    
      700000      640065  4.1626494E-02  -16.31376    
      700000      650066  1.1798736E-02  -24.40712    
      700000      660067  2.7744278E-02  -16.62405    
      710000      230022  1.1804099E-02  -13.31850    
      710000      240023  9.6058211E-04  -10.09102    
      710000      240025  9.7108847E-03  -13.87554    
      710000      260027  3.6659068E-03  -13.06433    
      710000      270028  1.6140928E-02  -14.17382    
      710000      290028  1.3085483E-02  -13.52942    
      710000      300029  4.0411106E-03  -11.56678    
      710000      440045  3.9847381E-03  -19.19569    
      710000      480049  4.4463752E-03  -14.70905    
      710000      570056  3.7148409E-02  -17.54361    
      710000      580059  2.0688398E-02  -14.90398    
      710000      590060  2.8057151E-02  -15.13278    
      710000      600061  2.2402478E-02  -24.41680    
      710000      340033  4.1407687E-03  -12.16103    
      710000      340035  1.7409067E-03  -13.34871    
      710000      350036  7.8469347E-03  -13.01326    
      710000      370036  7.1633263E-03  -14.94453    
      710000      370038  2.2840656E-02  -14.60765    
      710000      390038  6.5170750E-03  -16.09612    
      710000      400039  6.6588484E-03  -11.45348    
      710000      410040  3.4125980E-03  -12.49831    
      710000      630062  2.7825218E-02  -18.96189    
      710000      640063  9.9824579E-04  -92.89442    
      710000      640065  4.0074121E-02  -16.19669    
      710000      650066  1.1027711E-02  -22.78806    
      710000      660067  3.1508215E-02  -18.28082    
      720000      230022  1.8862411E-02  -14.87244    
      720000      240023  1.1989321E-02  -16.51131    
      720000      250024  2.2468264E-03  -32.64914    
      720000      260025  1.1162618E-02  -18.26257    
      720000      270026  2.4842278E-03  -34.35105    
      720000      270028  1.0931117E-02  -8.372808    
      720000      290028  2.9477756E-02  -16.36150    
      720000      300029  1.2994463E-02  -15.74637    
      720000      310030  7.6175984E-03  -18.54591    
      720000      450044  5.1790951E-03  -19.90265    
      720000      480049  7.5656855E-03  -16.79139    
      720000      570056  4.6639133E-02  -17.64038    
      720000      580057  4.9527667E-02  -18.77466    
      720000      590058  2.5084760E-02  -20.56073    
      720000      600059  6.9239819E-03  -57.28975    
      720000      340033  1.3754449E-02  -15.64132    
      720000      350034  9.6534714E-03  -17.90395    
      720000      370036  1.6112773E-02  -17.27780    
      720000      370038  2.0720892E-02  -12.70952    
      720000      390038  1.9805489E-02  -19.47532    
      720000      400039  1.9044407E-02  -15.25912    
      720000      410040  1.1172996E-02  -16.66459    
      720000      530054  4.1393810E-03  -16.44193    
      720000      540055  8.1211748E-03  -16.96448    
      720000      630062  5.1208567E-02  -18.24660    
      720000      640063  4.6474699E-02  -19.01101    
      720000      650064  4.1096993E-03  -50.42781    
      720000      660065  2.1571137E-02  -31.14512    
      720000      660067  6.6750296E-03  -77.20470    
      730000      230022  1.9424211E-02  -14.76714    
      730000      240023  1.4907231E-02  -16.12362    
      730000      250024  7.4608838E-03  -20.57535    
      730000      260025  1.4717250E-02  -17.64458    
      730000      270026  9.3640788E-03  -22.23877    
      730000      290028  5.4925051E-02  -14.57353    
      730000      300029  2.9596543E-02  -13.30467    
      730000      310030  1.9291017E-02  -15.03003    
      730000      450044  1.1287703E-02  -19.19105    
      730000      460045  4.3364968E-02  -16.93951    
      730000      470046  4.0380877E-02  -13.23129    
      730000      480047  3.7475268E-03  -7.181912    
      730000      480049  1.0618901E-02  -16.59278    
      730000      570056  3.4892902E-02  -17.19328    
      730000      580057  3.8685936E-02  -18.08276    
      730000      590058  3.2108407E-02  -18.97675    
      730000      600059  3.5563156E-02  -23.09546    
      730000      610060  0.2034001      -13.99452    
      730000      340033  1.5910609E-02  -15.47802    
      730000      350034  1.3157654E-02  -17.05609    
      730000      360035  8.5408371E-03  -20.71657    
      730000      370036  1.9822614E-02  -17.25847    
      730000      370038  8.8491729E-03  -5.853218    
      730000      390038  4.1263219E-02  -17.22631    
      730000      400039  4.0809326E-02  -13.06938    
      730000      410040  2.5994295E-02  -14.09253    
      730000      420041  8.7286970E-03  -15.36260    
      730000      630062  3.9795090E-02  -17.69154    
      730000      640063  3.7958119E-02  -18.34637    
      730000      650064  3.3026867E-02  -20.20046    
      730000      660065  7.5087786E-02  -25.20898    
      730000      670066  0.1743366      -7.101805    
      740000      230022  1.8784266E-02  -14.72791    
      740000      240023  1.4902058E-02  -16.01268    
      740000      250024  8.4658945E-03  -19.55297    
      740000      260025  1.5326907E-02  -17.41333    
      740000      270026  1.2416314E-02  -20.41177    
      740000      290028  6.8748683E-02  -13.51655    
      740000      300029  3.9373834E-02  -12.12675    
      740000      310030  2.6990319E-02  -13.63565    
      740000      310032  1.8889247E-03  -12.86504    
      740000      450044  1.2033472E-02  -19.19084    
      740000      460045  6.6162400E-02  -15.55122    
      740000      470046  7.2007731E-02  -11.89775    
      740000      480047  1.0957800E-02  -9.240005    
      740000      480049  1.1784916E-02  -16.51665    
      740000      570056  3.0874683E-02  -17.10580    
      740000      580057  3.3721030E-02  -18.01023    
      740000      590058  2.9615426E-02  -18.90076    
      740000      600059  3.3064421E-02  -21.98494    
      740000      610060  0.1879616      -14.53729    
      740000      340033  1.5714500E-02  -15.41038    
      740000      350034  1.3396806E-02  -16.85325    
      740000      360035  9.6256249E-03  -19.72259    
      740000      370036  2.0707607E-02  -17.14831    
      740000      370038  2.4074533E-03   17.61104    
      740000      390038  5.2724864E-02  -16.07483    
      740000      400039  5.3075105E-02  -11.93119    
      740000      410040  3.5177972E-02  -12.88936    
      740000      420041  1.2585199E-02  -13.73026    
      740000      520051  0.1026670      -13.89358    
      740000      540053  3.1739646E-03   3.653059    
      740000      540055  1.9982751E-02  -13.82191    
      740000      630062  3.5184797E-02  -17.60810    
      740000      640063  3.2959357E-02  -18.31907    
      740000      650064  3.3015009E-02  -19.72493    
      740000      660065  6.5558575E-02  -25.16069    
      740000      670066  0.2765521      -8.966540    
      750000      230022  1.8185573E-02  -14.71770    
      750000      240023  1.4720450E-02  -15.94115    
      750000      250024  9.0786777E-03  -18.88460    
      750000      260025  1.5616394E-02  -17.23464    
      750000      270026  1.4743580E-02  -19.32397    
      750000      280027  2.1098431E-02  -19.02732    
      750000      290028  7.9804495E-02  -12.78236    
      750000      300029  4.7899414E-02  -11.37426    
      750000      310030  3.5355803E-02  -12.74146    
      750000      310032  1.0997626E-03  -14.53476    
      750000      450044  1.2088450E-02  -19.22074    
      750000      460045  8.2539164E-02  -14.73499    
      750000      470046  9.8320931E-02  -11.26272    
      750000      480047  2.2565486E-02  -10.20043    
      750000      480049  8.5833436E-03  -19.15619    
      750000      570056  2.8366392E-02  -17.12507    
      750000      580057  3.0588530E-02  -18.05783    
      750000      590058  2.6978260E-02  -18.95927    
      750000      600059  2.8471282E-02  -21.65370    
      750000      610060  0.1362345      -15.56228    
      750000      340033  1.5416418E-02  -15.37029    
      750000      350034  1.3397383E-02  -16.71103    
      750000      360035  1.0299209E-02  -19.05881    
      750000      370036  2.1202490E-02  -17.04622    
      750000      380037  2.8145798E-03  -40.06860    
      750000      390038  6.1792899E-02  -15.29739    
      750000      400039  6.3201107E-02  -11.17849    
      750000      410040  4.4008173E-02  -12.13227    
      750000      420041  1.7309617E-02  -12.66088    
      750000      510050  1.3726489E-02  -19.48149    
      750000      520051  0.1326061      -13.07993    
      750000      540053  1.5384679E-02  -7.616712    
      750000      540055  2.6504455E-02  -13.05039    
      750000      630062  3.2248545E-02  -17.63579    
      750000      640063  2.9650560E-02  -18.39977    
      750000      650064  3.0359371E-02  -19.64362    
      750000      660065  5.0709184E-02  -25.50645    
      750000      670066  0.2145638      -9.573141    
      760000      230022  1.7153235E-02  -14.67875    
      760000      240023  1.4220427E-02  -15.85908    
      760000      250024  9.5916754E-03  -18.32069    
      760000      260025  1.5621374E-02  -17.07024    
      760000      270026  1.6990490E-02  -18.60781    
      760000      280027  2.8063161E-02  -17.69246    
      760000      290028  8.9208826E-02  -12.34478    
      760000      300029  6.0508009E-02  -11.02798    
      760000      310030  6.8270147E-02  -11.80690    
      760000      320031  1.3284645E-02  -10.06250    
      760000      450044  1.1476341E-02  -19.30464    
      760000      460045  8.9272939E-02  -14.45352    
      760000      470046  0.1109191      -11.13606    
      760000      480047  4.7854416E-02  -11.37968    
      760000      490048  0.1366656      -10.22364    
      760000      570056  2.5703348E-02  -17.03761    
      760000      580057  2.7244695E-02  -17.99512    
      760000      590058  2.3442252E-02  -18.93681    
      760000      600059  2.2638164E-02  -21.38445    
      760000      610060  8.7939806E-02  -16.17582    
      760000      340033  1.4773710E-02  -15.31502    
      760000      350034  1.3130241E-02  -16.56634    
      760000      360035  1.0857955E-02  -18.48727    
      760000      370036  2.1280229E-02  -16.97071    
      760000      380037  8.5263485E-03  -22.78052    
      760000      390038  6.9206744E-02  -14.85342    
      760000      400039  7.3864229E-02  -10.78784    
      760000      410040  6.6027410E-02  -11.71766    
      760000      420041  4.4098966E-02  -11.29371    
      760000      430042  3.5921170E-03  -8.913704    
      760000      510050  1.3596566E-02  -19.52500    
      760000      520051  0.1446499      -12.81863    
      760000      540053  0.1078705      -10.67679    
      760000      550054  2.4359062E-02  -6.931727    
      760000      630062  2.9068151E-02  -17.55971    
      760000      640063  2.6051220E-02  -18.35760    
      760000      650064  2.5855899E-02  -19.58231    
      760000      660065  3.5088059E-02  -25.68289    
      760000      670066  0.1203467      -9.734708    
