         988
      770000      230022  1.6438734E-02  -11.21609    
      770000      240023  1.6715612E-02  -13.05757    
      770000      250024  1.7160844E-02  -14.21297    
      770000      260025  1.6947767E-02  -13.40879    
      770000      270026  1.6719894E-02  -16.71428    
      770000      280027  2.9518954E-02  -15.87101    
      770000      290028  7.2120562E-02  -13.38310    
      770000      300029  6.3932754E-02  -9.932125    
      770000      310030  9.4420083E-02  -8.679638    
      770000      320031  9.0047941E-02  -5.349131    
      770000      450044  2.3896869E-02  -17.08410    
      770000      460045  7.0371844E-02  -14.56028    
      770000      470046  8.4298722E-02  -9.836671    
      770000      480047  4.9705289E-02  -8.138899    
      770000      490048  0.1614715      -5.332628    
      770000      570056  2.2968149E-02  -17.97484    
      770000      580057  2.4498269E-02  -15.61514    
      770000      590058  2.2662930E-02  -13.99631    
      770000      600059  3.3688370E-02  -21.60651    
      770000      610060  7.2991125E-02  -13.85257    
      770000      340033  1.5517720E-02  -11.64961    
      770000      350034  1.7436646E-02  -13.78969    
      770000      360035  1.6837822E-02  -14.04695    
      770000      370036  1.7563095E-02  -14.34785    
      770000      380037  1.7913612E-02  -16.89168    
      770000      390038  5.5750385E-02  -15.86483    
      770000      400039  6.6690378E-02  -10.03555    
      770000      410040  7.8802727E-02  -10.07352    
      770000      420041  9.1541663E-02  -6.932548    
      770000      430042  9.5021702E-02  -4.034014    
      770000      510050  3.0525869E-02  -20.14732    
      770000      520051  0.1023021      -12.03934    
      770000      540053  8.4406525E-02  -6.325681    
      770000      550054  0.5109332      -3.077344    
      770000      630062  2.5092451E-02  -16.28806    
      770000      640063  2.2037551E-02  -15.74809    
      770000      650064  3.1569242E-02  -15.48585    
      770000      660065  4.2765882E-02  -23.32259    
      770000      670066  8.6262152E-02  -7.650538    
      780000      230022  1.5787005E-02  -11.14344    
      780000      240023  1.6145540E-02  -12.94556    
      780000      250024  1.6813336E-02  -14.01755    
      780000      260025  1.6475920E-02  -13.30660    
      780000      270026  1.6428303E-02  -16.39551    
      780000      280027  2.8450226E-02  -15.69832    
      780000      290028  6.7355216E-02  -13.32850    
      780000      300029  6.3244015E-02  -10.07319    
      780000      310030  0.1073139      -8.391584    
      780000      320031  0.1813516      -5.799228    
      780000      450044  2.1752764E-02  -17.35774    
      780000      460045  6.2806576E-02  -14.90070    
      780000      470046  7.2727621E-02  -10.14156    
      780000      480047  3.7561815E-02  -8.906519    
      780000      490048  7.9800919E-02  -6.270530    
      780000      570056  2.1304050E-02  -18.09027    
      780000      580057  2.2559777E-02  -15.75819    
      780000      590058  2.0530239E-02  -14.23051    
      780000      600059  3.0012403E-02  -21.90613    
      780000      610060  6.3391507E-02  -14.30352    
      780000      340033  1.5012291E-02  -11.55713    
      780000      350034  1.6886476E-02  -13.64764    
      780000      360035  1.6487336E-02  -13.88886    
      780000      370036  1.7121559E-02  -14.20698    
      780000      380037  1.7709816E-02  -16.48834    
      780000      390038  5.2149307E-02  -15.80801    
      780000      400039  6.3479543E-02  -10.06595    
      780000      410040  8.3953299E-02  -9.955829    
      780000      420041  0.1211471      -6.845927    
      780000      430042  0.3508766      -4.750542    
      780000      520051  9.0526633E-02  -12.32579    
      780000      540053  5.4133207E-02  -7.141533    
      780000      550054  0.1145199      -5.119930    
      780000      630062  2.3191517E-02  -16.41886    
      780000      640063  2.0163242E-02  -15.92464    
      780000      650064  2.8390089E-02  -15.74796    
      780000      670066  7.3795386E-02  -8.087197    
      860000       20001  9.2953956E-03  -14.31982    
      860000       30002  1.9670812E-02  -16.84955    
      860000       40003  2.1875080E-02  -15.81012    
      860000       50004  8.8948701E-03  -14.37685    
      860000       60005  9.7627146E-03  -14.63072    
      860000       70006  1.8277440E-02  -14.41216    
      860000       80007  1.8457891E-02  -13.34913    
      860000       90008  2.4505418E-03   11.08998    
      860000       90010  4.6235439E-03  -32.77767    
      860000      100011  5.1247161E-03  -21.05817    
      860000      110012  4.8723025E-03  -16.47570    
      860000      120013  6.7544426E-03  -13.43532    
      860000      130014  4.6090572E-03  -12.88378    
      860000      140015  3.7020266E-03  -14.35286    
      860000      150016  3.6148266E-03  -12.85407    
      860000      160017  3.3489454E-03  -10.81294    
      860000      170018  3.8723114E-03  -10.20873    
      860000      180019  4.3784855E-03  -9.701332    
      860000      190020  3.7690992E-03  -9.021909    
      860000      200021  3.6078396E-03  -9.620424    
      860000      230022  4.6171289E-02  -14.38088    
      860000      240023  5.3656060E-02  -16.82203    
      860000      250024  5.2742139E-02  -18.90766    
      860000      260025  4.3630198E-02  -18.19176    
      860000      260027  8.6085200E-03  -7.869088    
      860000      270028  5.5418361E-02  -20.68162    
      860000      300031  2.2342073E-02  -18.42774    
      860000      310032  8.9890035E-03  -13.74916    
      860000      570056  7.1652889E-02  -19.39716    
      860000      580057  7.5572871E-02  -16.57444    
      860000      580059  1.2202047E-02  -4.981170    
      860000      590060  4.9544308E-02  -20.86222    
      860000      600061  6.0595769E-02  -23.99117    
      860000      340033  4.5686986E-02  -15.13343    
      860000      350034  5.7725467E-02  -17.89137    
      860000      360035  4.9042266E-02  -18.82500    
      860000      370036  2.3252800E-02  -19.52847    
      860000      370038  4.0794693E-02  -17.54961    
      860000      380039  4.9388699E-02  -21.92322    
      860000      400041  2.8384982E-02  -19.88002    
      860000      410042  1.2882015E-02  -16.30013    
      860000      420043  6.9362302E-03  -11.79167    
      860000      630062  8.0508403E-02  -17.22981    
      860000      640063  3.8617883E-02  -17.41050    
      860000      640065  4.1634589E-02  -12.09813    
      860000      650066  5.0213631E-02  -28.99797    
      860000      660067  5.9027292E-02  -16.95382    
      870000       20001  9.3013318E-03  -13.98517    
      870000       30002  1.9946679E-02  -16.58438    
      870000       40003  2.2566417E-02  -15.61078    
      870000       50004  9.4369566E-03  -14.30357    
      870000       60005  1.0858310E-02  -14.85548    
      870000       70006  2.1956507E-02  -15.19524    
      870000       80007  2.6369259E-02  -15.80220    
      870000       90008  8.4714610E-03  -11.20973    
      870000      100011  1.5759349E-03  -32.01423    
      870000      110012  2.8080924E-03  -16.09739    
      870000      120013  4.7604064E-03  -12.00063    
      870000      130014  4.1174786E-03  -11.47280    
      870000      140015  3.9275256E-03  -13.51380    
      870000      150016  4.2397985E-03  -12.66653    
      870000      160017  4.1704066E-03  -11.11098    
      870000      170018  4.9531721E-03  -10.70532    
      870000      180019  5.6250081E-03  -10.31035    
      870000      190020  4.8136185E-03  -9.672985    
      870000      200021  4.5328797E-03  -10.23373    
      870000      230022  3.6154140E-02  -14.34577    
      870000      240023  4.1921739E-02  -16.74874    
      870000      250024  4.5989372E-02  -18.46796    
      870000      260025  4.9870469E-02  -17.73341    
      870000      270026  2.9521525E-02  -24.02041    
      870000      270028  1.1053523E-02  -23.34768    
      870000      290030  4.6371136E-02  -21.53531    
      870000      300031  3.3934604E-02  -20.45583    
      870000      310032  1.2839674E-02  -15.40169    
      870000      570056  5.1564801E-02  -19.78014    
      870000      580057  6.0170140E-02  -17.12946    
      870000      590058  4.3560021E-02  -16.45826    
      870000      600059  5.6325742E-03  -21.50545    
      870000      600061  6.6033073E-02  -24.79980    
      870000      340033  3.5882819E-02  -15.10327    
      870000      350034  4.6189480E-02  -17.70894    
      870000      360035  4.7133584E-02  -18.31387    
      870000      370036  4.5912553E-02  -19.01561    
      870000      380037  3.6165088E-03  -54.27137    
      870000      380039  1.1552548E-02  -26.07906    
      870000      400041  4.2264991E-02  -22.09485    
      870000      410042  1.9269958E-02  -18.20457    
      870000      420043  9.5823305E-03  -13.25548    
      870000      630062  5.8544304E-02  -17.80087    
      870000      640063  5.1416472E-02  -17.06478    
      870000      650064  4.0341586E-02  -19.72066    
      870000      650066  3.8805328E-02  -29.41604    
      870000      660067  7.0860930E-02  -17.51710    
      880000       20001  7.9127857E-03  -13.67770    
      880000       30002  1.7167995E-02  -16.58477    
      880000       40003  1.9804403E-02  -15.93697    
      880000       50004  8.5713118E-03  -15.16686    
      880000       60005  1.0597655E-02  -16.65445    
      880000       70006  2.4821401E-02  -18.08209    
      880000       80007  4.1266825E-02  -19.77191    
      880000       90008  2.8869729E-02  -16.76917    
      880000      100009  3.9570384E-02  -10.70116    
      880000      120011  1.8819658E-02  -8.771048    
      880000      130012  2.3508504E-02  -7.058427    
      880000      140013  9.9552404E-03  -6.313680    
      880000      150014  1.2625661E-03   11.57679    
      880000      160017  8.5045239E-03  -12.00391    
      880000      170018  1.1800678E-02  -10.30252    
      880000      180019  1.3538667E-02  -9.622232    
      880000      190020  1.1161470E-02  -8.905966    
      880000      200021  9.7235674E-03  -9.444202    
      880000      230022  2.0863837E-02  -11.94887    
      880000      240023  2.2010246E-02  -13.99298    
      880000      250024  2.3327814E-02  -15.42318    
      880000      260025  2.4877796E-02  -14.69064    
      880000      270026  2.6159422E-02  -18.84278    
      880000      280027  5.1628839E-02  -17.81961    
      880000      290028  0.1205907      -15.50884    
      880000      300029  2.1689663E-02   3.169260    
      880000      300031  5.3135689E-02  -16.81581    
      880000      310032  3.3088028E-02  -12.92537    
      880000      570056  3.0218592E-02  -17.99439    
      880000      580057  3.3794105E-02  -15.49462    
      880000      590058  3.3926111E-02  -13.75248    
      880000      600059  4.9341176E-02  -21.14858    
      880000      610060  6.9390379E-02  -12.63328    
      880000      340033  1.9921433E-02  -12.51260    
      880000      350034  2.3427036E-02  -14.81892    
      880000      360035  2.3572708E-02  -15.28044    
      880000      370036  2.6642811E-02  -15.92896    
      880000      380037  2.8955491E-02  -19.26540    
      880000      390038  0.1028878      -17.79686    
      880000      400039  7.6309189E-02  -10.42906    
      880000      400041  3.0161804E-02  -24.17067    
      880000      410042  4.1804265E-02  -14.38867    
      880000      420043  2.4960484E-02  -11.53419    
      880000      630062  3.3633057E-02  -16.20134    
      880000      640063  3.1327903E-02  -15.47552    
      880000      650064  4.8742078E-02  -15.49150    
      880000      660065  5.2348692E-02  -22.28375    
      880000      670066  5.0888676E-02  -3.548559    
      890000       20001  7.3038125E-03  -13.79851    
      890000       30002  1.5840376E-02  -16.79271    
      890000       40003  1.8307799E-02  -16.22768    
      890000       50004  7.9537015E-03  -15.57734    
      890000       60005  9.9510858E-03  -17.21345    
      890000       70006  2.4035737E-02  -18.63217    
      890000       80007  4.2556476E-02  -19.90668    
      890000       90008  3.2802440E-02  -16.08005    
      890000      100009  4.8328832E-02  -9.706593    
      890000      110010  3.0197397E-02  -8.584027    
      890000      120011  2.7245844E-02  -7.468856    
      890000      130012  4.0266730E-02  -6.020627    
      890000      140013  2.9936478E-02  -6.917524    
      890000      150014  2.5944706E-02  -8.444595    
      890000      160015  1.4666909E-02  -5.538925    
      890000      160017  6.8350281E-03  -14.40986    
      890000      170018  2.3336263E-02  -7.733984    
      890000      180019  2.7622271E-02  -7.409872    
      890000      190020  2.0672007E-02  -7.145639    
      890000      200021  1.6070789E-02  -7.981227    
      890000      230022  1.7609004E-02  -11.37186    
      890000      240023  1.7935621E-02  -13.26621    
      890000      250024  1.8343294E-02  -14.52086    
      890000      260025  1.8468093E-02  -13.65990    
      890000      270026  1.8453263E-02  -17.25181    
      890000      280027  3.4339346E-02  -16.31499    
      890000      290028  8.7684438E-02  -13.77061    
      890000      300029  6.9450252E-02  -10.25251    
      890000      310030  4.4954494E-02  -10.32362    
      890000      310032  2.7355628E-02  -14.05047    
      890000      570056  2.5440508E-02  -17.88346    
      890000      580057  2.7521757E-02  -15.47900    
      890000      590058  2.6231438E-02  -13.74891    
      890000      600059  4.0045403E-02  -21.28778    
      890000      610060  8.8422887E-02  -13.31365    
      890000      340033  1.6569180E-02  -11.83766    
      890000      350034  1.8737802E-02  -14.03085    
      890000      360035  1.8101096E-02  -14.33163    
      890000      370036  1.9269165E-02  -14.67954    
      890000      380037  2.0022793E-02  -17.53374    
      890000      390038  6.7376703E-02  -16.21226    
      890000      400039  7.9283059E-02  -10.42962    
      890000      410040  6.3473992E-02  -11.09571    
      890000      420041  6.8078409E-03   2.277549    
      890000      420043  3.1687435E-02  -11.36023    
      890000      630062  2.7966576E-02  -16.16849    
      890000      640063  2.5040643E-02  -15.55922    
      890000      650064  3.7094679E-02  -15.24296    
      890000      660065  5.1628221E-02  -22.78959    
      890000      670066  0.1029148      -7.024771    
      900000       20001  8.0754068E-03  -13.70029    
      900000       30002  1.4442763E-02  -15.78510    
      900000       40003  1.3233781E-02  -14.48066    
      900000       50004  4.0947455E-03  -12.52015    
      900000       60005  2.9756634E-03  -10.87872    
      900000       70006  2.0343547E-03   3.080877    
      900000       70008  5.9544812E-03  -30.83470    
      900000       80009  9.8820226E-03  -21.48523    
      900000       90010  1.6208798E-02  -15.56964    
      900000      100011  9.4107455E-03  -14.71039    
      900000      110012  6.6821827E-03  -13.61938    
      900000      120013  8.0825808E-03  -11.68903    
      900000      130014  4.6030721E-03  -12.13068    
      900000      140015  3.1171921E-03  -14.12492    
      900000      150016  2.6925334E-03  -12.56929    
      900000      160017  2.2780572E-03  -10.31380    
      900000      170018  2.4979820E-03  -9.682855    
      900000      180019  2.7709140E-03  -9.107969    
      900000      190020  2.3821592E-03  -8.399878    
      900000      200021  2.3187210E-03  -9.036473    
      900000      230022  2.6188944E-02  -12.12166    
      900000      240023  1.8317956E-03  -34.33453    
      900000      240025  2.5624434E-02  -11.47176    
      900000      250026  2.2285860E-02  -13.28987    
      900000      260027  1.8786969E-02  -16.13933    
      900000      270028  1.7234534E-02  -18.90136    
      900000      280029  9.4453031E-03  -20.19588    
      900000      290030  6.4937989E-03  -21.34575    
      900000      440045  3.8522385E-02  -16.38338    
      900000      450046  3.8265690E-02  -20.34488    
      900000      460047  2.8646100E-02  -16.79247    
      900000      480049  4.2834408E-03  -12.17409    
      900000      340035  9.3811797E-03  -6.868912    
      900000      350036  2.7149025E-02  -12.74130    
      900000      360037  2.0825032E-02  -14.64242    
      900000      370038  1.8462678E-02  -16.98888    
      900000      390040  8.5113524E-03  -19.02130    
      900000      500051  2.8469292E-02  -21.74339    
      900000      510052  4.4919368E-02  -18.42396    
      900000      530054  4.7720512E-03  -13.69127    
      900000      540055  3.6948801E-03  -10.83262    
      910000       20001  1.3179616E-02  -15.04050    
      910000       30002  2.7676074E-02  -17.56642    
      910000       40003  3.0000782E-02  -16.53463    
      910000       50004  1.1655740E-02  -15.11296    
      910000       60005  1.1648091E-02  -15.20262    
      910000       70006  1.7412599E-02  -14.22954    
      910000       80007  6.0582128E-03  0.3093123    
      910000       80009  1.1987587E-02  -24.30101    
      910000       90010  2.5337869E-02  -17.29973    
      910000      100011  1.5793232E-02  -16.23830    
      910000      110012  1.1460653E-02  -15.01491    
      910000      120013  1.3881570E-02  -13.02773    
      910000      130014  7.8950636E-03  -13.37998    
      910000      140015  5.2702697E-03  -15.32755    
      910000      150016  4.4374238E-03  -13.78158    
      910000      160017  3.6326314E-03  -11.48116    
      910000      170018  3.8525448E-03  -10.85499    
      910000      180019  4.1542142E-03  -10.24638    
      910000      190020  3.4802859E-03  -9.483788    
      910000      200021  3.2943091E-03  -10.04609    
      910000      240023  2.0704709E-02  -16.08028    
      910000      250024  1.0214901E-02  -20.48077    
      910000      260025  5.9205620E-03  -17.68136    
      910000      260027  6.2501631E-03  -15.08509    
      910000      270028  1.4670569E-02  -20.75998    
      910000      280029  5.8113565E-03  -23.69394    
      910000      290030  6.7404527E-03  -24.62853    
      910000      310032  5.0457795E-03  -12.88469    
      910000      440045  6.4985767E-02  -15.73009    
      910000      450046  6.3769445E-02  -20.71691    
      910000      460047  4.9483865E-02  -17.32169    
      910000      470048  9.7783608E-03  -16.10995    
      910000      480049  6.7332163E-03  -13.10095    
      910000      340033  2.0500483E-02  -14.00182    
      910000      350034  1.8052211E-02  -17.74926    
      910000      360035  7.1279141E-03  -20.31553    
      910000      370036  7.7544292E-04  -18.15856    
      910000      370038  1.3409684E-02  -17.31743    
      910000      390040  7.6812604E-03  -22.05011    
      910000      500051  4.7805928E-02  -21.56030    
      910000      510052  7.6883376E-02  -18.95344    
      910000      530054  7.6463148E-03  -14.55316    
      910000      540055  5.7225544E-03  -11.90179    
      920000       20001  1.3667892E-02  -15.46267    
      920000       30002  3.0495126E-02  -18.15150    
      920000       40003  3.5748366E-02  -17.17016    
      920000       50004  1.5829690E-02  -15.85986    
      920000       60005  1.9450635E-02  -16.27293    
      920000       70006  3.9900199E-02  -15.96835    
      920000       80007  4.1746594E-02  -14.54759    
      920000       90008  1.5913899E-03   84.24202    
      920000       90010  2.2604486E-02  -23.40272    
      920000      100011  2.0988604E-02  -18.35306    
      920000      110012  1.8305542E-02  -15.62471    
      920000      120013  2.3542682E-02  -13.30459    
      920000      130014  1.3982756E-02  -13.40410    
      920000      140015  9.3960920E-03  -15.26767    
      920000      150016  7.6838527E-03  -13.83871    
      920000      160017  6.0043270E-03  -11.60844    
      920000      170018  6.0666809E-03  -11.11269    
      920000      180019  6.2874500E-03  -10.55134    
      920000      190020  5.0923410E-03  -9.795080    
      920000      200021  4.6608709E-03  -10.33922    
      920000      230022  2.2715574E-02  -13.76500    
      920000      240023  2.1364963E-02  -16.00266    
      920000      250024  1.7220899E-02  -17.65623    
      920000      260025  1.5185887E-02  -15.61745    
      920000      270026  4.5045856E-03  -20.22539    
      920000      270028  3.1261554E-03  -32.27570    
      920000      290028  8.5825017E-03  -11.69470    
      920000      290030  1.4004780E-03  -81.31097    
      920000      310032  6.6091577E-03  -13.03607    
      920000      450044  3.1107923E-02  -14.98747    
      920000      450046  3.7775662E-02  -27.94256    
      920000      460047  7.9605177E-02  -17.56013    
      920000      470048  1.6374275E-02  -16.36128    
      920000      480049  1.0672935E-02  -13.22266    
      920000      340033  1.9909393E-02  -14.24736    
      920000      350034  2.1067798E-02  -17.02257    
      920000      360035  1.5699867E-02  -16.97522    
      920000      370038  3.1354353E-03  -16.18005    
      920000      400039  1.5955447E-03   35.70781    
      920000      420043  6.3154851E-03  -11.34819    
      920000      510050  2.2069978E-02  -9.066620    
      920000      510052  9.6713610E-02  -21.12932    
      920000      530054  1.2386955E-02  -14.76965    
      920000      540055  8.9688553E-03  -12.10545    
      930000       20001  1.0843767E-02  -14.01780    
      930000       30002  2.4252195E-02  -17.01286    
      930000       40003  2.8864816E-02  -16.42908    
      930000       50004  1.3263228E-02  -15.82934    
      930000       60005  1.7961489E-02  -17.52493    
      930000       70006  4.6040405E-02  -18.84630    
      930000       80007  8.3663747E-02  -20.13282    
      930000       90008  6.2369477E-02  -16.54821    
      930000      100009  7.8182258E-02  -9.388358    
      930000      110010  2.6868979E-02  -3.139754    
      930000      110012  1.6507724E-02  -22.65467    
      930000      120013  6.0480364E-02  -13.58990    
      930000      130014  4.9964730E-02  -12.65339    
      930000      140015  3.2783255E-02  -14.76397    
      930000      150016  2.3429511E-02  -13.92988    
      930000      160017  1.5669201E-02  -12.00160    
      930000      170018  1.3730031E-02  -11.94916    
      930000      180019  1.2802630E-02  -11.54807    
      930000      190020  9.5441649E-03  -10.81311    
      930000      200021  8.0972509E-03  -11.30148    
      930000      230022  1.9442908E-02  -11.83860    
      930000      240023  1.8893547E-02  -14.03151    
      930000      250024  1.7198196E-02  -15.98441    
      930000      260025  1.6378853E-02  -14.90867    
      930000      270026  1.1462073E-02  -21.28393    
      930000      280027  1.5006606E-02  -21.85225    
      930000      290028  4.2754702E-02  -18.46854    
      930000      300029  2.2647472E-02  -13.90165    
      930000      310030  7.3907170E-03  -19.66065    
      930000      450044  3.7352975E-02  -16.17027    
      930000      460045  6.1066996E-02  -16.74353    
      930000      470046  5.6611246E-04  -393.5403    
      930000      470048  1.9443547E-02  -17.75922    
      930000      480049  1.9496888E-02  -13.45828    
      930000      340033  1.7571149E-02  -12.44389    
      930000      350034  1.9148113E-02  -15.03703    
      930000      360035  1.6397757E-02  -15.74689    
      930000      370036  1.5132808E-02  -16.35658    
      930000      380037  8.4819309E-03  -25.76311    
      930000      390038  3.4618225E-02  -20.46788    
      930000      400039  3.2331400E-02  -14.92153    
      930000      410040  1.4791906E-02  -16.01127    
      930000      410042  4.4771987E-05   537.4879    
      930000      420043  9.2002880E-03  -11.44643    
      930000      520051  4.0101100E-02  -17.81923    
      930000      530054  1.9366780E-02  -15.59180    
      930000      540055  1.8437250E-02  -12.70809    
      680000      230022  3.8851160E-03  -8.152818    
      680000      240023  6.6370750E-04   14.13686    
      680000      240025  2.7347889E-03  -21.72823    
      680000      260027  2.4388556E-03  -20.96633    
      680000      270028  2.9081609E-03  -22.31396    
      680000      290028  1.3628431E-03  -7.193518    
      680000      290030  1.9182778E-05  -1426.659    
      680000      440045  3.7843243E-03  -25.13255    
      680000      480049  2.1148352E-03  -12.00903    
      680000      570056  3.8497290E-03  -15.80151    
      680000      570058  3.5244557E-03  -19.71506    
      680000      580059  6.4009284E-03  -15.72627    
      680000      590060  9.9200998E-03  -24.97472    
      680000      600061  1.7204951E-02  -20.05197    
      680000      340033  1.1878050E-03   6.290424    
      680000      340035  3.8253822E-04  -56.87645    
      680000      350036  2.6662990E-03  -23.14199    
      680000      360037  1.8054077E-03  -26.69757    
      680000      370038  3.4222435E-03  -18.85513    
      680000      400039  3.7646771E-04   31.35532    
      680000      400041  5.5886566E-04  -36.69714    
      680000      530054  2.0929214E-03  -13.19809    
      680000      540055  2.0676334E-03  -11.36967    
      680000      630062  7.2006317E-04  -7.046584    
      680000      630064  5.1841945E-03  -17.67159    
      680000      640065  1.0108537E-02  -18.32587    
      680000      650066  1.0666405E-02  -28.75514    
      790000       20001  3.6829570E-03  -12.81937    
      790000       30002  6.8553830E-03  -14.75334    
      790000       40003  6.7925123E-03  -13.31847    
      790000       50004  2.4001494E-03  -11.31745    
      790000       60005  2.2230188E-03  -10.51367    
      790000       70006  3.3523089E-03  -7.951054    
      790000       80009  1.6090379E-03  -35.73911    
      790000       90010  4.0291809E-03  -21.48522    
      790000      100011  2.7388504E-03  -18.56862    
      790000      110012  2.1630013E-03  -16.24175    
      790000      120013  2.7752556E-03  -13.82182    
      790000      130014  1.7299751E-03  -13.69570    
      790000      140015  1.3139189E-03  -15.17242    
      790000      150016  1.2726502E-03  -13.31416    
      790000      160017  1.2020018E-03  -10.92037    
      790000      170018  1.4384513E-03  -9.989537    
      790000      180019  1.6925134E-03  -9.282909    
      790000      190020  1.5226267E-03  -8.480919    
      790000      200021  1.5410890E-03  -9.013656    
      790000      440045  2.8117962E-02  -15.70821    
      790000      450046  3.5045534E-02  -19.10381    
      790000      460047  2.3395579E-02  -17.71841    
      790000      470048  4.9674078E-03  -15.63347    
      790000      480049  3.2594847E-03  -12.86508    
      790000      560057  4.9854286E-02  -12.78064    
      790000      570058  3.2632209E-02  -11.83211    
      790000      580059  1.4455537E-02  -14.05188    
      790000      590060  1.1379339E-02  -24.02324    
      790000      600061  1.5174021E-02  -23.52948    
      790000      500051  2.6024608E-02  -19.75840    
      790000      510052  3.7936185E-02  -18.27711    
      790000      530054  3.9081015E-03  -14.08137    
      790000      540055  2.4763539E-03  -11.32246    
      790000      620063  4.6767402E-02  -12.23357    
      790000      630064  2.0683384E-02  -13.48108    
      790000      640065  1.3139204E-02  -16.26936    
      790000      650066  1.1172579E-02  -30.45861    
      790000      660067  1.5669357E-02  -16.63114    
      800000       20001  5.0397916E-03  -13.35039    
      800000       30002  9.9778669E-03  -15.62065    
      800000       40003  1.0491391E-02  -14.46344    
      800000       50004  3.9849984E-03  -12.89326    
      800000       60005  4.0542572E-03  -12.96456    
      800000       70006  7.1335323E-03  -12.53314    
      800000       80007  6.7416425E-03  -10.55555    
      800000       90008  6.8025349E-04   34.92584    
      800000       90010  1.8743603E-03  -37.57959    
      800000      100011  1.8549011E-03  -24.97647    
      800000      110012  1.6712816E-03  -20.05390    
      800000      120013  2.2660100E-03  -16.76411    
      800000      130014  1.5428375E-03  -15.65464    
      800000      140015  1.2802450E-03  -16.48503    
      800000      150016  1.3323104E-03  -14.33475    
      800000      160017  1.3294097E-03  -11.76274    
      800000      170018  1.6448009E-03  -10.61227    
      800000      180019  1.9653698E-03  -9.789626    
      800000      190020  1.7807408E-03  -8.883217    
      800000      200021  1.8018688E-03  -9.290008    
      800000      440045  4.3428831E-02  -16.12673    
      800000      450046  5.6449566E-02  -19.23534    
      800000      460047  3.5702385E-02  -18.43520    
      800000      470048  7.4303336E-03  -16.03475    
      800000      480049  4.5271348E-03  -13.47827    
      800000      560057  1.9473579E-02  -9.278300    
      800000      570058  1.9487297E-02  -10.66540    
      800000      590060  1.2055249E-02  -24.43316    
      800000      600061  1.7389189E-02  -25.11368    
      800000      500051  4.2777181E-02  -19.70109    
      800000      510052  5.9082143E-02  -18.68246    
      800000      530054  5.6867981E-03  -14.53263    
      800000      540055  3.1674609E-03  -11.94444    
      800000      620063  2.4786724E-02  -10.78820    
      800000      630064  1.4416575E-02  -13.12442    
      800000      640065  1.2504528E-02  -16.30652    
      800000      650066  1.2995440E-02  -31.16552    
      800000      660067  1.7903330E-02  -18.00441    
      810000       20001  5.8943424E-03  -13.78290    
      810000       30002  1.2163671E-02  -16.26261    
      810000       40003  1.3290972E-02  -15.24369    
      810000       50004  5.2880174E-03  -13.87080    
      810000       60005  5.7054628E-03  -14.31265    
      810000       70006  1.0901555E-02  -14.55043    
      810000       80007  1.2470526E-02  -14.73636    
      810000       90008  3.9795451E-03  -8.024565    
      810000      100009  1.9198071E-03   15.53594    
      810000      110010  2.8585757E-05   1525.541    
      810000      110012  4.4011092E-04  -52.08270    
      810000      120013  8.2985335E-04  -33.99371    
      810000      130014  8.3978340E-04  -22.92854    
      810000      140015  9.2650211E-04  -19.97308    
      810000      150016  1.1654441E-03  -16.45115    
      810000      160017  1.3202142E-03  -13.23250    
      810000      170018  1.7578457E-03  -11.56129    
      810000      180019  2.1804306E-03  -10.51773    
      810000      190020  2.0205185E-03  -9.454659    
      810000      200021  2.0679443E-03  -9.703042    
      810000      440045  4.1523147E-02  -17.14846    
      810000      450046  8.0851696E-02  -19.67310    
      810000      460047  5.1749349E-02  -19.45226    
      810000      470048  1.1006825E-02  -16.59775    
      810000      480049  6.3031646E-03  -14.27437    
      810000      570056  1.5511455E-02  -22.82702    
      810000      580057  8.4189065E-03  -20.33330    
      810000      580059  3.5747797E-03  -16.94756    
      810000      590060  8.6782286E-03  -26.52763    
      810000      600061  1.6675139E-02  -27.83809    
      810000      500051  5.5714317E-02  -19.88934    
      810000      510052  8.4826432E-02  -19.47624    
      810000      530054  8.2748299E-03  -15.13545    
      810000      540055  4.0089213E-03  -12.79326    
      810000      630062  1.1314903E-02  -21.38725    
      810000      640063  2.6707875E-03  -19.73368    
      810000      640065  5.7362271E-03  -17.97040    
      810000      650066  1.2322846E-02  -32.66924    
      810000      660067  1.7346980E-02  -20.38349    
      820000       20001  6.1265267E-03  -13.97132    
      820000       30002  1.2839783E-02  -16.59841    
      820000       40003  1.4263907E-02  -15.70279    
      820000       50004  5.8056880E-03  -14.52140    
      820000       60005  6.4844256E-03  -15.31425    
      820000       70006  1.3101600E-02  -16.07788    
      820000       80007  1.6913844E-02  -17.30567    
      820000       90008  7.6187444E-03  -14.13131    
      820000      100009  7.1779243E-03  -6.581383    
      820000      120011  1.9258086E-03  -3.074438    
      820000      130012  2.1870621E-03  -1.318284    
      820000      140013  8.5599505E-04   1.547526    
      820000      150014  1.1628075E-04   53.38798    
      820000      150016  4.7670689E-04  -27.87155    
      820000      160017  9.8222774E-04  -17.21066    
      820000      170018  1.6442629E-03  -13.46928    
      820000      180019  2.2633472E-03  -11.83340    
      820000      190020  2.2309646E-03  -10.45264    
      820000      200021  2.3652199E-03  -10.42523    
      820000      450046  6.4353317E-02  -20.35162    
      820000      460047  6.1516717E-02  -21.69894    
      820000      470048  1.6278543E-02  -17.85972    
      820000      480049  9.0956474E-03  -15.77241    
      820000      570056  2.3672683E-02  -20.35854    
      820000      580057  2.0425843E-02  -17.37705    
      820000      590058  6.5438044E-03  -14.87505    
      820000      600059  2.4800274E-05   1509.627    
      820000      600061  7.8185871E-03  -38.86513    
      820000      630062  2.3064811E-02  -18.33388    
      820000      640063  1.3396447E-02  -16.92757    
      820000      650064  5.1431423E-03  -16.83810    
      820000      650066  5.5189827E-03  -38.82372    
      820000      660067  8.6914180E-03  -29.64377    
      830000       20001  6.5787672E-03  -14.23339    
      830000       30002  1.4051079E-02  -17.09413    
      830000       40003  1.5944790E-02  -16.41325    
      830000       50004  6.7115324E-03  -15.57899    
      830000       60005  7.9427315E-03  -16.96495    
      830000       70006  1.7635973E-02  -18.39055    
      830000       80007  2.7259707E-02  -20.25455    
      830000       90008  1.7350230E-02  -17.58388    
      830000      100009  2.2497980E-02  -11.51535    
      830000      110010  1.2636867E-02  -10.51429    
      830000      120011  9.9992715E-03  -9.565730    
      830000      130012  1.3002641E-02  -7.950933    
      830000      140013  7.2464822E-03  -8.308288    
      830000      150014  4.1814633E-03  -9.114823    
      830000      160015  2.0903372E-03  -2.994639    
      830000      160017  4.5359418E-05  -430.5290    
      830000      180019  3.6988007E-03  -13.29692    
      830000      190020  4.0803640E-03  -11.19433    
      830000      200021  4.3401010E-03  -10.86014    
      830000      450044  4.7120165E-02  -21.61719    
      830000      460045  7.9944789E-02  -19.39449    
      830000      460047  3.5276454E-02  -35.87320    
      830000      470048  4.2201690E-02  -18.17718    
      830000      480049  2.5405558E-02  -16.31506    
      830000      570056  2.4945794E-02  -19.43110    
      830000      580057  2.5332620E-02  -16.94013    
      830000      590058  1.8413035E-02  -15.84428    
      830000      600059  1.9888962E-02  -23.23453    
      830000      610060  2.7079353E-02  -12.51031    
      830000      510050  5.1627718E-02  -26.48790    
      830000      520051  5.9097391E-02  -8.547653    
      830000      530054  3.5293851E-02  -16.65956    
      830000      540055  1.2454931E-02  -15.25249    
      830000      630062  2.6477478E-02  -17.64805    
      830000      640063  2.0879854E-02  -17.07949    
      830000      650064  2.3095105E-02  -17.75628    
      830000      660065  1.8041564E-02  -23.69220    
      830000      670066  2.6916964E-02  -5.538245    
      840000       20001  6.7172963E-03  -14.01686    
      840000       30002  1.4485464E-02  -16.98081    
      840000       40003  1.6627699E-02  -16.39119    
      840000       50004  7.1313637E-03  -15.69870    
      840000       60005  8.7254317E-03  -17.29105    
      840000       70006  2.0447014E-02  -18.78860    
      840000       80007  3.4625523E-02  -20.35851    
      840000       90008  2.5136089E-02  -16.96959    
      840000      100009  3.5538226E-02  -10.69384    
      840000      110010  2.1232642E-02  -9.575882    
      840000      120011  1.7785877E-02  -8.460048    
      840000      130012  2.4414085E-02  -6.923050    
      840000      140013  1.5791353E-02  -7.827033    
      840000      150014  1.2476525E-02  -9.794291    
      840000      160015  1.1219760E-02  -7.968622    
      840000      170016  8.3246315E-03  -5.568404    
      840000      180017  5.6627369E-03  -5.340627    
      840000      190018  1.1348057E-03   1.891249    
      840000      190020  3.4753541E-03  -9.174459    
      840000      200021  6.0201827E-03  -8.421391    
      840000      450044  3.1777278E-02  -18.63761    
      840000      460045  9.5941581E-02  -15.44333    
      840000      470046  7.7227533E-02  -7.370149    
      840000      470048  2.2501783E-03  -46.12741    
      840000      480049  2.7088918E-02  -16.99937    
      840000      570056  2.3880772E-02  -18.45025    
      840000      580057  2.5239965E-02  -16.02740    
      840000      590058  2.2287153E-02  -14.46215    
      840000      600059  3.1003591E-02  -21.99140    
      840000      610060  5.9423689E-02  -14.05460    
      840000      510050  4.0886767E-02  -21.97318    
      840000      520051  0.1308494      -11.88989    
      840000      530054  2.1817785E-02  -17.14936    
      840000      540055  1.3683026E-02  -16.37969    
      840000      630062  2.5929952E-02  -16.72225    
      840000      640063  2.2297688E-02  -16.13243    
      840000      650064  3.0456211E-02  -16.03452    
      840000      660065  3.6529087E-02  -23.60951    
      840000      670066  6.5092631E-02  -7.681511    
      850000       20001  6.4393277E-03  -13.89656    
      850000       30002  1.3905719E-02  -16.90822    
      850000       40003  1.5999647E-02  -16.36055    
      850000       50004  6.8881726E-03  -15.72918    
      850000       60005  8.4924260E-03  -17.40204    
      850000       70006  2.0191681E-02  -18.92273    
      850000       80007  3.5065457E-02  -20.38358    
      850000       90008  2.6324108E-02  -16.77786    
      850000      100009  3.7993126E-02  -10.44272    
      850000      110010  2.3028050E-02  -9.298313    
      850000      120011  1.9642141E-02  -8.145257    
      850000      130012  2.7954670E-02  -6.649090    
      850000      140013  2.0610617E-02  -7.684160    
      850000      150014  2.1356948E-02  -9.412629    
      850000      160015  2.8281130E-02  -7.568767    
      850000      170016  3.5830177E-02  -6.103623    
      850000      180017  5.1060211E-02  -5.844862    
      850000      190018  5.5406347E-02  -5.865496    
      850000      200019  2.6635597E-02  -5.934049    
      850000      200021  1.3851826E-03   12.56847    
      850000      450044  2.3484679E-02  -17.41473    
      850000      460045  6.9169447E-02  -14.82224    
      850000      470046  7.9938568E-02  -9.953504    
      850000      480047  4.1284278E-02  -9.392723    
      850000      490048  5.5735022E-02  -5.341700    
      850000      570056  2.2158403E-02  -18.16430    
      850000      580057  2.3499370E-02  -15.81316    
      850000      590058  2.1412853E-02  -14.26345    
      850000      600059  3.1268343E-02  -21.92054    
      850000      610060  6.5583631E-02  -14.29097    
      850000      510050  2.9882098E-02  -20.56734    
      850000      520051  0.1000838      -12.19418    
      850000      540053  5.0613977E-02  -7.053646    
      850000      550054  5.4361209E-02  -5.132843    
      850000      630062  2.4134686E-02  -16.48276    
      850000      640063  2.1012312E-02  -15.96618    
      850000      650064  2.9634258E-02  -15.78241    
      850000      660065  3.8973629E-02  -23.72732    
      850000      670066  7.5774215E-02  -8.066340    
      690000      230022  6.4044297E-03  -10.01040    
      690000      240023  2.8271344E-03  -8.664895    
      690000      240025  1.1964916E-03  -25.27494    
      690000      250026  5.0120428E-04  -53.53990    
      690000      260027  2.1401013E-03  -19.67153    
      690000      270028  3.0134053E-03  -21.33170    
      690000      290028  2.4087990E-03  -12.54738    
      690000      300029  3.2505710E-04   47.11266    
      690000      440045  3.7758932E-03  -26.06344    
      690000      480049  2.7612417E-03  -11.82722    
      690000      570056  1.2902653E-02  -18.26851    
      690000      580057  2.8673187E-03  -15.95216    
      690000      580059  5.1398654E-03  -12.79066    
      690000      590060  1.2136046E-02  -24.28143    
      690000      340033  3.3536870E-03  -6.749407    
      690000      350034  1.6132733E-03  -7.601662    
      690000      350036  1.3754617E-03  -27.23899    
      690000      370038  3.6211654E-03  -17.47221    
      690000      400039  9.6564705E-04   2.874359    
      690000      530054  2.7164726E-03  -12.84765    
      690000      540055  2.7103431E-03  -11.37111    
      690000      630062  9.4976863E-03  -17.32149    
      690000      630064  1.3735705E-03  -9.955839    
      690000      640065  1.1347080E-02  -17.39032    
      690000      650066  1.4025136E-02  -28.03522    
      700000      230022  1.0564197E-02  -11.68640    
      700000      240023  6.8346513E-03  -13.42327    
      700000      250024  2.1057830E-03  -15.66744    
      700000      260025  2.0637568E-03  -9.149072    
      700000      260027  1.2043138E-03  -14.53145    
      700000      270028  2.8157046E-03  -19.37683    
      700000      290028  4.8442120E-03  -17.51656    
      700000      300029  1.2016662E-03  0.2918637    
      700000      440045  2.7025172E-03  -31.86916    
      700000      480049  4.0858528E-03  -12.41616    
      700000      570056  3.0583046E-02  -19.28261    
      700000      580057  2.0342683E-02  -17.94280    
      700000      590058  2.2339083E-03  -38.64970    
      700000      590060  1.3687037E-02  -23.62403    
      700000      600061  3.6488071E-02  -19.63885    
      700000      340033  7.1878950E-03  -11.23855    
      700000      350034  5.5096508E-03  -14.88792    
      700000      360035  1.5077295E-03  -11.43478    
      700000      370036  9.5101260E-04  -3.273269    
      700000      370038  3.6344514E-03  -14.99737    
      700000      400039  2.4399159E-03  -10.42729    
      700000      420043  2.9442171E-03  -10.56362    
      700000      530054  3.9650262E-03  -13.12945    
      700000      540055  4.0472271E-03  -12.27732    
      700000      630062  2.9164489E-02  -18.17466    
      700000      640063  1.1643971E-02  -20.76577    
      700000      640065  9.4483141E-03  -15.34437    
      700000      650066  1.9678073E-02  -27.34096    
      700000      660067  4.0944662E-02  -14.99977    
      710000      230022  1.3064466E-02  -11.98795    
      710000      240023  9.5952665E-03  -14.09686    
      710000      250024  4.8093237E-03  -16.90920    
      710000      270026  2.8399540E-05  -450.4746    
      710000      270028  1.8325376E-03  -13.99638    
      710000      290028  7.7947825E-03  -19.77155    
      710000      300029  2.6167128E-03  -11.05768    
      710000      440045  5.4260323E-05  -830.3197    
      710000      480049  5.1931911E-03  -12.75984    
      710000      570056  4.0017456E-02  -19.02457    
      710000      590058  1.4605118E-02  -20.03145    
      710000      590060  5.7533598E-03  -21.05980    
      710000      600061  4.3389447E-02  -18.90774    
      710000      340033  9.7124651E-03  -12.04393    
      710000      350034  8.3613731E-03  -15.52010    
      710000      360035  3.9835759E-03  -15.45184    
      710000      370036  2.8303773E-03  -13.46221    
      710000      370038  2.9768022E-03  -10.74233    
      710000      390038  5.3148014E-03  -20.74906    
      710000      400039  4.5227744E-03  -15.27969    
      710000      410040  8.1643305E-04  -17.77358    
      710000      630062  4.1500710E-02  -17.69565    
      710000      640063  2.5321536E-02  -18.82783    
      710000      650064  1.9392706E-03  -35.59947    
      710000      650066  1.8019391E-02  -25.44417    
      710000      660067  5.2899007E-02  -15.37247    
      720000      230022  1.6888436E-02  -12.54950    
      720000      240023  1.4646383E-02  -15.11137    
      720000      250024  1.0911169E-02  -18.10451    
      720000      260025  9.8566404E-03  -16.47315    
      720000      270026  4.6064877E-03  -27.30334    
      720000      280027  4.2914301E-03  -32.18172    
      720000      290028  2.1034099E-02  -22.13787    
      720000      300029  1.0633318E-02  -18.15225    
      720000      310030  3.6987637E-03  -29.37935    
      720000      450044  1.1582482E-02  -17.11827    
      720000      480049  8.2943225E-03  -14.17999    
      720000      570056  4.6527568E-02  -18.40480    
      720000      580057  5.1619705E-02  -16.66117    
      720000      590058  4.5222167E-02  -16.69973    
      720000      600059  4.6657462E-02  -24.93252    
      720000      340033  1.4113670E-02  -13.23985    
      720000      350034  1.3987179E-02  -16.47088    
      720000      370036  8.1584938E-03  -18.18492    
      720000      380037  1.2365896E-03  -68.62263    
      720000      390038  1.6298009E-02  -24.04832    
      720000      400039  1.5185809E-02  -19.02583    
      720000      410040  7.0379195E-03  -22.02895    
      720000      530054  6.3685556E-03  -14.51784    
      720000      540055  9.5083574E-03  -14.58954    
      720000      630062  5.2669041E-02  -16.94786    
      720000      640063  4.7555730E-02  -17.47686    
      720000      650064  4.9553137E-02  -18.62540    
      720000      660065  3.1761870E-02  -29.89316    
      720000      660067  4.7945116E-02  -20.61483    
      730000      230022  1.7918514E-02  -11.91420    
      730000      240023  1.6963411E-02  -14.14057    
      730000      250024  1.5082672E-02  -16.16586    
      730000      260025  1.4242402E-02  -15.06089    
      730000      270026  1.0437109E-02  -20.99196    
      730000      290028  4.2905599E-02  -17.64322    
      730000      300029  2.5999347E-02  -13.46712    
      730000      310030  1.3215516E-02  -16.51289    
      730000      450044  2.3091536E-02  -16.56650    
      730000      460045  4.3514919E-02  -17.49101    
      730000      470046  3.0431891E-02  -17.36334    
      730000      480047  3.0399248E-04   172.3307    
      730000      480049  1.1838610E-02  -12.87572    
      730000      570056  3.6847316E-02  -17.76951    
      730000      580057  4.2290848E-02  -15.57728    
      730000      590058  4.4741597E-02  -13.98731    
      730000      600059  7.7961192E-02  -21.24248    
      730000      610060  0.1782929      -11.51551    
      730000      340033  1.5971256E-02  -12.52261    
      730000      350034  1.6999485E-02  -15.18029    
      730000      360035  1.4288009E-02  -15.93045    
      730000      370036  1.3309396E-02  -16.43966    
      730000      380037  8.4654158E-03  -24.26246    
      730000      390038  3.4003101E-02  -19.81089    
      730000      400039  3.4379739E-02  -14.13808    
      730000      410040  1.9998815E-02  -15.19515    
      730000      420041  4.1283015E-03  -17.86908    
      730000      630062  4.1840244E-02  -16.12737    
      730000      640063  4.0664025E-02  -15.78862    
      730000      650064  6.4372830E-02  -15.34339    
      730000      660065  0.1116351      -21.94098    
      730000      670066  0.1342352      -1.611426    
      740000      230022  1.7814174E-02  -11.60040    
      740000      240023  1.7453961E-02  -13.64923    
      740000      250024  1.6595371E-02  -15.26746    
      740000      260025  1.6073106E-02  -14.28977    
      740000      270026  1.3686963E-02  -18.89229    
      740000      290028  5.7802334E-02  -15.50786    
      740000      300029  3.7553858E-02  -11.39819    
      740000      310030  2.1190953E-02  -13.24530    
      740000      310032  5.6237797E-03  -12.00740    
      740000      450044  2.6649233E-02  -16.48448    
      740000      460045  6.6599883E-02  -15.33474    
      740000      470046  6.6672787E-02  -12.04214    
      740000      480047  8.9634266E-03   2.030949    
      740000      480049  1.4283930E-02  -12.12766    
      740000      570056  3.0821923E-02  -17.72333    
      740000      580057  3.4632351E-02  -15.37510    
      740000      590058  3.6001749E-02  -13.51798    
      740000      600059  6.3253932E-02  -20.86690    
      740000      610060  0.2036957      -11.44603    
      740000      340033  1.6293557E-02  -12.13239    
      740000      350034  1.7832087E-02  -14.54697    
      740000      360035  1.6008150E-02  -15.05315    
      740000      370036  1.5799042E-02  -15.47330    
      740000      380037  1.2994446E-02  -20.16698    
      740000      390038  4.5704309E-02  -17.81094    
      740000      400039  4.8093278E-02  -11.96373    
      740000      410040  3.0311160E-02  -12.73723    
      740000      420041  7.7166921E-03  -12.52715    
      740000      520051  8.7159745E-02  -13.55840    
      740000      530054  2.0839290E-03  -50.07381    
      740000      540055  2.3232680E-02  -10.16464    
      740000      630062  3.4543201E-02  -16.02420    
      740000      640063  3.2747168E-02  -15.45039    
      740000      650064  5.2915901E-02  -14.89571    
      740000      660065  9.6967869E-02  -21.59496    
      740000      670066  0.3372279      -6.002096    
      750000      230022  1.7631009E-02  -11.47226    
      750000      240023  1.7547509E-02  -13.42393    
      750000      250024  1.7206462E-02  -14.83063    
      750000      260025  1.6872883E-02  -13.89561    
      750000      270026  1.5342139E-02  -17.91742    
      750000      280027  2.6219442E-02  -17.02098    
      750000      290028  6.6231839E-02  -14.46614    
      750000      300029  4.5140889E-02  -10.44761    
      750000      310030  2.8200952E-02  -11.72715    
      750000      310032  5.1080850E-03  -13.11575    
      750000      450044  2.7442126E-02  -16.56015    
      750000      460045  7.6980971E-02  -14.53130    
      750000      470046  8.8592052E-02  -10.46084    
      750000      480047  2.2710517E-02  -3.092292    
      750000      480049  1.1262225E-02  -13.83120    
      750000      570056  2.7885640E-02  -17.89588    
      750000      580057  3.0781889E-02  -15.52618    
      750000      590058  3.0883623E-02  -13.71792    
      750000      600059  5.1433407E-02  -21.21329    
      750000      610060  0.1470566      -12.53465    
      750000      340033  1.6322676E-02  -11.95420    
      750000      350034  1.8088225E-02  -14.24826    
      750000      360035  1.6736837E-02  -14.61953    
      750000      370036  1.6980827E-02  -14.96680    
      750000      380037  1.5425259E-02  -18.59798    
      750000      390038  5.2140955E-02  -16.83405    
      750000      400039  5.6306925E-02  -10.93182    
      750000      410040  3.8111724E-02  -11.61169    
      750000      420041  1.1588867E-02  -10.35549    
      750000      510050  3.5245329E-02  -19.41090    
      750000      520051  0.1081589      -12.37443    
      750000      540053  9.5890202E-03   3.676621    
      750000      540055  2.9396575E-02  -9.284904    
      750000      630062  3.0966595E-02  -16.19492    
      750000      640063  2.8615674E-02  -15.60609    
      750000      650064  4.4828158E-02  -15.14813    
      750000      660065  7.4431837E-02  -22.30447    
      750000      670066  0.2349650      -7.037917    
      760000      230022  1.7033927E-02  -11.29513    
      760000      240023  1.7210396E-02  -13.18214    
      760000      250024  1.7404070E-02  -14.43931    
      760000      260025  1.7231137E-02  -13.57313    
      760000      270026  1.6656896E-02  -17.14871    
      760000      280027  2.9517001E-02  -16.23305    
      760000      290028  7.3381826E-02  -13.69253    
      760000      300029  5.7837278E-02  -10.05965    
      760000      310030  5.7925891E-02  -9.895010    
      760000      320031  1.2331123E-02  -3.353532    
      760000      450044  2.5984133E-02  -16.83183    
      760000      460045  7.7551819E-02  -14.34366    
      760000      470046  9.6459836E-02  -9.767772    
      760000      480047  6.0884964E-02  -7.417254    
      760000      490048  0.1487777      -4.417948    
      760000      570056  2.4745036E-02  -17.86321    
      760000      580057  2.6676081E-02  -15.47815    
      760000      590058  2.5297996E-02  -13.75748    
      760000      600059  3.8744837E-02  -21.29509    
      760000      610060  8.8866994E-02  -13.27114    
      760000      340033  1.5968686E-02  -11.75256    
      760000      350034  1.7892769E-02  -13.94975    
      760000      360035  1.7054733E-02  -14.25130    
      760000      370036  1.7734295E-02  -14.56837    
      760000      380037  1.7589644E-02  -17.47470    
      760000      390038  5.7063006E-02  -16.13535    
      760000      400039  6.5490790E-02  -10.27913    
      760000      410040  5.9825759E-02  -10.74716    
      760000      420041  3.8337748E-02  -8.006371    
      760000      420043  5.2175316E-04  -83.92918    
      760000      510050  3.3523176E-02  -19.80098    
      760000      520051  0.1135382      -11.93351    
      760000      540053  0.1069701      -6.044836    
      760000      550054  3.4757271E-02   2.302430    
      760000      630062  2.7170653E-02  -16.16121    
      760000      640063  2.4232987E-02  -15.57481    
      760000      650064  3.5672806E-02  -15.21765    
      760000      660065  5.0695729E-02  -22.81303    
      760000      670066  0.1096379      -7.134667    
