         988
      770000      230022  1.6202664E-02  -5.726286    
      770000      240023  1.3851168E-02   1.043277    
      770000      250024  9.8324213E-03   9.684222    
      770000      260025  1.5541144E-02  -11.05758    
      770000      270026  1.8199002E-02  -13.73359    
      770000      280027  3.0446408E-02  -14.63557    
      770000      290028  8.8561662E-02  -15.21662    
      770000      300029  6.6659696E-02  -10.63706    
      770000      310030  0.1067708      -8.308010    
      770000      320031  7.5197592E-02  -6.076395    
      770000      450044  1.2805348E-02  -14.66977    
      770000      460045  8.5753217E-02  -14.59417    
      770000      470046  0.1000099      -7.148235    
      770000      480047  3.7678123E-02  -9.629565    
      770000      490048  0.1462720      -6.204737    
      770000      570056  2.4235822E-02  -15.48884    
      770000      580057  2.5949031E-02  -16.52001    
      770000      590058  2.2111444E-02  -16.64533    
      770000      600059  2.1170154E-02  -27.71342    
      770000      610060  7.5518988E-02  -15.09895    
      770000      340033  1.4192641E-02 -0.9432074    
      770000      350034  1.2971509E-02  -2.791690    
      770000      360035  1.1321080E-02   3.216432    
      770000      370036  2.1035535E-02  -15.69763    
      770000      380037  1.1608586E-02  -2.642873    
      770000      390038  6.8545565E-02  -17.89020    
      770000      400039  7.5876474E-02  -11.24839    
      770000      410040  8.5608140E-02  -9.940084    
      770000      420041  8.8170394E-02  -7.709276    
      770000      430042  0.1271413      -4.122450    
      770000      510050  1.3305252E-02  -30.73349    
      770000      520051  0.1363142      -12.27465    
      770000      540053  8.7039411E-02  -7.125219    
      770000      550054  0.3694297      -2.723987    
      770000      630062  2.7490767E-02  -16.73177    
      770000      640063  2.4585830E-02  -15.14621    
      770000      650064  2.4985475E-02  -17.76853    
      770000      660065  3.0935803E-02  -32.22871    
      770000      670066  0.1010615      -7.920170    
      780000      230022  1.5559808E-02  -6.083136    
      780000      240023  1.3625698E-02 -0.8398496    
      780000      250024  1.0350334E-02   8.597281    
      780000      260025  1.5226607E-02  -11.28617    
      780000      270026  1.8258993E-02  -13.63795    
      780000      280027  3.0428253E-02  -14.41764    
      780000      290028  8.3584748E-02  -15.34610    
      780000      300029  6.5684468E-02  -10.70023    
      780000      310030  0.1157883      -7.635869    
      780000      320031  0.1450379      -5.902277    
      780000      450044  1.2048527E-02  -15.19303    
      780000      460045  7.9244062E-02  -14.91745    
      780000      470046  8.9875869E-02  -7.377074    
      780000      480047  2.9434627E-02  -10.24307    
      780000      490048  8.7676123E-02  -6.973783    
      780000      570056  2.2951059E-02  -15.60781    
      780000      580057  2.4487186E-02  -16.64811    
      780000      590058  2.0710580E-02  -16.78444    
      780000      600059  1.9516259E-02  -27.48300    
      780000      610060  6.7867152E-02  -15.41181    
      780000      340033  1.3869551E-02  -2.165122    
      780000      350034  1.2902914E-02  -3.717300    
      780000      360035  1.1677729E-02   2.634649    
      780000      370036  2.0309145E-02  -15.90249    
      780000      380037  1.3032415E-02  -3.114332    
      780000      390038  6.4897515E-02  -18.03150    
      780000      400039  7.2842777E-02  -11.36264    
      780000      410040  8.8947125E-02  -9.458290    
      780000      420041  0.1046144      -6.860209    
      780000      430042  0.4325058      -5.058278    
      780000      520051  0.1249787      -12.58629    
      780000      540053  6.1030563E-02  -7.338411    
      780000      550054  0.1156221      -3.861624    
      780000      630062  2.6004042E-02  -16.85971    
      780000      640063  2.3124671E-02  -15.27092    
      780000      650064  2.3272797E-02  -17.85176    
      780000      670066  9.0127401E-02  -8.198026    
      860000       20001  1.0935131E-02  -13.03376    
      860000       30002  2.3063201E-02  -15.11602    
      860000       40003  2.3958156E-02  -16.55975    
      860000       50004  8.3528021E-03  -17.37005    
      860000       60005  1.0357556E-02  -17.50171    
      860000       70006  2.1634068E-02  -16.42495    
      860000       80007  3.2659844E-02  -14.05091    
      860000       90008  5.5990880E-03  -7.536890    
      860000       90010  1.0223548E-02  -12.97981    
      860000      100011  6.9990763E-03  -22.08769    
      860000      110012  5.8136829E-03  -18.88142    
      860000      120013  1.0091000E-02  -16.95913    
      860000      130014  6.1849006E-03  -14.92475    
      860000      140015  4.2795306E-03  -12.95042    
      860000      150016  3.7600482E-03  -13.75399    
      860000      160017  3.1422838E-03  -15.02893    
      860000      170018  3.1929617E-03  -12.66380    
      860000      180019  3.5568213E-03  -12.28950    
      860000      190020  2.9596891E-03  -10.92433    
      860000      200021  2.9625951E-03  -11.09109    
      860000      230022  4.0776905E-02  -8.563097    
      860000      240023  4.0798143E-02  -4.008833    
      860000      250024  2.3739135E-02  -9.460338    
      860000      260025  3.2094490E-02  -18.74468    
      860000      260027  2.1243734E-02  -8.378833    
      860000      270028  7.1944378E-02  -17.59635    
      860000      300031  9.2243822E-03  -11.74961    
      860000      310032  3.7603115E-03  -11.45955    
      860000      570056  5.4160107E-02  -19.93748    
      860000      580057  5.2548077E-02  -20.19909    
      860000      590058  4.8101055E-03  -82.05555    
      860000      590060  2.7676560E-02  -64.02723    
      860000      600061  4.9952272E-02  -25.99978    
      860000      340033  3.8636222E-02  -5.039924    
      860000      350034  3.8798817E-02  -10.82734    
      860000      360035  2.4350189E-02  -13.68813    
      860000      370036  2.6118692E-02  -19.38929    
      860000      370038  8.1873268E-02  -12.49740    
      860000      380039  2.6818756E-02  -23.19405    
      860000      400041  1.0306299E-02  -14.32593    
      860000      410042  4.7897822E-03  -10.50573    
      860000      420043  4.8905513E-03  -10.85214    
      860000      630062  6.5170832E-02  -20.31697    
      860000      640063  3.0688956E-02  -21.49232    
      860000      640065  2.4080271E-02  -37.71157    
      860000      650066  2.5917947E-02  -48.50135    
      860000      660067  5.8537565E-02  -19.50089    
      870000       20001  1.0896077E-02  -12.22659    
      870000       30002  2.3091123E-02  -14.21748    
      870000       40003  2.4200225E-02  -15.54018    
      870000       50004  8.5882470E-03  -16.11632    
      870000       60005  1.1040157E-02  -15.98704    
      870000       70006  2.4274617E-02  -15.08394    
      870000       80007  3.9235786E-02  -13.90357    
      870000       90008  9.3473205E-03  -15.30704    
      870000      100011  5.4725981E-03  -16.77603    
      870000      110012  5.4660491E-03  -15.17207    
      870000      120013  9.8323794E-03  -13.69854    
      870000      130014  6.2605198E-03  -12.34511    
      870000      140015  4.4688387E-03  -10.82745    
      870000      150016  4.0155333E-03  -11.92408    
      870000      160017  3.4262070E-03  -13.73410    
      870000      170018  3.5354691E-03  -11.79666    
      870000      180019  3.9742072E-03  -11.77398    
      870000      190020  3.3239408E-03  -10.68240    
      870000      200021  3.3155715E-03  -10.90995    
      870000      230022  3.1901419E-02  -11.16790    
      870000      240023  3.1032126E-02  -7.898406    
      870000      250024  2.2074312E-02  -11.14101    
      870000      260025  4.0449843E-02  -21.95322    
      870000      270026  2.1037545E-02  -30.56517    
      870000      270028  4.6124168E-02  -20.51319    
      870000      290030  2.5051825E-02  -26.55170    
      870000      300031  1.8426770E-02  -22.82266    
      870000      310032  5.4933103E-03  -18.30268    
      870000      570056  4.2457961E-02  -18.54170    
      870000      580057  4.5300961E-02  -17.30149    
      870000      590058  3.5995524E-02  -17.45322    
      870000      600059  7.8688245E-03   94.81281    
      870000      600061  5.5280868E-02  -23.41063    
      870000      340033  2.9658625E-02  -8.284783    
      870000      350034  3.0280657E-02  -14.53791    
      870000      360035  2.7182493E-02  -16.21934    
      870000      370036  5.2300721E-02  -22.85449    
      870000      370038  4.5146946E-02  -12.95301    
      870000      380039  7.8698937E-03  -40.07795    
      870000      400041  2.1411825E-02  -25.35605    
      870000      410042  9.2265606E-03  -22.14047    
      870000      420043  6.4726784E-03  -15.39806    
      870000      630062  4.9733810E-02  -19.26232    
      870000      640063  4.0427234E-02  -13.40042    
      870000      650064  3.1491499E-02  -10.14443    
      870000      650066  2.4776028E-02  -49.15165    
      870000      660067  6.5162994E-02  -17.28526    
      880000       20001  9.2103565E-03  -12.07948    
      880000       30002  1.9569894E-02  -14.33796    
      880000       40003  2.0741798E-02  -15.93749    
      880000       50004  7.5726747E-03  -17.06208    
      880000       60005  1.0518911E-02  -18.18339    
      880000       70006  2.6837075E-02  -19.29109    
      880000       80007  5.6262150E-02  -20.70387    
      880000       90008  3.2904033E-02  -20.79559    
      880000      100009  4.6454392E-02  -12.39005    
      880000      120011  1.8049205E-02  -8.601481    
      880000      130012  2.9632254E-02  -6.031960    
      880000      140013  1.3579633E-02   2.580414    
      880000      150014  3.7393887E-03   20.51285    
      880000      160017  7.0112096E-03  -13.16373    
      880000      170018  9.7918017E-03  -9.130253    
      880000      180019  1.1651979E-02  -9.135056    
      880000      190020  9.4481427E-03  -8.381272    
      880000      200021  8.1863832E-03  -8.727021    
      880000      230022  1.9173551E-02  -6.380567    
      880000      240023  1.6736515E-02 -0.3411507    
      880000      250024  1.2432485E-02   5.588157    
      880000      260025  2.1031665E-02  -13.61632    
      880000      270026  2.8952833E-02  -18.60015    
      880000      280027  6.3440122E-02  -21.10556    
      880000      290028  0.1681159      -16.94186    
      880000      300029  3.7862625E-02  -5.132718    
      880000      300031  7.2686493E-02  -16.91287    
      880000      310032  3.3775631E-02  -17.29069    
      880000      570056  2.8499203E-02  -15.22154    
      880000      580057  3.1021038E-02  -15.77252    
      880000      590058  2.7899230E-02  -15.39868    
      880000      600059  2.7172949E-02  -22.27591    
      880000      610060  8.1702724E-02  -16.20238    
      880000      340033  1.6918799E-02  -1.976507    
      880000      350034  1.5938113E-02  -4.741762    
      880000      360035  1.4848731E-02  -1.062422    
      880000      370036  3.0116450E-02  -18.20662    
      880000      380037  2.3945190E-02  -16.78168    
      880000      390038  0.1411300      -20.65220    
      880000      400039  0.1061538      -12.16886    
      880000      400041  2.5211932E-02  -23.47211    
      880000      410042  5.5929046E-02  -18.21478    
      880000      420043  3.5480145E-02  -15.64527    
      880000      630062  3.2613661E-02  -16.34435    
      880000      640063  2.9799482E-02  -13.90374    
      880000      650064  3.2528456E-02  -15.07784    
      880000      660065  3.7302047E-02  -29.79675    
      880000      670066  9.2842393E-02  -8.979246    
      890000       20001  8.8079209E-03  -12.48089    
      890000       30002  1.8698219E-02  -14.79724    
      890000       40003  1.9829243E-02  -16.44463    
      890000       50004  7.2557889E-03  -17.64727    
      890000       60005  1.0168280E-02  -18.86751    
      890000       70006  2.6455907E-02  -19.96704    
      890000       80007  5.7280626E-02  -21.09344    
      890000       90008  3.5887141E-02  -19.76019    
      890000      100009  5.4519437E-02  -10.07175    
      890000      110010  2.8772594E-02  -11.82680    
      890000      120011  2.5025995E-02  -6.619720    
      890000      130012  4.6298541E-02  -5.817133    
      890000      140013  3.2135583E-02  -4.300929    
      890000      150014  2.4588587E-02  -3.290377    
      890000      160015  1.3880217E-02  -3.783825    
      890000      160017  6.0449643E-03  -22.45432    
      890000      170018  2.0123202E-02  -8.452931    
      890000      180019  2.3997810E-02  -7.878139    
      890000      190020  1.7278425E-02  -6.959861    
      890000      200021  1.3288180E-02  -7.383658    
      890000      230022  1.7241262E-02  -5.692385    
      890000      240023  1.4590777E-02   1.843205    
      890000      250024  1.0040168E-02   9.575757    
      890000      260025  1.6783906E-02  -11.35332    
      890000      270026  2.0228576E-02  -14.71833    
      890000      280027  3.6871869E-02  -16.32207    
      890000      290028  0.1100317      -15.49108    
      890000      300029  7.3614180E-02  -10.77514    
      890000      310030  4.8158184E-02  -9.348708    
      890000      310032  2.1222236E-02  -10.72423    
      890000      570056  2.6106203E-02  -15.48419    
      890000      580057  2.8171448E-02  -16.46733    
      890000      590058  2.4453469E-02  -16.58413    
      890000      600059  2.4195671E-02  -27.96466    
      890000      610060  9.0146713E-02  -14.87781    
      890000      340033  1.4971531E-02 -0.4757442    
      890000      350034  1.3621186E-02  -2.623001    
      890000      360035  1.1793685E-02   2.767173    
      890000      370036  2.3192970E-02  -15.98851    
      890000      380037  1.3237010E-02  -6.441957    
      890000      390038  8.4995888E-02  -18.32444    
      890000      400039  9.1807611E-02  -11.66328    
      890000      410040  6.8293191E-02  -11.17871    
      890000      420041  1.1612381E-02  -5.521266    
      890000      420043  3.6553852E-02  -10.53634    
      890000      630062  2.9701523E-02  -16.70733    
      890000      640063  2.6873410E-02  -15.06497    
      890000      650064  2.8000977E-02  -17.65537    
      890000      660065  3.6785621E-02  -31.89983    
      890000      670066  0.1209815      -7.578972    
      900000       20001  1.1153025E-02  -10.07483    
      900000       30002  2.0730225E-02  -12.40914    
      900000       40003  1.8006274E-02  -15.21539    
      900000       50004  4.4658524E-03  -20.26821    
      900000       60005  2.2599522E-03  -40.61970    
      900000       60007  2.3310406E-03   46.87500    
      900000       70008  1.4521808E-02  -4.373944    
      900000       80009  1.3170925E-02  -18.96515    
      900000       90010  2.1820420E-02  -17.58013    
      900000      100011  1.0262092E-02  -20.75147    
      900000      110012  5.4712617E-03  -20.22148    
      900000      120013  8.4976982E-03  -18.58434    
      900000      130014  4.6871928E-03  -16.63593    
      900000      140015  3.0263748E-03  -14.89626    
      900000      150016  2.6029053E-03  -15.87055    
      900000      160017  2.1660407E-03  -16.98224    
      900000      170018  2.2099651E-03  -14.37040    
      900000      180019  2.4806135E-03  -13.76842    
      900000      190020  2.0942823E-03  -12.18718    
      900000      200021  2.1548045E-03  -12.25263    
      900000      230022  1.9897779E-02   4.836505    
      900000      230024  3.1365491E-02  -68.32004    
      900000      240025  7.1496993E-02  -8.590879    
      900000      250026  3.4826912E-02  -21.06557    
      900000      260027  2.2143705E-02  -20.37825    
      900000      270028  2.7738579E-02  -21.15207    
      900000      290028  3.2356342E-03  -49.38734    
      900000      290030  1.0266759E-03  -7.804131    
      900000      440045  2.8822441E-02  -20.31390    
      900000      450046  3.5390735E-02  -29.67914    
      900000      460047  2.8284725E-02  -21.68377    
      900000      480049  3.9159474E-03  -18.85238    
      900000      340035  4.5606133E-02  -31.00370    
      900000      350036  6.4462297E-02  -10.82257    
      900000      360037  1.8392922E-02  -24.15814    
      900000      370038  3.6537074E-02  -17.35448    
      900000      390040  6.6555967E-04  -11.43026    
      900000      500051  1.7509354E-02  -33.02670    
      900000      510052  4.8968781E-02  -27.24006    
      900000      530054  3.6962156E-03  -19.58085    
      900000      540055  3.1393161E-03  -14.98007    
      910000       20001  1.5516846E-02  -11.24607    
      910000       30002  3.2742262E-02  -13.53638    
      910000       40003  3.3246487E-02  -15.61942    
      910000       50004  1.1008227E-02  -18.05020    
      910000       60005  1.1845306E-02  -21.84600    
      910000       70006  1.8249702E-02  -26.64672    
      910000       80007  1.3647655E-02  -32.85746    
      910000       80009  1.0859954E-02  -19.00687    
      910000       90010  3.4083903E-02  -14.61840    
      910000      100011  1.6870610E-02  -19.07681    
      910000      110012  8.7640705E-03  -19.77580    
      910000      120013  1.3425095E-02  -18.23549    
      910000      130014  7.3245154E-03  -16.35500    
      910000      140015  4.6567651E-03  -14.65686    
      910000      150016  3.9222045E-03  -15.71827    
      910000      160017  3.1779672E-03  -16.84746    
      910000      170018  3.1529905E-03  -14.34535    
      910000      180019  3.4563942E-03  -13.78533    
      910000      190020  2.8436256E-03  -12.23591    
      910000      200021  2.8439781E-03  -12.25564    
      910000      240023  1.1377693E-02   36.12355    
      910000      240025  6.6898004E-03  -19.81040    
      910000      260025  6.0347333E-03  -6.750504    
      910000      260027  9.0681510E-03  -24.05632    
      910000      270028  3.0115867E-02  -23.33375    
      910000      290028  7.5169085E-03  -26.68542    
      910000      290030  4.6465686E-04  -53.83545    
      910000      310032  2.4388293E-03  -8.409145    
      910000      440045  4.3721776E-02  -25.29416    
      910000      450046  4.6905562E-02  -29.07060    
      910000      460047  4.1489284E-02  -19.71158    
      910000      470048  4.4524590E-03  -26.36198    
      910000      480049  5.6720488E-03  -18.69662    
      910000      340033  1.4960743E-02   11.93315    
      910000      350034  6.7449785E-03   22.08830    
      910000      350036  5.0520226E-03  -23.91413    
      910000      370036  9.7908238E-03  -11.69013    
      910000      370038  3.8263384E-02  -18.69103    
      910000      400039  9.0012938E-04   31.23797    
      910000      500051  2.6099669E-02  -30.83865    
      910000      510052  6.9150679E-02  -26.74730    
      910000      530054  5.3501050E-03  -19.25274    
      910000      540055  4.5100846E-03  -14.97685    
      920000       20001  1.3190066E-02  -13.47560    
      920000       30002  2.8568408E-02  -15.75483    
      920000       40003  3.0645458E-02  -17.31840    
      920000       50004  1.1400536E-02  -18.30465    
      920000       60005  1.5709348E-02  -18.77286    
      920000       70006  3.6003396E-02  -18.32594    
      920000       80007  5.6857526E-02  -16.94679    
      920000       90008  8.8490201E-03  -16.47172    
      920000       90010  2.2446273E-02  -8.893351    
      920000      100011  1.4593375E-02  -19.94877    
      920000      110012  1.0561098E-02  -20.75453    
      920000      120013  1.7631439E-02  -19.19421    
      920000      130014  1.0414913E-02  -17.35578    
      920000      140015  6.8991072E-03  -15.47240    
      920000      150016  5.7667545E-03  -16.33688    
      920000      160017  4.5508556E-03  -17.28105    
      920000      170018  4.3821377E-03  -14.72632    
      920000      180019  4.6873279E-03  -14.07921    
      920000      190020  3.7614245E-03  -12.44604    
      920000      200021  3.6685122E-03  -12.35328    
      920000      230022  2.3857962E-02  -8.820924    
      920000      240023  1.8462740E-02   3.808988    
      920000      250024  6.5698312E-03  0.4670207    
      920000      260025  1.6284253E-02  -15.25399    
      920000      270026  9.0419309E-04  -6.159607    
      920000      270028  2.2280481E-02  -20.45743    
      920000      290028  1.6737880E-02  -25.87137    
      920000      300029  2.6454364E-03  -21.40865    
      920000      310032  3.0398292E-03  -6.441562    
      920000      450044  1.7271517E-02   7.388170    
      920000      450046  3.5754982E-02  -26.82864    
      920000      460047  5.8134276E-02  -14.75053    
      920000      470048  6.4925817E-03  -23.28703    
      920000      480049  8.0182580E-03  -17.71766    
      920000      340033  1.9451739E-02  -1.095410    
      920000      350034  1.5937787E-02  -6.264382    
      920000      360035  8.1674038E-03  -5.384646    
      920000      370038  3.0401183E-02  -16.64893    
      920000      400039  6.3844137E-03  -15.92437    
      920000      420043  4.8693796E-03  -9.128348    
      920000      510050  1.2490859E-02  -38.71783    
      920000      510052  8.0599025E-02  -26.95370    
      920000      530054  7.5782593E-03  -17.19212    
      920000      540055  6.3078026E-03  -14.97843    
      930000       20001  1.1398550E-02  -13.01819    
      930000       30002  2.4558317E-02  -15.42365    
      930000       40003  2.6434628E-02  -17.12301    
      930000       50004  1.0016415E-02  -18.42254    
      930000       60005  1.4874771E-02  -19.72320    
      930000       70006  4.0618662E-02  -20.84319    
      930000       80007  9.0419844E-02  -21.97442    
      930000       90008  5.6504477E-02  -20.90870    
      930000      100009  7.7137068E-02  -9.929174    
      930000      110010  2.8683772E-02  -1.902941    
      930000      110012  2.1042073E-02  -17.14453    
      930000      120013  5.5877730E-02  -14.83162    
      930000      130014  3.7826218E-02  -13.45669    
      930000      140015  2.3832204E-02  -12.23918    
      930000      150016  1.7580483E-02  -14.28262    
      930000      160017  1.2009590E-02  -15.93869    
      930000      170018  1.0104635E-02  -14.34673    
      930000      180019  9.7484021E-03  -14.09963    
      930000      190020  7.0650773E-03  -12.75568    
      930000      200021  6.2134224E-03  -12.64983    
      930000      230022  2.0569216E-02  -6.013624    
      930000      240023  1.6361421E-02   5.236113    
      930000      250024  7.6475870E-03   6.497005    
      930000      260025  1.5881786E-02  -12.51343    
      930000      270026  8.2679819E-03  -21.54006    
      930000      280027  3.2969782E-04  -474.7011    
      930000      290028  4.8112247E-02  -23.38404    
      930000      300029  2.3440219E-02  -19.72522    
      930000      310030  1.2606875E-02  -28.44864    
      930000      450044  1.8471215E-02  -4.011683    
      930000      460045  4.0737212E-02  -17.42565    
      930000      470046  1.1029834E-02  -73.64968    
      930000      470048  6.7888247E-03  -30.21643    
      930000      480049  1.5634706E-02  -17.88369    
      930000      340033  1.7111111E-02   1.059918    
      930000      350034  1.4489047E-02  -2.836424    
      930000      360035  9.2390329E-03 -0.2985481    
      930000      370036  2.0524736E-02  -15.95729    
      930000      370038  1.2839556E-02  -8.386368    
      930000      390038  3.5549592E-02  -25.28559    
      930000      400039  3.3994380E-02  -19.36781    
      930000      410040  1.9318841E-02  -23.75745    
      930000      420041  4.8149829E-03  -35.75529    
      930000      420043  7.0291194E-03  -7.725254    
      930000      520051  4.4847801E-02  -17.11880    
      930000      530054  1.1328126E-02  -19.24863    
      930000      540055  1.3996461E-02  -15.09099    
      680000      230022  2.4465430E-03   36.40392    
      680000      230024  5.7337782E-03  -82.48325    
      680000      240025  1.2685647E-02  -12.13296    
      680000      260027  3.8358981E-03  -20.63501    
      680000      270028  8.5951798E-03  -18.18442    
      680000      290028  5.2499976E-03  -29.26863    
      680000      300029  1.3491203E-03  -29.64816    
      680000      440045  3.8816032E-03  -37.41412    
      680000      480049  1.7839919E-03  -14.24102    
      680000      570056  1.3963339E-03   58.18064    
      680000      570058  1.4215313E-02  -15.42443    
      680000      580059  1.7318025E-02  -16.32243    
      680000      590060  1.1672405E-02  -7.802052    
      680000      600061  1.2245477E-02  -25.84661    
      680000      330034  3.2935364E-03  -97.13494    
      680000      340035  7.4644219E-03  -39.77011    
      680000      350036  1.0517705E-02  -14.10147    
      680000      370036  2.9313940E-04   124.0505    
      680000      370038  1.2050221E-02  -15.21758    
      680000      400039  2.4373108E-03  -23.41740    
      680000      410040  1.1360978E-03  -44.84963    
      680000      530054  1.5334494E-03  -12.89966    
      680000      540055  1.5657941E-03  -12.40047    
      680000      620063  6.6869841E-03  -27.51686    
      680000      630064  1.6205113E-02  -10.85386    
      680000      640065  1.8875837E-02  -15.24377    
      680000      650066  6.1033792E-03  -29.36524    
      790000       20001  5.9655500E-03  -12.14248    
      790000       30002  1.1309193E-02  -13.93753    
      790000       40003  1.0404707E-02  -15.51573    
      790000       50004  2.9672235E-03  -16.95266    
      790000       60005  2.5273471E-03  -18.14399    
      790000       70006  2.9071819E-03  -14.58458    
      790000       80009  3.7721170E-03  -37.59932    
      790000       90010  1.0023903E-02  -22.29300    
      790000      100011  5.2170106E-03  -25.66335    
      790000      110012  3.3527112E-03  -22.51114    
      790000      120013  5.4990202E-03  -20.44872    
      790000      130014  3.1985820E-03  -18.16320    
      790000      140015  2.1566045E-03  -16.00204    
      790000      150016  1.9049305E-03  -16.55640    
      790000      160017  1.6213424E-03  -17.47135    
      790000      170018  1.6864163E-03  -14.64361    
      790000      180019  1.9206682E-03  -13.92146    
      790000      190020  1.6367224E-03  -12.22133    
      790000      200021  1.6782632E-03  -12.17619    
      790000      440045  2.9379122E-02  -6.813579    
      790000      450046  3.7456889E-02  -26.39459    
      790000      460047  2.6944881E-02  -22.69156    
      790000      470048  3.0796425E-03  -26.58191    
      790000      480049  3.5516063E-03  -18.98618    
      790000      560057  0.1104790      -19.00309    
      790000      570058  5.2776821E-02  -23.17282    
      790000      580059  1.9091379E-02  -30.36386    
      790000      590060  1.1715850E-02  -48.76352    
      790000      600061  2.0637112E-02  -29.97579    
      790000      500051  1.9323872E-02  -25.82236    
      790000      510052  4.8061490E-02  -25.00815    
      790000      530054  3.6644819E-03  -19.56756    
      790000      540055  2.5634235E-03  -14.87420    
      790000      620063  9.3115523E-02  -20.08779    
      790000      630064  3.5636332E-02  -26.23676    
      790000      640065  1.6306216E-02  -37.73521    
      790000      650066  9.9870618E-03  -48.12741    
      790000      660067  2.4873825E-02  -22.85214    
      800000       20001  7.2570653E-03  -10.63831    
      800000       30002  1.4513429E-02  -12.91455    
      800000       40003  1.4250526E-02  -14.81663    
      800000       50004  4.5499862E-03  -16.53422    
      800000       60005  4.9181166E-03  -18.23171    
      800000       70006  8.9071617E-03  -18.46954    
      800000       80007  1.1673856E-02  -15.91116    
      800000       90008  4.8918999E-04   26.29093    
      800000       90010  7.2899922E-03  -13.68358    
      800000      100011  4.3301871E-03  -20.55514    
      800000      110012  3.1661720E-03  -18.28290    
      800000      120013  5.3512072E-03  -16.48275    
      800000      130014  3.2113539E-03  -14.56478    
      800000      140015  2.2142157E-03  -12.52325    
      800000      150016  1.9766095E-03  -13.01170    
      800000      160017  1.6942318E-03  -14.01336    
      800000      170018  1.7736204E-03  -11.32885    
      800000      180019  2.0342388E-03  -10.84839    
      800000      190020  1.7388707E-03  -9.389257    
      800000      200021  1.7652188E-03  -9.437505    
      800000      440045  4.2234544E-02  -1.060782    
      800000      450046  5.1088143E-02  -24.26530    
      800000      460047  3.5245303E-02  -22.26618    
      800000      470048  4.3099155E-03  -26.54236    
      800000      480049  4.5427256E-03  -18.51926    
      800000      560057  5.1849272E-02  -6.728944    
      800000      570058  2.5343500E-02  -8.848328    
      800000      590060  1.0205973E-02  -61.07293    
      800000      600061  2.3138771E-02  -26.52043    
      800000      500051  2.8523823E-02  -22.97663    
      800000      510052  6.3096285E-02  -22.81068    
      800000      530054  5.0382745E-03  -19.93524    
      800000      540055  2.9429127E-03  -12.60459    
      800000      620063  4.5444574E-02  -6.398292    
      800000      630064  1.8426856E-02  -13.99727    
      800000      640065  1.1197331E-02  -39.57418    
      800000      650066  1.1132987E-02  -47.76332    
      800000      660067  2.7764162E-02  -19.63686    
      810000       20001  7.7745072E-03  -10.98454    
      810000       30002  1.6179703E-02  -13.04672    
      810000       40003  1.6610986E-02  -14.51679    
      810000       50004  5.6869197E-03  -15.41068    
      810000       60005  6.9071432E-03  -15.74065    
      810000       70006  1.4419120E-02  -14.96440    
      810000       80007  2.2607015E-02  -13.15345    
      810000       90008  5.3916336E-03  -9.360316    
      810000       90010  2.8523519E-03  -20.15900    
      810000      100011  2.5419390E-03  -30.29616    
      810000      110012  2.3482493E-03  -25.51947    
      810000      120013  4.1486998E-03  -23.30279    
      810000      130014  2.6211224E-03  -21.01102    
      810000      140015  1.8883204E-03  -18.03038    
      810000      150016  1.7450522E-03  -17.24052    
      810000      160017  1.5503305E-03  -17.27881    
      810000      170018  1.6854517E-03  -13.55382    
      810000      180019  2.0056246E-03  -12.30390    
      810000      190020  1.7658116E-03  -10.15638    
      810000      200021  1.7962139E-03  -9.778848    
      810000      440045  3.5706766E-02   6.015412    
      810000      450046  6.4780138E-02  -26.31421    
      810000      460047  4.5410302E-02  -24.77054    
      810000      470048  6.5523176E-03  -23.82286    
      810000      480049  6.2214481E-03  -17.20482    
      810000      570056  1.3253774E-02  -19.18680    
      810000      580057  1.3810914E-02  -18.95107    
      810000      590058  4.1985926E-03  -14.82775    
      810000      590060  6.0964855E-03  -113.7021    
      810000      600061  2.2633733E-02  -29.12202    
      810000      500051  3.1007627E-02  -26.12035    
      810000      510052  7.7881955E-02  -24.83975    
      810000      530054  7.5888974E-03  -17.59459    
      810000      540055  3.3804700E-03  -12.33433    
      810000      630062  1.6313156E-02  -21.01117    
      810000      640063  7.8947870E-03  -13.52232    
      810000      640065  2.0119182E-03  -172.4978    
      810000      650066  1.0798607E-02  -54.05457    
      810000      660067  2.6936753E-02  -22.72123    
      820000       20001  7.6907724E-03  -11.77394    
      820000       30002  1.6132195E-02  -13.89947    
      820000       40003  1.6755376E-02  -15.37624    
      820000       50004  5.8527980E-03  -16.26031    
      820000       60005  7.3884763E-03  -16.65151    
      820000       70006  1.6334854E-02  -16.21902    
      820000       80007  2.7951049E-02  -15.32394    
      820000       90008  9.6511981E-03  -13.82529    
      820000      100009  4.4788155E-03  0.6109300    
      820000      120011  3.2681914E-04   157.3141    
      820000      130012  3.5691261E-04   260.2045    
      820000      130014  8.1335442E-05  -846.1876    
      820000      140015  2.8762038E-04  -143.6160    
      820000      150016  5.3370098E-04  -62.43827    
      820000      160017  7.5228559E-04  -38.08699    
      820000      170018  1.1258669E-03  -23.19075    
      820000      180019  1.6632805E-03  -17.52825    
      820000      190020  1.6927589E-03  -12.99755    
      820000      200021  1.7812379E-03  -11.60937    
      820000      450046  3.0593317E-02  -49.60348    
      820000      460047  5.1349502E-02  -33.26418    
      820000      470048  1.3107119E-02  -23.25980    
      820000      480049  1.1069552E-02  -18.06827    
      820000      570056  2.3464924E-02  -19.82679    
      820000      580057  2.2781134E-02  -19.37596    
      820000      590058  1.2374395E-02  -16.07663    
      820000      600059  1.4793496E-03   309.9451    
      820000      600061  9.9864565E-03  -52.56512    
      820000      630062  2.6901640E-02  -20.96243    
      820000      640063  1.7213000E-02  -15.38080    
      820000      650064  7.9982970E-03   14.01688    
      820000      650066  4.8375553E-03  -85.44819    
      820000      660067  1.1295445E-02  -50.04512    
      830000       20001  8.0343066E-03  -11.60554    
      830000       30002  1.6966280E-02  -13.83704    
      830000       40003  1.7823892E-02  -15.42536    
      830000       50004  6.3790530E-03  -16.53330    
      830000       60005  8.5062506E-03  -17.55058    
      830000       70006  2.0551218E-02  -18.37426    
      830000       80007  4.0281668E-02  -19.42801    
      830000       90008  2.0588117E-02  -20.01384    
      830000      100009  2.4972076E-02  -12.24906    
      830000      110010  1.2141928E-02  -12.39810    
      830000      120011  8.9445962E-03  -6.552723    
      830000      130012  1.5180912E-02  -4.650523    
      830000      140013  8.4539382E-03 -0.6267288    
      830000      150014  4.8233140E-03   1.647806    
      830000      160015  2.8805819E-03  -1.121701    
      830000      170016  9.0876204E-04   4.974064    
      830000      180019  2.4608844E-03  -11.77003    
      830000      190020  3.1778775E-03  -9.701157    
      830000      200021  3.2296320E-03  -9.107904    
      830000      450044  3.8380198E-02  -30.59832    
      830000      460045  0.1860178      -19.64347    
      830000      460047  5.7941172E-02  -37.42902    
      830000      470048  5.2891605E-02  -24.52083    
      830000      480049  4.1394018E-02  -20.67037    
      830000      570056  2.4508752E-02  -16.55763    
      830000      580057  2.5610808E-02  -16.95285    
      830000      590058  1.9690044E-02  -17.00193    
      830000      600059  1.3469686E-02  -11.51179    
      830000      610060  3.1119827E-02  -13.23285    
      830000      510050  4.4571865E-02  -33.07259    
      830000      520051  0.1663224      -14.90473    
      830000      530054  6.1708912E-02  -20.71659    
      830000      540055  1.2693424E-02  -12.97572    
      830000      630062  2.8012708E-02  -17.69936    
      830000      640063  2.2860624E-02  -14.88995    
      830000      650064  1.9893602E-02  -13.96390    
      830000      660065  1.3199518E-02  -25.88186    
      830000      670066  3.9988969E-02  -5.373177    
      840000       20001  8.2629407E-03  -12.14146    
      840000       30002  1.7504727E-02  -14.42587    
      840000       40003  1.8498719E-02  -16.05349    
      840000       50004  6.7092068E-03  -17.22867    
      840000       60005  9.2236092E-03  -18.40819    
      840000       70006  2.3373147E-02  -19.47613    
      840000       80007  4.8952486E-02  -20.66532    
      840000       90008  2.8786900E-02  -20.01109    
      840000      100009  4.0994711E-02  -10.78065    
      840000      110010  2.0892836E-02  -12.03294    
      840000      120011  1.6433181E-02  -6.693893    
      840000      130012  2.8821718E-02  -5.315075    
      840000      140013  1.7835889E-02  -3.100616    
      840000      150014  1.2953294E-02  -2.326197    
      840000      160015  1.1962512E-02  -4.871674    
      840000      170016  9.8079843E-03  -7.282691    
      840000      180017  7.3395059E-03  -6.177319    
      840000      190018  2.7170549E-03  -1.503218    
      840000      190020  2.6793415E-03  -11.70608    
      840000      200021  3.9137313E-03  -8.454439    
      840000      450044  1.9626204E-02  -22.23158    
      840000      460045  0.1531214      -16.86996    
      840000      470046  9.6983284E-02  -6.472809    
      840000      470048  2.1369174E-02  -27.22291    
      840000      480049  4.3098629E-02  -22.04036    
      840000      570056  2.4649022E-02  -15.59392    
      840000      580057  2.6231224E-02  -16.43633    
      840000      590058  2.1918580E-02  -16.52656    
      840000      600059  1.9593082E-02  -24.27753    
      840000      610060  6.3476227E-02  -14.90743    
      840000      510050  2.3075465E-02  -31.69345    
      840000      520051  0.2106877      -14.61424    
      840000      530054  5.1574357E-02  -25.04374    
      840000      540055  1.4276410E-02  -13.59185    
      840000      630062  2.8006090E-02  -16.80772    
      840000      640063  2.4532976E-02  -14.86496    
      840000      650064  2.4250418E-02  -16.71201    
      840000      660065  2.6523322E-02  -31.20613    
      840000      670066  8.2475185E-02  -7.410108    
      850000       20001  8.1092892E-03  -12.45752    
      850000       30002  1.7185878E-02  -14.76223    
      850000       40003  1.8185053E-02  -16.40543    
      850000       50004  6.6155815E-03  -17.60567    
      850000       60005  9.1640623E-03  -18.83292    
      850000       70006  2.3515495E-02  -19.94843    
      850000       80007  5.0116211E-02  -21.12211    
      850000       90008  3.0481718E-02  -20.07710    
      850000      100009  4.4866566E-02  -10.52840    
      850000      110010  2.3098206E-02  -12.02560    
      850000      120011  1.8685903E-02  -6.831801    
      850000      130012  3.3701479E-02  -5.911513    
      850000      140013  2.3305314E-02  -5.021295    
      850000      150014  2.1462534E-02  -3.977346    
      850000      160015  2.7310994E-02  -4.758989    
      850000      170016  3.3256005E-02  -7.124983    
      850000      180017  4.1057080E-02  -4.820946    
      850000      190018  3.9543640E-02  -4.339009    
      850000      200019  1.5803862E-02  -2.909558    
      850000      210020  2.4176550E-03  -7.578162    
      850000      450044  1.3430945E-02  -16.53189    
      850000      460045  9.4339788E-02  -15.43745    
      850000      470046  0.1033159      -7.415344    
      850000      480047  3.0474737E-02  -8.279413    
      850000      490048  4.9959142E-02  -4.356718    
      850000      570056  2.3862202E-02  -15.52743    
      850000      580057  2.5473233E-02  -16.53110    
      850000      590058  2.1568146E-02  -16.64668    
      850000      600059  2.0284088E-02  -27.00223    
      850000      610060  7.0257932E-02  -15.16422    
      850000      510050  1.4297423E-02  -31.23146    
      850000      520051  0.1472051      -13.09366    
      850000      540053  4.8756618E-02  -2.919466    
      850000      550054  3.4628358E-02  -2.354917    
      850000      630062  2.7053928E-02  -16.77059    
      850000      640063  2.4049569E-02  -15.11990    
      850000      650064  2.4237132E-02  -17.58920    
      850000      660065  2.8990377E-02  -32.12189    
      850000      670066  9.2964932E-02  -7.890664    
      690000      230022  5.0535398E-03   14.85702    
      690000      230024  4.6550045E-03  -111.8526    
      690000      240025  1.3419093E-02  -12.54104    
      690000      250026  2.7982194E-03  -38.58044    
      690000      260027  4.2392309E-03  -20.50368    
      690000      270028  1.0817405E-02  -18.07318    
      690000      290028  7.0540789E-03  -29.70231    
      690000      300029  1.8495930E-03  -30.71559    
      690000      440045  4.5705149E-03  -41.27747    
      690000      480049  2.3859446E-03  -14.59222    
      690000      570056  1.0526477E-02 -0.4848922    
      690000      570058  1.2009908E-02  -12.33596    
      690000      580059  2.2001019E-02  -15.61727    
      690000      590060  1.6323656E-02  -5.256388    
      690000      330034  1.7420514E-03  -197.9930    
      690000      340035  6.8945130E-03  -45.94862    
      690000      350036  1.1031311E-02  -14.59695    
      690000      370038  1.5205742E-02  -15.23488    
      690000      400039  3.3238328E-03  -24.41555    
      690000      530054  2.0359538E-03  -12.94897    
      690000      540055  2.1001438E-03  -12.99105    
      690000      630062  1.1388062E-04   1043.749    
      690000      630064  1.6941778E-02  -6.742047    
      690000      640065  2.6121240E-02  -14.37918    
      690000      650066  8.2788663E-03  -27.62078    
      700000      230022  9.0608755E-03   4.593101    
      700000      230024  1.7979166E-03  -298.6898    
      700000      240025  1.2530586E-02  -13.44746    
      700000      250026  7.7581120E-04  -105.3596    
      700000      260027  4.2838110E-03  -20.31491    
      700000      270028  1.3612079E-02  -17.62890    
      700000      290028  9.7553041E-03  -29.55130    
      700000      300029  2.6290426E-03  -31.01492    
      700000      440045  4.9087652E-03  -51.11738    
      700000      480049  3.3531012E-03  -14.99943    
      700000      570056  2.7289489E-02  -7.206977    
      700000      570058  7.6743116E-04   95.46498    
      700000      580059  2.5424177E-02  -16.55114    
      700000      590060  2.3298264E-02  -1.192172    
      700000      600061  2.3360118E-02  -26.93625    
      700000      340033  1.5557072E-03   217.9595    
      700000      340035  4.5315865E-03  -67.08443    
      700000      350036  1.0048896E-02  -15.74493    
      700000      370036  3.9812769E-03  -3.868022    
      700000      370038  1.9226857E-02  -14.94906    
      700000      400039  4.6877377E-03  -24.78802    
      700000      420043  2.3903511E-03  -5.013163    
      700000      530054  2.8186971E-03  -12.99879    
      700000      540055  2.9683833E-03  -13.65194    
      700000      630062  1.6109291E-02  -7.970333    
      700000      630064  1.0822895E-02   6.765241    
      700000      640065  3.6350243E-02  -13.91555    
      700000      650066  1.1483029E-02  -24.74046    
      700000      660067  2.8451346E-02  -18.96109    
      710000      230022  1.1902980E-02  0.7259526    
      710000      240023  1.6447144E-03   297.8255    
      710000      240025  9.8036751E-03  -16.57592    
      710000      260027  3.3483603E-03  -21.00246    
      710000      270028  1.4275555E-02  -16.91757    
      710000      290028  1.2835032E-02  -28.94732    
      710000      300029  3.9196541E-03  -29.43207    
      710000      440045  3.4038736E-03  -81.42387    
      710000      480049  4.1558910E-03  -15.57892    
      710000      570056  3.6365874E-02  -10.15436    
      710000      580059  1.7501684E-02  -25.37323    
      710000      590060  2.2626719E-02   7.526701    
      710000      600061  2.5025738E-02  -29.43941    
      710000      340033  4.6201106E-03   64.50151    
      710000      340035  1.3599336E-03  -194.2672    
      710000      350036  7.4514300E-03  -19.64052    
      710000      370036  6.5587577E-03  -8.457407    
      710000      370038  2.0764306E-02  -14.70120    
      710000      390038  6.5565007E-03  -27.52129    
      710000      400039  6.6512977E-03  -24.55444    
      710000      410040  3.2387511E-03  -41.07058    
      710000      630062  2.8780662E-02  -12.19879    
      710000      640063  3.6838043E-03  -70.85443    
      710000      640065  3.4870453E-02  -15.36005    
      710000      650066  1.0790783E-02  -18.38507    
      710000      660067  3.2759052E-02  -20.14528    
      720000      230022  1.8526006E-02  -4.461826    
      720000      240023  1.1945090E-02   19.69001    
      720000      250024  1.6059529E-03   62.65096    
      720000      260025  1.0885166E-02  -9.286740    
      720000      270026  2.6170083E-03  -25.37260    
      720000      270028  8.7963603E-03  -3.836822    
      720000      290028  2.9765563E-02  -27.59269    
      720000      300029  1.3164748E-02  -25.85556    
      720000      310030  7.7541829E-03  -37.61332    
      720000      450044  6.5721087E-03   27.37097    
      720000      480049  7.2152414E-03  -17.74768    
      720000      570056  4.6256199E-02  -14.57463    
      720000      580057  5.0186679E-02  -15.86893    
      720000      590058  2.5156960E-02   3.870420    
      720000      600059  1.3147943E-02  -114.5327    
      720000      340033  1.3578966E-02   8.871394    
      720000      350034  9.5099667E-03   7.652900    
      720000      370036  1.5171070E-02  -14.08127    
      720000      370038  1.8623583E-02  -10.84293    
      720000      390038  2.0224238E-02  -28.91193    
      720000      400039  1.9499699E-02  -24.18151    
      720000      410040  1.1306594E-02  -31.09174    
      720000      530054  3.9096177E-03  -13.65429    
      720000      540055  7.8741778E-03  -17.15984    
      720000      630062  5.1415022E-02  -15.57803    
      720000      640063  4.6484955E-02  -14.37155    
      720000      650064  7.5334832E-03  -8.065029    
      720000      660065  2.2079365E-02  -54.54211    
      720000      660067  6.4693647E-03  -75.68958    
      730000      230022  1.8949499E-02  -5.718657    
      730000      240023  1.4686586E-02   6.295787    
      730000      250024  6.9342935E-03   10.15027    
      730000      260025  1.4476554E-02  -11.77507    
      730000      270026  9.7419424E-03  -18.40854    
      730000      290028  5.5602152E-02  -20.64547    
      730000      300029  2.9986871E-02  -16.34108    
      730000      310030  1.9790022E-02  -21.03130    
      730000      450044  1.3253164E-02  -4.528985    
      730000      460045  4.5838155E-02  -18.31673    
      730000      470046  4.1505214E-02  -17.97345    
      730000      480047  3.7909548E-03  -1.536077    
      730000      480049  1.0152285E-02  -17.13324    
      730000      570056  3.4658231E-02  -15.74083    
      730000      580057  3.9079383E-02  -16.94408    
      730000      590058  3.2711700E-02  -14.11137    
      730000      600059  3.8086042E-02  -41.32842    
      730000      610060  0.2028335      -10.09319    
      730000      340033  1.5557803E-02   1.736727    
      730000      350034  1.2935909E-02  -1.426162    
      730000      360035  8.4403958E-03   2.392311    
      730000      370036  1.9214431E-02  -15.86785    
      730000      370038  6.9410824E-03  -11.32573    
      730000      390038  4.1906469E-02  -22.70023    
      730000      400039  4.1585602E-02  -16.47167    
      730000      410040  2.6471179E-02  -19.10351    
      730000      420041  9.0554291E-03  -23.85940    
      730000      630062  3.9784770E-02  -16.92902    
      730000      640063  3.8171653E-02  -15.65737    
      730000      650064  3.5558373E-02  -18.84705    
      730000      660065  7.5195551E-02  -32.00024    
      730000      670066  0.1755624      -2.806508    
      740000      230022  1.8343955E-02  -5.678985    
      740000      240023  1.4695880E-02   4.615781    
      740000      250024  8.0352435E-03   9.809983    
      740000      260025  1.5181928E-02  -11.54601    
      740000      270026  1.2879545E-02  -16.22601    
      740000      290028  6.9273569E-02  -17.92789    
      740000      300029  3.9635103E-02  -13.30306    
      740000      310030  2.7529648E-02  -16.64739    
      740000      310032  1.5079121E-03   28.92139    
      740000      450044  1.4089439E-02  -8.855438    
      740000      460045  6.8528563E-02  -15.79194    
      740000      470046  7.2744034E-02  -11.49274    
      740000      480047  1.0737340E-02  -4.159709    
      740000      480049  1.1275130E-02  -16.39822    
      740000      570056  3.0735655E-02  -15.69720    
      740000      580057  3.4147244E-02  -16.80956    
      740000      590058  3.0240698E-02  -16.06615    
      740000      600059  3.4666125E-02  -34.81067    
      740000      610060  0.1875206      -12.58728    
      740000      340033  1.5381075E-02  0.9274698    
      740000      350034  1.3212373E-02  -1.940581    
      740000      360035  9.5825866E-03   2.591728    
      740000      370036  2.0340675E-02  -15.79332    
      740000      370038  8.2524860E-04  -48.89837    
      740000      390038  5.3177159E-02  -20.26192    
      740000      400039  5.3693239E-02  -13.74840    
      740000      410040  3.5632540E-02  -15.50874    
      740000      420041  1.2955848E-02  -18.77039    
      740000      520051  0.1055104      -13.66521    
      740000      540053  3.6109316E-03   14.74685    
      740000      540055  1.9577200E-02  -11.02009    
      740000      630062  3.5222504E-02  -16.90199    
      740000      640063  3.3283599E-02  -15.53594    
      740000      650064  3.5076782E-02  -18.60617    
      740000      660065  6.5980583E-02  -31.37718    
      740000      670066  0.2767464      -7.822151    
      750000      230022  1.7778883E-02  -5.591102    
      750000      240023  1.4548934E-02   3.533966    
      750000      250024  8.7631661E-03   9.834749    
      750000      260025  1.5572939E-02  -11.31508    
      750000      270026  1.5305618E-02  -15.21157    
      750000      280027  2.2487056E-02  -17.01514    
      750000      290028  8.0287270E-02  -16.52965    
      750000      300029  4.8128273E-02  -12.02274    
      750000      310030  3.6041543E-02  -14.91313    
      750000      310032  6.6520425E-04   103.4413    
      750000      450044  1.4190877E-02  -11.55536    
      750000      460045  8.4996916E-02  -14.97280    
      750000      470046  9.8956384E-02  -9.179715    
      750000      480047  2.2255464E-02  -8.940380    
      750000      480049  7.9937689E-03  -14.97846    
      750000      570056  2.8211001E-02  -15.46090    
      750000      580057  3.0941363E-02  -16.48981    
      750000      590058  2.7489509E-02  -16.47108    
      750000      600059  2.9645523E-02  -30.90302    
      750000      610060  0.1362029      -13.37735    
      750000      340033  1.5117071E-02  0.4219711    
      750000      350034  1.3268770E-02  -2.138058    
      750000      360035  1.0337250E-02   2.868043    
      750000      370036  2.1052381E-02  -15.72631    
      750000      380037  4.1751550E-03  0.8980699    
      750000      390038  6.2164303E-02  -19.05784    
      750000      400039  6.3759036E-02  -12.48934    
      750000      410040  4.4550329E-02  -14.02345    
      750000      420041  1.7783349E-02  -16.84619    
      750000      510050  1.4347089E-02  -30.91001    
      750000      520051  0.1355095      -12.82517    
      750000      540053  1.6078148E-02  -6.247674    
      750000      540055  2.6036417E-02  -10.37676    
      750000      630062  3.2241821E-02  -16.67027    
      750000      640063  2.9915722E-02  -15.16975    
      750000      650064  3.2069445E-02  -18.13402    
      750000      660065  5.1357526E-02  -31.26732    
      750000      670066  0.2148290      -7.486026    
      760000      230022  1.6835362E-02  -5.570903    
      760000      240023  1.4118739E-02   2.324454    
      760000      250024  9.4068311E-03   10.18280    
      760000      260025  1.5705436E-02  -11.00760    
      760000      270026  1.7603157E-02  -13.99531    
      760000      280027  2.8992468E-02  -14.99564    
      760000      290028  8.9398354E-02  -15.23508    
      760000      300029  6.0628381E-02  -10.69439    
      760000      310030  6.8955757E-02  -10.25678    
      760000      320031  1.3633696E-02  -12.05774    
      760000      450044  1.3533364E-02  -13.88210    
      760000      460045  9.1509894E-02  -14.27477    
      760000      470046  0.1110341      -7.112755    
      760000      480047  4.7979321E-02  -9.665987    
      760000      490048  0.1356708      -3.380419    
      760000      570056  2.5606012E-02  -15.45054    
      760000      580057  2.7600290E-02  -16.47271    
      760000      590058  2.3834059E-02  -16.58735    
      760000      600059  2.3529099E-02  -28.38803    
      760000      610060  8.8628970E-02  -14.74778    
      760000      340033  1.4550016E-02 -0.1761323    
      760000      350034  1.3086553E-02  -2.288934    
      760000      360035  1.0982051E-02   3.392340    
      760000      370036  2.1385305E-02  -15.59180    
      760000      380037  9.4800163E-03  -1.964245    
      760000      390038  6.9315158E-02  -17.88880    
      760000      400039  7.4111827E-02  -11.26670    
      760000      410040  6.6677168E-02  -11.17435    
      760000      420041  4.4514719E-02  -10.37849    
      760000      430042  4.8944051E-03  -9.987105    
      760000      510050  1.4099668E-02  -30.60291    
      760000      520051  0.1472022      -11.98366    
      760000      540053  0.1080135      -6.892754    
      760000      550054  2.5209449E-02   13.99458    
      760000      630062  2.9109256E-02  -16.68091    
      760000      640063  2.6303247E-02  -15.11016    
      760000      650064  2.7203990E-02  -17.81238    
      760000      660065  3.5832223E-02  -32.01248    
      760000      670066  0.1212032      -7.675421    
