         361
       20005      140017  0.289565325               1
       20005      270030   7.38113932E-03           1
       20005      150018  0.284650415               1
       20005      280031   7.59069296E-03           1
       20005      160019  0.244291335               1
       20005      170020  0.194999129               1
       20005      180021  0.145525664               1
       20005      310034   6.72877114E-03           1
       20005      190022   9.33779255E-02           1
       20005      320035   7.09131127E-03           1
       20005      450048   4.78752889E-03           1
       20005      200023   4.06934358E-02           1
       20005      330036   6.45082630E-03           1
       20005      460049   4.09475109E-03           1
       20005      110008   1.64829850               1
       20005      120009  0.989244103               1
       20005      250022   3.79463024E-02           1
       20005      130010  0.649217248               1
       20005      260023   6.02527820E-02           1
       30006      140017  0.209476992               1
       30006      270030   7.07136886E-03           1
       30006      150018  0.230603755               1
       30006      280031   7.38890981E-03           1
       30006      160019  0.225917369               1
       30006      180021  0.184479967               1
       30006      310034   6.86188508E-03           1
       30006      190022  0.144392624               1
       30006      450048   5.11055719E-03           1
       30006      330036   6.77226018E-03           1
       30006      460049   4.40627523E-03           1
       30006      210024   3.95462476E-02           1
       30006      340037   5.24501968E-03           1
       30006      120009   1.67139304               1
       30006      130010  0.987085462               1
       30006      260023   3.58991586E-02           1
       40007      140017  0.129188389               1
       40007      270030   7.08338059E-03           1
       40007      150018  0.168267980               1
       40007      160019  0.195430920               1
       40007      170020  0.214782819               1
       40007      430046   3.72263370E-03           1
       40007      180021  0.221128792               1
       40007      310034   7.32644461E-03           1
       40007      190022  0.202231392               1
       40007      320035   7.95172993E-03           1
       40007      200023  0.159774706               1
       40007      330036   7.42402440E-03           1
       40007      460049   4.91459202E-03           1
       40007      210024  0.101181790               1
       40007      340037   5.83157688E-03           1
       40007      470050   3.67295463E-03           1
       40007      220025   4.70640957E-02           1
       40007      350038   4.31654369E-03           1
       40007      130010   1.78563404               1
       50008      140017   6.83809593E-02           1
       50008      270030   7.39703141E-03           1
       50008      150018  0.114592783               1
       50008      280031   7.97739904E-03           1
       50008      160019  0.161101073               1
       50008      170020  0.206849515               1
       50008      180021  0.242482677               1
       50008      310034   8.02418776E-03           1
       50008      190022  0.248996541               1
       50008      320035   8.79376847E-03           1
       50008      450048   6.34979177E-03           1
       50008      200023  0.223340094               1
       50008      330036   8.27845093E-03           1
       50008      460049   5.52523835E-03           1
       50008      210024  0.167410210               1
       50008      340037   6.56271353E-03           1
       50008      220025  0.106323093               1
       50008      350038   4.89825569E-03           1
       50008      230026   4.65816706E-02           1
       50008      360039   4.52664495E-03           1
       60009      270030   7.56829511E-03           1
       60009      150018   6.28814027E-02           1
       60009      160019  0.115094878               1
       60009      170020  0.173679978               1
       60009      430046   4.46914556E-03           1
       60009      180021  0.229991615               1
       60009      310034   8.56041722E-03           1
       60009      190022  0.262420326               1
       60009      320035   9.46093258E-03           1
       60009      450048   6.92719594E-03           1
       60009      200023  0.262859344               1
       60009      460049   6.04513241E-03           1
       60009      210024  0.224193156               1
       60009      340037   7.16805644E-03           1
       60009      220025  0.169070050               1
       60009      350038   5.39018121E-03           1
       60009      360039   5.03343856E-03           1
       70010      170014   2.11641435E-02           1
       70010      270030   7.55366124E-03           1
       70010      280031   8.36897083E-03           1
       70010      160019   6.06742315E-02           1
       70010      170020  0.118368290               1
       70010      180021  0.182386085               1
       70010      310034   8.94499291E-03           1
       70010      190022  0.234812871               1
       70010      320035   9.97630786E-03           1
       70010      450048   7.46050570E-03           1
       70010      200023  0.265557706               1
       70010      210024  0.258654445               1
       70010      340037   7.68426945E-03           1
       70010      470050   4.98636300E-03           1
       70010      220025  0.226923466               1
       70010      350038   5.82475821E-03           1
       70010      230026  0.172876254               1
       70010      360039   5.50558558E-03           1
       80011      170014   5.12313545E-02           1
       80011      180015   2.69630663E-02           1
       80011      170020   5.75791039E-02           1
       80011      180021  0.116566487               1
       80011      310034   9.29902121E-03           1
       80011      190022  0.177428588               1
       80011      320035   1.04621137E-02           1
       80011      450048   8.02595820E-03           1
       80011      200023  0.232660994               1
       80011      330036   1.00727631E-02           1
       80011      210024  0.262253612               1
       80011      340037   8.18797946E-03           1
       80011      470050   5.42536331E-03           1
       80011      220025  0.266382605               1
       80011      350038   6.25039684E-03           1
       80011      480051   4.16349759E-03           1
       80011      230026  0.239048108               1
       80011      360039   5.97838312E-03           1
       90012      170014   6.96117282E-02           1
       90012      270030   7.38696475E-03           1
       90012      180015   5.43212965E-02           1
       90012      280031   8.44179094E-03           1
       90012      190016   2.81935539E-02           1
       90012      180021   5.10090925E-02           1
       90012      310034   9.54198465E-03           1
       90012      320035   1.08140595E-02           1
       90012      450048   8.50429200E-03           1
       90012      200023  0.175859779               1
       90012      460049   7.48945726E-03           1
       90012      210024  0.235176757               1
       90012      340037   8.57688580E-03           1
       90012      470050   5.80414478E-03           1
       90012      220025  0.276847869               1
       90012      480051   4.50052088E-03           1
       90012      230026  0.286222786               1
       90012      360039   6.35953853E-03           1
       90012      490052   4.15626355E-03           1
      100013      170014   7.50729367E-02           1
      100013      270030   7.02273799E-03           1
      100013      180015   6.65048808E-02           1
      100013      280031   8.12019501E-03           1
      100013      190016   4.99431677E-02           1
      100013      430046   5.34595270E-03           1
      100013      310034   9.36906692E-03           1
      100013      190022   4.54681776E-02           1
      100013      320035   1.06820790E-02           1
      100013      450048   8.58283509E-03           1
      100013      460049   7.57619645E-03           1
      100013      210024  0.182526827               1
      100013      340037   8.56506173E-03           1
      100013      470050   5.90349548E-03           1
      100013      220025  0.249978036               1
      100013      350038   6.60858490E-03           1
      100013      480051   4.61348472E-03           1
      100013      230026  0.293817997               1
      100013      360039   6.43972261E-03           1
      100013      490052   4.28895094E-03           1
      140017      270030   2.67246775E-02           1
      140017      400043   1.02389380E-02           1
      140017      410044   7.96921831E-03           1
      140017      420045   6.63244165E-03           1
      140017      430046   8.15936271E-03           1
      140017      320035   1.78928729E-02           1
      140017      450048   1.10843945E-02           1
      140017      230020   1.61501157               1
      140017      460049   9.11751110E-03           1
      140017      240021  0.914657772               1
      140017      340037   1.02914320E-02           1
      140017      470050   6.22170279E-03           1
      140017      250022  0.593221486               1
      140017      350038   6.45717466E-03           1
      140017      480051   3.95557936E-03           1
      140017      260023  0.412650526               1
      150018      270030   2.53129024E-02           1
      150018      400043   9.96798463E-03           1
      150018      410044   7.80281285E-03           1
      150018      420045   6.58438215E-03           1
      150018      430046   8.23509693E-03           1
      150018      450048   1.13640120E-02           1
      150018      240021   1.50716937               1
      150018      340037   1.10819275E-02           1
      150018      470050   6.49244804E-03           1
      150018      250022  0.886711180               1
      150018      350038   7.12311827E-03           1
      150018      260023  0.577103615               1
      150018      360039   5.27416077E-03           1
      160019      270030   2.27145497E-02           1
      160019      400043   9.32235923E-03           1
      160019      280031   2.30055880E-02           1
      160019      420045   6.32476574E-03           1
      160019      430046   8.09935946E-03           1
      160019      450048   1.14169978E-02           1
      160019      340037   1.17724529E-02           1
      160019      470050   6.68491190E-03           1
      160019      250022   1.51746392               1
      160019      350038   7.80763431E-03           1
      160019      260023  0.890133023               1
      160019      360039   6.05432037E-03           1
      170020      270030   2.07279287E-02           1
      170020      400043   9.00088903E-03           1
      170020      280031   2.16091722E-02           1
      170020      420045   6.31473400E-03           1
      170020      320035   2.00039800E-02           1
      170020      450048   1.20705618E-02           1
      170020      460049   1.02003524E-02           1
      170020      340037   1.32394927E-02           1
      170020      470050   7.26666488E-03           1
      170020      480051   4.95352689E-03           1
      170020       90012   5.02752559E-03           1
      170020      260023   1.64027846               1
      170020      360039   7.39412848E-03           1
      180021      270030   1.97071098E-02           1
      180021      400043   9.10753012E-03           1
      180021      280031   2.12001018E-02           1
      180021      420045   6.60665426E-03           1
      180021      430046   9.02580377E-03           1
      180021      320035   2.21655220E-02           1
      180021      450048   1.33491438E-02           1
      180021      460049   1.13809165E-02           1
      180021      340037   1.54590551E-02           1
      180021      470050   8.23021680E-03           1
      180021      350038   1.09340502E-02           1
      180021      480051   5.73904766E-03           1
      180021      360039   9.24232416E-03           1
      180021      490052   4.78203548E-03           1
      190022      270030   1.83970220E-02           1
      190022      400043   9.07758530E-03           1
      190022      280031   2.03958508E-02           1
      190022      420045   6.79422170E-03           1
      190022      320035   2.37811394E-02           1
      190022      460049   1.23950606E-02           1
      190022      470050   9.08412226E-03           1
      190022      350038   1.25956349E-02           1
      190022      480051   6.46063499E-03           1
      190022      360039   1.09957475E-02           1
      190022      490052   5.48955239E-03           1
      200023      270030   1.67283472E-02           1
      200023      400043   8.84207897E-03           1
      200023      280031   1.90768633E-02           1
      200023      420045   6.81351870E-03           1
      200023      430046   9.83107835E-03           1
      200023      320035   2.45348550E-02           1
      200023      450048   1.51013723E-02           1
      200023      460049   1.30747017E-02           1
      200023      470050   9.69753042E-03           1
      200023      360039   1.24499341E-02           1
      200023      490052   6.06467342E-03           1
      210024      270030   1.49354460E-02           1
      210024      280031   1.74732823E-02           1
      210024       50002   5.11020329E-03           1
      210024      430046   9.87431034E-03           1
      210024      320035   2.45074350E-02           1
      210024      450048   1.54065583E-02           1
      210024      460049   1.34324478E-02           1
      210024      470050   1.00705912E-02           1
      210024      480051   7.39902258E-03           1
      210024      360039   1.35405017E-02           1
      210024      490052   6.49232976E-03           1
      220025      270030   1.35396607E-02           1
      220025      280031   1.61975063E-02           1
      220025      410044   6.70308294E-03           1
      220025      420045   6.63815439E-03           1
      220025      430046   9.96533316E-03           1
      220025      320035   2.44176500E-02           1
      220025      450048   1.57576054E-02           1
      220025      460049   1.38228126E-02           1
      220025      470050   1.04633151E-02           1
      220025      480051   7.79240439E-03           1
      220025      360039   1.45434886E-02           1
      220025      490052   6.92828605E-03           1
      230026      270030   1.21343927E-02           1
      230026      420045   6.48042141E-03           1
      230026      430046   9.89882089E-03           1
      230026      320035   2.37202216E-02           1
      230026      450048   1.58496406E-02           1
      230026      470050   1.06922872E-02           1
      230026      480051   8.07373226E-03           1
      230026      360039   1.51626570E-02           1
      230026      490052   7.27603398E-03           1
      270030      400043  0.423405319               1
      270030      410044  0.301081359               1
      270030      420045  0.156760678               1
      270030      430046   5.24094813E-02           1
      270030      360033  0.903090835               1
      270030      370034  0.446739972               1
      270030      500047   5.75175360E-02           1
      270030      380035  0.207301274               1
      270030      510048   4.34848443E-02           1
      270030      390036  0.122729421               1
      270030      520049   3.61277610E-02           1
      280031      400043  0.422264665               1
      280031      410044  0.331451446               1
      280031      420045  0.203400820               1
      280031      430046  0.107205704               1
      280031      440047   3.23004387E-02           1
      280031      370034  0.803644717               1
      280031      500047   5.80943935E-02           1
      280031      380035  0.335086495               1
      280031      510048   4.94975261E-02           1
      280031      390036  0.182908773               1
      280031      520049   4.34994511E-02           1
      290032      400043  0.327311248               1
      290032      410044  0.282414198               1
      290032      420045  0.206973881               1
      290032      430046  0.155743062               1
      290032      440047  0.104077853               1
      290032      450048   4.37813699E-02           1
      290032      500047   3.98634300E-02           1
      290032      380035  0.555887282               1
      290032      510048   4.58074808E-02           1
      290032      390036  0.270658344               1
      290032      520049   4.53815348E-02           1
      300033      400043  0.191371962               1
      300033      410044  0.190710664               1
      300033      420045  0.186874345               1
      300033      430046  0.215423927               1
      300033      440047  0.221986488               1
      300033      450048  0.176937148               1
      300033      460049   8.75028968E-02           1
      300033      510048   2.69379597E-02           1
      300033      390036  0.502634168               1
      300033      520049   4.13064696E-02           1
      310034      400043   4.99586537E-02           1
      310034      410044   8.28456432E-02           1
      310034      420045  0.149562344               1
      310034      430046  0.274539948               1
      310034      440047  0.369093776               1
      310034      450048  0.365438581               1
      310034      460049  0.245166540               1
      310034      470050  0.106477007               1
      310034      520049   2.80310549E-02           1
      320035      420045  0.109961182               1
      320035      430046  0.291893363               1
      320035      470050  0.202872261               1
      320035      480051   6.43998310E-02           1
      320035      520049   5.88921225E-03           1
      400043      490046  0.946062922               1
      400043      500047  0.450764984               1
      400043      510048  0.208755285               1
      400043       90012   4.32512164E-03           1
      400043      520049  0.117381848               1
      410044      500047  0.661245108               1
      410044      510048  0.273500025               1
      410044      520049  0.141097546               1
      420045      510048  0.536305785               1
      420045      520049  0.237643972               1
      430046      520049  0.599634767               1
      470050       30006   3.21930018E-03           1
      480051       20005   2.35504913E-03           1
      490052       20005   2.07972922E-03           1
      490052       30006   2.28806166E-03           1
      490052       40007   2.71395454E-03           1
