         930
       10002       40003   2.58960867      -4.99819613    
       10002       50004  0.658054531      -4.99108124    
       10002       60005  0.264691323      -4.97243881    
       10002       70006  0.133109584      -4.93258381    
       10002       80007   7.66424835E-02  -4.85940266    
       10002       90008   4.83479202E-02  -4.74937534    
       10002      100009   3.24669816E-02  -4.65165663    
       10002      110010   2.25068182E-02  -4.75315762    
       10002      120011   1.56371705E-02  -5.30352163    
       10002      130012   1.09289438E-02  -6.21438789    
       10002      140013   7.88712502E-03  -7.09908724    
       10002      150014   5.93480142E-03  -7.73901939    
       10002      160015   4.63022897E-03  -8.13289547    
       10002      170016   3.71287344E-03  -8.35016632    
       10002      180017   3.04011186E-03  -8.44414806    
       10002      190018   2.53720116E-03  -8.40390491    
       10002      200019   2.17179838E-03  -8.10785007    
       10002      210020   1.93435885E-03  -7.36369038    
       10002      220021   1.79366453E-03  -6.27025890    
       10002      230022   1.67436188E-03  -5.33155537    
       10002      240023   1.53346045E-03  -4.77534294    
       10002      250024   1.38129957E-03  -4.48639154    
       10002      260025   1.23492873E-03  -4.33432579    
       10002      270026   1.10230409E-03  -4.24794960    
       10002      280027   9.85244056E-04  -4.19312382    
       10002      290028   8.82952649E-04  -4.15376949    
       10002      300029   7.93785264E-04  -4.12228537    
       10002      310030   7.15974951E-04  -4.09504652    
       10002      320031   6.47894631E-04  -4.07030439    
       10002      330032   5.88129682E-04  -4.04720068    
       20003       50004   2.58983707      -4.99727678    
       20003       60005  0.658320606      -4.98653173    
       20003       70006  0.265016377      -4.95827198    
       20003       80007  0.133497074      -4.89898682    
       20003       90008   7.70436451E-02  -4.79988337    
       20003      100009   4.85779680E-02  -4.69824457    
       20003      110010   3.21722142E-02  -4.76835012    
       20003      120011   2.15947926E-02  -5.26894426    
       20003      130012   1.46562764E-02  -6.14573383    
       20003      140013   1.02975545E-02  -7.03006887    
       20003      150014   7.56646646E-03  -7.69056177    
       20003      160015   5.78484498E-03  -8.10764217    
       20003      170016   4.56091296E-03  -8.34196663    
       20003      180017   3.68181011E-03  -8.44676018    
       20003      190018   3.03528761E-03  -8.41538143    
       20003      200019   2.56962911E-03  -8.13088417    
       20003      210020   2.26569339E-03  -7.39957762    
       20003      220021   2.08277628E-03  -6.31010532    
       20003      230022   1.93088595E-03  -5.36402750    
       20003      240023   1.75829488E-03  -4.79714537    
       20003      250024   1.57565402E-03  -4.49893236    
       20003      260025   1.40186597E-03  -4.33978415    
       20003      270026   1.24557200E-03  -4.24815655    
       20003      280027   1.10846129E-03  -4.18943977    
       20003      290028   9.89300665E-04  -4.14716911    
       20003      300029   8.85952497E-04  -4.11346340    
       20003      310030   7.96196284E-04  -4.08450031    
       20003      320031   7.18017458E-04  -4.05839252    
       20003      330032   6.49681024E-04  -4.03418016    
       30004       20001   2.58959007      -4.99839592    
       30004       60005   2.59017682      -4.99573851    
       30004       70006  0.658752978      -4.97882938    
       30004       80007  0.265548497      -4.93495989    
       30004       90008  0.134071141      -4.85004425    
       30004      100009   7.74179175E-02  -4.74771738    
       30004      110010   4.82641906E-02  -4.78501558    
       30004      120011   3.10093742E-02  -5.22762775    
       30004      130012   2.03032289E-02  -6.06116152    
       30004      140013   1.38124721E-02  -6.94189215    
       30004      150014   9.86383576E-03  -7.62631893    
       30004      160015   7.36095943E-03  -8.07293034    
       30004      170016   5.68837579E-03  -8.33016586    
       30004      180017   4.51629609E-03  -8.44974804    
       30004      190018   3.67106753E-03  -8.42948055    
       30004      200019   3.06928437E-03  -8.15787983    
       30004      210020   2.67585390E-03  -7.44039917    
       30004      220021   2.43626954E-03  -6.35494089    
       30004      230022   2.24149227E-03  -5.40030479    
       30004      240023   2.02840124E-03  -4.82110739    
       30004      250024   1.80754473E-03  -4.51207495    
       30004      260025   1.59979088E-03  -4.34450150    
       30004      270026   1.41443405E-03  -4.24648523    
       30004      280027   1.25288684E-03  -4.18290806    
       30004      290028   1.11330510E-03  -4.13688612    
       30004      300029   9.92897083E-04  -4.10022736    
       30004      310030   8.88853334E-04  -4.06888962    
       30004      320031   7.98663183E-04  -4.04082823    
       30004      330032   7.20185053E-04  -4.01496887    
       40005       20001  0.658023536      -4.99202776    
       40005       30002   2.58981633      -4.99741316    
       40005       70006   2.59076405      -4.99308395    
       40005       80007  0.659497619      -4.96576595    
       40005       90008  0.266386718      -4.89927292    
       40005      100009  0.134684160      -4.80142498    
       40005      110010   7.71149769E-02  -4.80578804    
       40005      120011   4.67621423E-02  -5.18098783    
       40005      130012   2.92706359E-02  -5.95906353    
       40005      140013   1.91450268E-02  -6.83072615    
       40005      150014   1.32069048E-02  -7.54280043    
       40005      160015   9.57083236E-03  -8.02780628    
       40005      170016   7.21951667E-03  -8.31709671    
       40005      180017   5.61961019E-03  -8.45836544    
       40005      190018   4.49300231E-03  -8.45364666    
       40005      200019   3.70288128E-03  -8.19787025    
       40005      210020   3.18714976E-03  -7.49638844    
       40005      220021   2.87056598E-03  -6.41574860    
       40005      230022   2.61877244E-03  -5.45162821    
       40005      240023   2.35350966E-03  -4.85849810    
       40005      250024   2.08445103E-03  -4.53709126    
       40005      260025   1.83442468E-03  -4.35979080    
       40005      270026   1.61325431E-03  -4.25433683    
       40005      280027   1.42184529E-03  -4.18505859    
       40005      290028   1.25749479E-03  -4.13460922    
       40005      300029   1.11653772E-03  -4.09445047    
       40005      310030   9.95396287E-04  -4.06028986    
       40005      320031   8.90920928E-04  -4.02990198    
       40005      330032   8.00451613E-04  -4.00207901    
       50006       20001  0.264652878      -4.97502470    
       50006       30002  0.658292234      -4.98723507    
       50006       40003   2.59015751      -4.99585533    
       50006       80007   2.59182477      -4.98839617    
       50006       90008  0.660748065      -4.94454718    
       50006      100009  0.267406046      -4.85909367    
       50006      110010  0.134471461      -4.83288813    
       50006      120011   7.51629993E-02  -5.12973309    
       50006      130012   4.43733409E-02  -5.83550787    
       50006      140013   2.76386868E-02  -6.68846989    
       50006      150014   1.82726029E-02  -7.43110704    
       50006      160015   1.27730705E-02  -7.96621466    
       50006      170016   9.35370289E-03  -8.30134296    
       50006      180017   7.10782642E-03  -8.47571754    
       50006      190018   5.57165453E-03  -8.49450302    
       50006      200019   4.51514451E-03  -8.25998974    
       50006      210020   3.82934255E-03  -7.57845259    
       50006      220021   3.40670301E-03  -6.50447083    
       50006      230022   3.07830260E-03  -5.53023100    
       50006      240023   2.74530705E-03  -4.92147684    
       50006      250024   2.41511967E-03  -4.58600092    
       50006      260025   2.11228360E-03  -4.39756823    
       50006      270026   1.84686936E-03  -4.28357458    
       50006      280027   1.61891209E-03  -4.20775414    
       50006      290028   1.42449874E-03  -4.15224218    
       50006      300029   1.25879259E-03  -4.10810995    
       50006      310030   1.11720769E-03  -4.07077789    
       50006      320031   9.95768583E-04  -4.03781080    
       50006      330032   8.91153119E-04  -4.00784111    
       60007       20001  0.133068338      -4.93786812    
       60007       30002  0.264983237      -4.96028996    
       60007       40003  0.658726454      -4.97946024    
       60007       50004   2.59074473      -4.99319887    
       60007       90008   2.59372044      -4.98032331    
       60007      100009  0.662468076      -4.91763735    
       60007      110010  0.267474920      -4.86861706    
       60007      120011  0.131960645      -5.07540464    
       60007      130012   7.18351230E-02  -5.68492270    
       60007      140013   4.20210734E-02  -6.50211811    
       60007      150014   2.63444930E-02  -7.27518797    
       60007      160015   1.76066589E-02  -7.87499475    
       60007      170016   1.24251498E-02  -8.27657413    
       60007      180017   9.16393287E-03  -8.50310612    
       60007      190018   7.01157376E-03  -8.55980492    
       60007      200019   5.56828082E-03  -8.35682487    
       60007      210020   4.64116270E-03  -7.70265913    
       60007      220021   4.07021493E-03  -6.63928032    
       60007      230022   3.63775925E-03  -5.65503454    
       60007      240023   3.21624195E-03  -5.02900887    
       60007      250024   2.80828052E-03  -4.67763710    
       60007      260025   2.43941299E-03  -4.47654867    
       60007      270026   2.11938540E-03  -4.35286045    
       60007      280027   1.84679416E-03  -4.26966715    
       60007      290028   1.61601533E-03  -4.20852804    
       60007      300029   1.42063340E-03  -4.16006660    
       60007      310030   1.25473703E-03  -4.11936903    
       60007      320031   1.11328240E-03  -4.08375072    
       60007      330032   9.92100686E-04  -4.05165482    
       70008       20001   7.66033381E-02  -4.86814547    
       70008       30002  0.133463219      -4.90314627    
       70008       40003  0.265517980      -4.93678474    
       70008       50004  0.659471095      -4.96638775    
       70008       60005   2.59180450      -4.98851442    
       70008      100009   2.59662914      -4.96898174    
       70008      110010  0.663255334      -4.91377544    
       70008      120011  0.264415532      -5.02257586    
       70008      130012  0.127353042      -5.50171328    
       70008      140013   6.84138536E-02  -6.25223589    
       70008      150014   4.00645062E-02  -7.04719257    
       70008      160015   2.52936669E-02  -7.72745419    
       70008      170016   1.70295201E-02  -8.22558689    
       70008      180017   1.20910294E-02  -8.53639030    
       70008      190018   8.97274166E-03  -8.65784359    
       70008      200019   6.94937771E-03  -8.50674629    
       70008      210020   5.67137403E-03  -7.89502859    
       70008      220021   4.88931872E-03  -6.85113668    
       70008      230022   4.31391271E-03  -5.85916901    
       70008      240023   3.77618684E-03  -5.21484423    
       70008      250024   3.26938089E-03  -4.84588194    
       70008      260025   2.81834975E-03  -4.63068390    
       70008      270026   2.43141828E-03  -4.49627256    
       70008      280027   2.10484886E-03  -4.40508842    
       70008      290028   1.83059031E-03  -4.33804893    
       70008      300029   1.60009786E-03  -4.28526115    
       70008      310030   1.40572106E-03  -4.24141788    
       70008      320031   1.24103925E-03  -4.20353317    
       70008      330032   1.10080768E-03  -4.16981602    
       80009       20001   4.83165756E-02  -4.76110649    
       80009       30002   7.70149603E-02  -4.80635786    
       80009       40003  0.134042650      -4.85358143    
       80009       50004  0.266359001      -4.90094376    
       80009       60005  0.660723925      -4.94512510    
       80009       70006   2.59370399      -4.98042679    
       80009      110010   2.59903646      -4.96327925    
       80009      120011  0.660194814      -4.98248386    
       80009      130012  0.258449048      -5.28852177    
       80009      140013  0.122543119      -5.91607046    
       80009      150014   6.55001700E-02  -6.70232105    
       80009      160015   3.84079069E-02  -7.47119331    
       80009      170016   2.43275072E-02  -8.10525703    
       80009      180017   1.64341759E-02  -8.55302048    
       80009      190018   1.17175542E-02  -8.78978825    
       80009      200019   8.78561474E-03  -8.73258686    
       80009      210020   6.98024966E-03  -8.19622993    
       80009      220021   5.89043135E-03  -7.19316959    
       80009      230022   5.11585828E-03  -6.20209932    
       80009      240023   4.42520715E-03  -5.54102993    
       80009      250024   3.79368872E-03  -5.15397787    
       80009      260025   3.24184890E-03  -4.92405081    
       80009      270026   2.77450285E-03  -4.77870655    
       80009      280027   2.38414062E-03  -4.67981148    
       80009      290028   2.05925643E-03  -4.60759783    
       80009      300029   1.78844109E-03  -4.55158186    
       80009      310030   1.56177860E-03  -4.50598526    
       80009      320031   1.37109484E-03  -4.46745205    
       80009      330032   1.20979769E-03  -4.43389416    
       90010       20001   3.24510075E-02  -4.66294432    
       90010       30002   4.85640429E-02  -4.70479870    
       90010       40003   7.74033442E-02  -4.75176001    
       90010       50004  0.134669617      -4.80366993    
       90010       60005  0.267394841      -4.86004257    
       90010       70006  0.662465036      -4.91785860    
       90010       80007   2.59663796      -4.96897793    
       90010      120011   2.59813118      -4.97409344    
       90010      130012  0.654323101      -5.08123207    
       90010      140013  0.252732188      -5.49648190    
       90010      150014  0.118683137      -6.19288206    
       90010      160015   6.30989373E-02  -7.02062321    
       90010      170016   3.68880145E-02  -7.82042122    
       90010      180017   2.33198199E-02  -8.47728157    
       90010      190018   1.57501120E-02  -8.91725349    
       90010      200019   1.12996669E-02  -9.03869915    
       90010      210020   8.65855720E-03  -8.65111637    
       90010      220021   7.10111205E-03  -7.74180126    
       90010      230022   6.04123669E-03  -6.77845097    
       90010      240023   5.14741102E-03  -6.11101437    
       90010      250024   4.35968814E-03  -5.71019316    
       90010      260025   3.68659385E-03  -5.46835375    
       90010      270026   3.12539050E-03  -5.31489038    
       90010      280027   2.66238861E-03  -5.21152878    
       90010      290028   2.28110328E-03  -5.13789082    
       90010      300029   1.96626503E-03  -5.08286190    
       90010      310030   1.70503138E-03  -5.04011583    
       90010      320031   1.48702774E-03  -5.00584364    
       90010      330032   1.30401168E-03  -4.97757721    
      100011       20001   2.25160327E-02  -4.75465441    
      100011       30002   3.21874321E-02  -4.76687622    
      100011       40003   4.82835956E-02  -4.78298950    
      100011       50004   7.71401376E-02  -4.80368519    
      100011       60005  0.134506524      -4.83086729    
      100011       70006  0.267525405      -4.86695480    
      100011       80007  0.663325071      -4.91276836    
      100011       90008   2.59912038      -4.96295118    
      100011      130012   2.59750032      -4.97400284    
      100011      140013  0.650876999      -5.10563326    
      100011      150014  0.249388903      -5.56471586    
      100011      160015  0.116122372      -6.32414865    
      100011      170016   6.12211563E-02  -7.23693132    
      100011      180017   3.55005488E-02  -8.13644600    
      100011      190018   2.22931374E-02  -8.87850475    
      100011      200019   1.50473295E-02  -9.31051540    
      100011      210020   1.09574860E-02  -9.21079731    
      100011      220021   8.62965640E-03  -8.51199913    
      100011      230022   7.13097537E-03  -7.64654255    
      100011      240023   5.95184043E-03  -7.00710440    
      100011      250024   4.96120658E-03  -6.61093807    
      100011      260025   4.13931487E-03  -6.36990881    
      100011      270026   3.46782967E-03  -6.21927404    
      100011      280027   2.92249140E-03  -6.12206221    
      100011      290028   2.47928035E-03  -6.05781221    
      100011      300029   2.11751880E-03  -6.01494503    
      100011      310030   1.82047463E-03  -5.98661137    
      100011      320031   1.57496321E-03  -5.96850729    
      100011      330032   1.37069845E-03  -5.95770597    
      110012       20001   1.56768467E-02  -5.27859163    
      110012       30002   2.16485802E-02  -5.24305534    
      110012       40003   3.10777072E-02  -5.20429564    
      110012       50004   4.68482710E-02  -5.16132069    
      110012       60005   7.52720758E-02  -5.11416435    
      110012       70006  0.132098272      -5.06417561    
      110012       80007  0.264584363      -5.01566553    
      110012       90008  0.660387158      -4.97929764    
      110012      100009   2.59831572      -4.97329950    
      110012      140013   2.60090232      -4.95141411    
      110012      150014  0.651030242      -5.07427311    
      110012      160015  0.248405084      -5.55655432    
      110012      170016  0.114897706      -6.37520981    
      110012      180017   6.00625984E-02  -7.38269520    
      110012      190018   3.45139802E-02  -8.39499855    
      110012      200019   2.15588361E-02  -9.20311832    
      110012      210020   1.46724684E-02  -9.52880287    
      110012      220021   1.09276455E-02  -9.20033264    
      110012      230022   8.66829325E-03  -8.55124569    
      110012      240023   7.03126565E-03  -8.00673676    
      110012      250024   5.73717058E-03  -7.65331745    
      110012      260025   4.70447540E-03  -7.43831873    
      110012      270026   3.88310826E-03  -7.31007910    
      110012      280027   3.22953984E-03  -7.23606205    
      110012      290028   2.70718010E-03  -7.19715023    
      110012      300029   2.28689634E-03  -7.18199301    
      110012      310030   1.94616453E-03  -7.18355989    
      110012      320031   1.66777323E-03  -7.19721508    
      110012      330032   1.43859815E-03  -7.21962833    
      120013       20001   1.09900665E-02  -6.14778852    
      120013       30002   1.47383828E-02  -6.07820606    
      120013       40003   2.04089973E-02  -5.99837208    
      120013       50004   2.94047017E-02  -5.90410233    
      120013       60005   4.45412956E-02  -5.79038858    
      120013       70006   7.20419139E-02  -5.65087700    
      120013       80007  0.127599522      -5.47900486    
      120013       90008  0.258724689      -5.27606869    
      120013      100009  0.654593825      -5.07636833    
      120013      110010   2.59770417      -4.97304773    
      120013      150014   2.60460830      -4.93528032    
      120013      160015  0.652300417      -5.05141735    
      120013      170016  0.248565853      -5.54580688    
      120013      180017  0.114598766      -6.39808035    
      120013      190018   5.96227311E-02  -7.45738888    
      120013      200019   3.41508053E-02  -8.50455379    
      120013      210020   2.14872453E-02  -9.22805977    
      120013      220021   1.49467736E-02  -9.33848190    
      120013      230022   1.12555996E-02  -8.99674988    
      120013      240023   8.80242605E-03  -8.60821819    
      120013      250024   6.99346978E-03  -8.33072853    
      120013      260025   5.61614661E-03  -8.15917492    
      120013      270026   4.55613481E-03  -8.06233788    
      120013      280027   3.73337208E-03  -8.01586628    
      120013      290028   3.08877137E-03  -8.00394630    
      120013      300029   2.57874001E-03  -8.01653576    
      120013      310030   2.17119232E-03  -8.04706287    
      120013      320031   1.84245256E-03  -8.09095192    
      120013      330032   1.57494110E-03  -8.14472008    
      130014       20001   7.95414206E-03  -6.99003744    
      130014       30002   1.03880456E-02  -6.91617727    
      130014       40003   1.39302304E-02  -6.83128738    
      130014       50004   1.92950964E-02  -6.72927046    
      130014       60005   2.78263837E-02  -6.60094547    
      130014       70006   4.22504097E-02  -6.43219662    
      130014       80007   6.86842501E-02  -6.20198631    
      130014       90008  0.122842707      -5.88524532    
      130014      100009  0.253026992      -5.48181105    
      130014      110010  0.651108563      -5.10105705    
      130014      120011   2.60102820      -4.95074320    
      130014      160015   2.60666108      -4.92967987    
      130014      170016  0.653201342      -5.04366398    
      130014      180017  0.248856664      -5.54239988    
      130014      190018  0.114599943      -6.40450287    
      130014      200019   5.95988706E-02  -7.46077394    
      130014      210020   3.44010778E-02  -8.41791725    
      130014      220021   2.21368093E-02  -8.91367340    
      130014      230022   1.56633835E-02  -8.90571213    
      130014      240023   1.17141865E-02  -8.70682144    
      130014      250024   9.01176687E-03  -8.52229214    
      130014      260025   7.06166960E-03  -8.39758873    
      130014      270026   5.61753847E-03  -8.32709599    
      130014      280027   4.52872878E-03  -8.29794693    
      130014      290028   3.69508378E-03  -8.29950905    
      130014      300029   3.04782158E-03  -8.32414627    
      130014      310030   2.53881840E-03  -8.36640930    
      130014      320031   2.13387888E-03  -8.42221451    
      130014      330032   1.80834974E-03  -8.48822594    
      140015       20001   5.99655928E-03  -7.60126925    
      140015       30002   7.65089504E-03  -7.54039049    
      140015       40003   9.97485127E-03  -7.47374249    
      140015       50004   1.33492453E-02  -7.39609718    
      140015       60005   1.84509363E-02  -7.29791975    
      140015       70006   2.65619699E-02  -7.16237450    
      140015       80007   4.03198190E-02  -6.96012354    
      140015       90008   6.57816082E-02  -6.64372778    
      140015      100009  0.118959330      -6.16116762    
      140015      110010  0.249607563      -5.55256748    
      140015      120011  0.651154637      -5.07143450    
      140015      130012   2.60465646      -4.93496037    
      140015      170016   2.60750532      -4.92812824    
      140015      180017  0.653533161      -5.04172468    
      140015      190018  0.248900175      -5.54157305    
      140015      200019  0.114610910      -6.39727259    
      140015      210020   5.99501431E-02  -7.39104509    
      140015      220021   3.53045575E-02  -8.15776348    
      140015      230022   2.31946688E-02  -8.47394848    
      140015      240023   1.64162014E-02  -8.49324131    
      140015      250024   1.21339215E-02  -8.42459297    
      140015      260025   9.22702067E-03  -8.35778332    
      140015      270026   7.16982828E-03  -8.31581116    
      140015      280027   5.67151094E-03  -8.30036354    
      140015      290028   4.55516251E-03  -8.30802917    
      140015      300029   3.70735535E-03  -8.33482838    
      140015      310030   3.05279042E-03  -8.37720871    
      140015      320031   2.54011154E-03  -8.43208218    
      140015      330032   2.13349052E-03  -8.49661064    
      150016       20001   4.68073040E-03  -7.98759747    
      150016       30002   5.85561292E-03  -7.94020414    
      150016       40003   7.45551102E-03  -7.89446592    
      150016       50004   9.69328918E-03  -7.84804726    
      150016       60005   1.29273692E-02  -7.79478264    
      150016       70006   1.77952982E-02  -7.72143126    
      150016       80007   2.55151596E-02  -7.60070419    
      150016       90008   3.86517234E-02  -7.37844276    
      150016      100009   6.33377358E-02  -6.96477270    
      150016      110010  0.116311505      -6.29961824    
      150016      120011  0.248513862      -5.54952621    
      150016      130012  0.652344465      -5.05015469    
      150016      140013   2.60667396      -4.92956018    
      150016      180017   2.60759044      -4.92797661    
      150016      190018  0.653342724      -5.04254007    
      150016      200019  0.248676941      -5.54226398    
      150016      210020  0.114832290      -6.37173557    
      150016      220021   6.09886572E-02  -7.24301243    
      150016      230022   3.67010646E-02  -7.82262945    
      150016      240023   2.42721681E-02  -8.07233429    
      150016      250024   1.70614850E-02  -8.14734554    
      150016      260025   1.24928318E-02  -8.16116047    
      150016      270026   9.42738634E-03  -8.16279697    
      150016      280027   7.28543615E-03  -8.16996384    
      150016      290028   5.74122556E-03  -8.18819809    
      150016      300029   4.59932955E-03  -8.21849823    
      150016      310030   3.73687549E-03  -8.26013756    
      150016      320031   3.07370652E-03  -8.31166649    
      150016      330032   2.55591399E-03  -8.37121582    
      160017       20001   3.74882435E-03  -8.22212982    
      160017       30002   4.61411569E-03  -8.18103504    
      160017       40003   5.76176029E-03  -8.14801979    
      160017       50004   7.31652044E-03  -8.12406635    
      160017       60005   9.47759114E-03  -8.10795879    
      160017       70006   1.25779733E-02  -8.09391594    
      160017       80007   1.72100067E-02  -8.06521702    
      160017       90008   2.45268811E-02  -7.97863340    
      160017      100009   3.70836630E-02  -7.73652124    
      160017      110010   6.13764264E-02  -7.19557428    
      160017      120011  0.114987545      -6.36168432    
      160017      130012  0.248602748      -5.54286623    
      160017      140013  0.653212368      -5.04323196    
      160017      150014   2.60750747      -4.92809677    
      160017      190018   2.60696959      -4.92898989    
      160017      200019  0.652611673      -5.04752398    
      160017      210020  0.248475000      -5.54713249    
      160017      220021  0.115860857      -6.31960154    
      160017      230022   6.27954230E-02  -7.02945614    
      160017      240023   3.82545926E-02  -7.47147608    
      160017      250024   2.52684727E-02  -7.69808054    
      160017      260025   1.76466014E-02  -7.81217098    
      160017      270026   1.28359199E-02  -7.87653065    
      160017      280027   9.63476952E-03  -7.92180443    
      160017      290028   7.41612725E-03  -7.96228981    
      160017      300029   5.82742272E-03  -8.00453854    
      160017      310030   4.65891138E-03  -8.05132866    
      160017      320031   3.78006813E-03  -8.10346508    
      160017      330032   3.10656475E-03  -8.16057491    
      170018       20001   3.05936974E-03  -8.36131763    
      170018       30002   3.71514307E-03  -8.31976223    
      170018       40003   4.56602499E-03  -8.29055882    
      170018       50004   5.68852853E-03  -8.27737904    
      170018       60005   7.19863595E-03  -8.28358364    
      170018       70006   9.27841477E-03  -8.31136131    
      170018       80007   1.22283660E-02  -8.35784721    
      170018       90008   1.65876262E-02  -8.40196991    
      170018      100009   2.34716721E-02  -8.36820793    
      170018      110010   3.56219225E-02  -8.07677937    
      170018      120011   6.01333603E-02  -7.36097813    
      170018      130012  0.114627898      -6.39289618    
      170018      140013  0.248864919      -5.54158592    
      170018      150014  0.653533936      -5.04168606    
      170018      160015   2.60758924      -4.92799473    
      170018      200019   2.60530782      -4.93293476    
      170018      210020  0.651434362      -5.06428862    
      170018      220021  0.249151215      -5.55485296    
      170018      230022  0.118173398      -6.20695019    
      170018      240023   6.51303381E-02  -6.73447847    
      170018      250024   3.98852453E-02  -7.07339144    
      170018      260025   2.62857918E-02  -7.28152275    
      170018      270026   1.82736386E-02  -7.41534424    
      170018      280027   1.32318446E-02  -7.50932693    
      170018      290028   9.89402272E-03  -7.58272457    
      170018      300029   7.59277167E-03  -7.64621019    
      170018      310030   5.95267024E-03  -7.70568562    
      170018      320031   4.75120591E-03  -7.76429129    
      170018      330032   3.85061861E-03  -7.82345819    
      180019       20001   2.53873598E-03  -8.39356995    
      180019       30002   3.04772705E-03  -8.35045052    
      180019       40003   3.69615410E-03  -8.32195473    
      180019       50004   4.53295046E-03  -8.31352425    
      180019       60005   5.62869618E-03  -8.33190632    
      180019       70006   7.08733266E-03  -8.38581467    
      180019       80007   9.06697474E-03  -8.48520279    
      180019       90008   1.18256118E-02  -8.63373184    
      180019      100009   1.58590376E-02  -8.79555130    
      180019      110010   2.23811995E-02  -8.80563831    
      180019      120011   3.45651284E-02  -8.36629391    
      180019      130012   5.96421845E-02  -7.45067978    
      180019      140013  0.114602380      -6.40402460    
      180019      150014  0.248895600      -5.54204035    
      180019      160015  0.653335392      -5.04284954    
      180019      170016   2.60696101      -4.92908001    
      180019      210020   2.60205483      -4.94552851    
      180019      220021  0.650866270      -5.09552431    
      180019      230022  0.251924604      -5.51158667    
      180019      240023  0.121769324      -5.96838236    
      180019      250024   6.79113567E-02  -6.32437038    
      180019      260025   4.17338982E-02  -6.57613945    
      180019      270026   2.74818595E-02  -6.75510883    
      180019      280027   1.90600380E-02  -6.88764429    
      180019      290028   1.37649085E-02  -6.99103546    
      180019      300029   1.02680083E-02  -7.07616711    
      180019      310030   7.86427036E-03  -7.14994287    
      180019      320031   6.15620008E-03  -7.21678209    
      180019      330032   4.90828883E-03  -7.27951574    
      190020       20001   2.15767091E-03  -8.17564487    
      190020       30002   2.56331055E-03  -8.13984585    
      190020       40003   3.07194726E-03  -8.11938477    
      190020       50004   3.71618033E-03  -8.12068939    
      190020       60005   4.54085786E-03  -8.15269947    
      190020       70006   5.60787832E-03  -8.22880459    
      190020       80007   7.00314529E-03  -8.36904716    
      190020       90008   8.85083806E-03  -8.59911728    
      190020      100009   1.13676889E-02  -8.92729664    
      190020      110010   1.51026212E-02  -9.23955917    
      190020      120011   2.15883460E-02  -9.17564106    
      190020      130012   3.41556258E-02  -8.50165558    
      190020      140013   5.95877804E-02  -7.46466589    
      190020      150014  0.114590555      -6.40103197    
      190020      160015  0.248650268      -5.54451895    
      190020      170016  0.652579546      -5.04851437    
      190020      180017   2.60527205      -4.93318939    
      190020      220021   2.59824944      -4.96839476    
      190020      230022  0.653349578      -5.09121799    
      190020      240023  0.257164985      -5.33856153    
      190020      250024  0.126369402      -5.58840227    
      190020      260025   7.11755827E-02  -5.79476786    
      190020      270026   4.39418405E-02  -5.95762539    
      190020      280027   2.89843213E-02  -6.08704758    
      190020      290028   2.01073419E-02  -6.19208765    
      190020      300029   1.45166814E-02  -6.27933550    
      190020      310030   1.08238421E-02  -6.35353947    
      190020      320031   8.28672945E-03  -6.41828489    
      190020      330032   6.48522889E-03  -6.47647715    
      200021       20001   1.91352272E-03  -7.45066500    
      200021       30002   2.24978966E-03  -7.43972683    
      200021       40003   2.66541890E-03  -7.44350243    
      200021       50004   3.18319444E-03  -7.46875429    
      200021       60005   3.83307342E-03  -7.52561331    
      200021       70006   4.65372019E-03  -7.63046932    
      200021       80007   5.69330528E-03  -7.81060123    
      200021       90008   7.01032020E-03  -8.10927010    
      200021      100009   8.69156886E-03  -8.57570267    
      200021      110010   1.09826876E-02  -9.16467762    
      200021      120011   1.46782780E-02  -9.52072620    
      200021      130012   2.14699842E-02  -9.24440479    
      200021      140013   3.43636014E-02  -8.43951321    
      200021      150014   5.98956235E-02  -7.40836287    
      200021      160015  0.114762038      -6.38276577    
      200021      170016  0.248389214      -5.55294466    
      200021      180017  0.651334941      -5.06666946    
      200021      190018   2.60195184      -4.94610262    
      200021      230022   2.59785080      -4.97588491    
      200021      240023  0.659012198      -5.00540352    
      200021      250024  0.263292015      -5.07616138    
      200021      260025  0.131105155      -5.15741396    
      200021      270026   7.45454282E-02  -5.23459816    
      200021      280027   4.63181213E-02  -5.30356407    
      200021      290028   3.06861829E-02  -5.36392117    
      200021      300029   2.13551279E-02  -5.41623354    
      200021      310030   1.54546481E-02  -5.46134090    
      200021      320031   1.15457680E-02  -5.50035381    
      200021      330032   8.85411166E-03  -5.53479433    
      210022       20001   1.78075442E-03  -6.27441549    
      210022       30002   2.07246491E-03  -6.29519224    
      210022       40003   2.42838031E-03  -6.32904339    
      210022       50004   2.86535569E-03  -6.38246393    
      210022       60005   3.40463920E-03  -6.46580315    
      210022       70006   4.07185499E-03  -6.59676313    
      210022       80007   4.89507662E-03  -6.80674314    
      210022       90008   5.89990336E-03  -7.15069389    
      210022      100009   7.11144414E-03  -7.70923424    
      210022      110010   8.63316748E-03  -8.50351715    
      210022      120011   1.09126735E-02  -9.22819328    
      210022      130012   1.49045866E-02  -9.39427376    
      210022      140013   2.20647473E-02  -8.97541142    
      210022      150014   3.52025405E-02  -8.20972061    
      210022      160015   6.08564392E-02  -7.27948904    
      210022      170016  0.115698114      -6.34144878    
      210022      180017  0.248960406      -5.56580782    
      210022      190018  0.650659382      -5.09973764    
      210022      200019   2.59805918      -4.96930933    
      210022      240023   2.59925699      -4.96422052    
      210022      250024  0.663033426      -4.92169905    
      210022      260025  0.267147183      -4.88826799    
      210022      270026  0.134158283      -4.86621809    
      210022      280027   7.68492222E-02  -4.85283327    
      210022      290028   4.80489470E-02  -4.84476471    
      210022      300029   3.20012718E-02  -4.83944178    
      210022      310030   2.23708674E-02  -4.83521700    
      210022      320031   1.62527375E-02  -4.83127022    
      210022      330032   1.21828141E-02  -4.82763147    
      220023       20001   1.67700881E-03  -5.22409821    
      220023       30002   1.93454837E-03  -5.26328373    
      220023       40003   2.24537868E-03  -5.31362391    
      220023       50004   2.62247049E-03  -5.38101292    
      220023       60005   3.08159878E-03  -5.47533321    
      220023       70006   3.64063005E-03  -5.61423206    
      220023       80007   4.31652227E-03  -5.83037758    
      220023       90008   5.11828391E-03  -6.18412971    
      220023      100009   6.04222482E-03  -6.77384472    
      220023      110010   7.12488731E-03  -7.66597462    
      220023      120011   8.64303298E-03  -8.61025715    
      220023      130012   1.11984368E-02  -9.09342575    
      220023      140013   1.55675989E-02  -9.01656818    
      220023      150014   2.30579842E-02  -8.57557297    
      220023      160015   3.65224630E-02  -7.90178204    
      220023      170016   6.25747964E-02  -7.08268309    
      220023      180017  0.117914371      -6.23756170    
      220023      190018  0.251641244      -5.52605200    
      220023      200019  0.653077424      -5.09621382    
      220023      210020   2.59765005      -4.97676611    
      220023      250024   2.59742713      -4.96630764    
      220023      260025  0.662870407      -4.91243505    
      220023      270026  0.267593503      -4.85355043    
      220023      280027  0.134762198      -4.79792404    
      220023      290028   7.74429813E-02  -4.74793005    
      220023      300029   4.85789552E-02  -4.70315790    
      220023      310030   3.24570388E-02  -4.66262007    
      220023      320031   2.27569602E-02  -4.62560654    
      220023      330032   1.65779591E-02  -4.59193468    
      230024       20001   1.54754834E-03  -4.59602737    
      230024       30002   1.77237624E-03  -4.64021158    
      230024       40003   2.04130914E-03  -4.69386768    
      230024       50004   2.36442336E-03  -4.76228142    
      230024       60005   2.75361375E-03  -4.85468388    
      230024       70006   3.22161638E-03  -4.98811293    
      230024       80007   3.77877033E-03  -5.19505596    
      230024       90008   4.42564161E-03  -5.53752089    
      230024      100009   5.14591578E-03  -6.12193441    
      230024      110010   5.94470277E-03  -7.03986883    
      230024      120011   7.00664427E-03  -8.07997036    
      230024      130012   8.74528289E-03  -8.72867107    
      230024      140013   1.16154067E-02  -8.85386848    
      230024      150014   1.62724666E-02  -8.63896179    
      230024      160015   2.40824949E-02  -8.19631958    
      230024      170016   3.80195864E-02  -7.56347466    
      230024      180017   6.48547336E-02  -6.79351377    
      230024      190018  0.121468380      -6.00020266    
      230024      200019  0.256874651      -5.35199451    
      230024      210020  0.658791304      -5.00913858    
      230024      220021   2.59914660      -4.96466589    
      230024      260025   2.59435272      -4.97776270    
      230024      270026  0.661132097      -4.93842554    
      230024      280027  0.266619682      -4.89018583    
      230024      290028  0.134214506      -4.83933496    
      230024      300029   7.71337599E-02  -4.78908110    
      230024      310030   4.84047048E-02  -4.74060535    
      230024      320031   3.23599204E-02  -4.69439602    
      230024      330032   2.27039978E-02  -4.65095854    
      240025       20001   1.39968668E-03  -4.27927780    
      240025       30002   1.59330969E-03  -4.32252598    
      240025       40003   1.82313682E-03  -4.37388897    
      240025       50004   2.09698570E-03  -4.43814516    
      240025       60005   2.42384570E-03  -4.52392149    
      240025       70006   2.81284447E-03  -4.64756536    
      240025       80007   3.27014504E-03  -4.84095001    
      240025       90008   3.79201281E-03  -5.16627169    
      240025      100009   4.35728347E-03  -5.73364353    
      240025      110010   4.95636323E-03  -6.64901066    
      240025      120011   5.71896043E-03  -7.72680902    
      240025      130012   6.94578746E-03  -8.45673370    
      240025      140013   8.92418995E-03  -8.68704605    
      240025      150014   1.20027512E-02  -8.59933567    
      240025      160015   1.68860927E-02  -8.30698204    
      240025      170016   2.50501595E-02  -7.82620096    
      240025      180017   3.96293737E-02  -7.16306400    
      240025      190018   6.76330850E-02  -6.37760210    
      240025      200019  0.126102731      -5.61367083    
      240025      210020  0.263091117      -5.08460188    
      240025      220021  0.662934780      -4.92320204    
      240025      230022   2.59740424      -4.96637058    
      240025      270026   2.59218574      -4.98686123    
      240025      280027  0.659731507      -4.96189833    
      240025      290028  0.265700698      -4.92889881    
      240025      300029  0.133596763      -4.89162970    
      240025      310030   7.67068863E-02  -4.85259342    
      240025      320031   4.81010377E-02  -4.81322193    
      240025      330032   3.21373157E-02  -4.77458191    
      250026       20001   1.25265890E-03  -4.13109684    
      250026       30002   1.41831231E-03  -4.17148113    
      250026       40003   1.61358376E-03  -4.21888971    
      250026       50004   1.84454059E-03  -4.27768660    
      250026       60005   2.11798958E-03  -4.35597944    
      250026       70006   2.44047958E-03  -4.46947622    
      250026       80007   2.81547941E-03  -4.64936638    
      250026       90008   3.23714968E-03  -4.95755196    
      250026      100009   3.68317403E-03  -5.50605202    
      250026      110010   4.13737632E-03  -6.41019440    
      250026      120011   4.69430396E-03  -7.50291491    
      250026      130012   5.58129000E-03  -8.27665901    
      250026      140013   6.99100550E-03  -8.56410599    
      250026      150014   9.11675300E-03  -8.54639912    
      250026      160015   1.23427166E-02  -8.34422779    
      250026      170016   1.74584240E-02  -7.96872330    
      250026      180017   2.60650143E-02  -7.39896965    
      250026      190018   4.14945669E-02  -6.65127516    
      250026      200019   7.09481314E-02  -5.83341312    
      250026      210020  0.130937189      -5.17158270    
      250026      220021  0.267070085      -4.89106989    
      250026      230022  0.662860334      -4.91243410    
      250026      240023   2.59436512      -4.97767639    
      250026      280027   2.59095573      -4.99225760    
      250026      290028  0.658880472      -4.97674274    
      250026      300029  0.265100360      -4.95514917    
      250026      310030  0.133163139      -4.92962742    
      250026      320031   7.63856396E-02  -4.90190363    
      250026      330032   4.78566810E-02  -4.87327003    
      260027       20001   1.11687439E-03  -4.06984186    
      260027       30002   1.25843706E-03  -4.10693455    
      260027       40003   1.42425566E-03  -4.15016079    
      260027       50004   1.61905447E-03  -4.20354128    
      260027       60005   1.84800709E-03  -4.27473879    
      260027       70006   2.11581565E-03  -4.37889242    
      260027       80007   2.42420123E-03  -4.54653692    
      260027       90008   2.76642409E-03  -4.83913279    
      260027      100009   3.12075717E-03  -5.36982584    
      260027      110010   3.46851861E-03  -6.26083565    
      260027      120011   3.88067146E-03  -7.35955095    
      260027      130012   4.53418773E-03  -8.16046810    
      260027      140013   5.56462398E-03  -8.48231506    
      260027      150014   7.08216941E-03  -8.50494194    
      260027      160015   9.30504967E-03  -8.35712051    
      260027      170016   1.26809534E-02  -8.05198860    
      260027      180017   1.80912018E-02  -7.55476856    
      260027      190018   2.72842683E-02  -6.84993744    
      260027      200019   4.37550768E-02  -6.00952578    
      260027      210020   7.44097456E-02  -5.25477362    
      260027      220021  0.134100139      -4.87023211    
      260027      230022  0.267593145      -4.85309553    
      260027      240023  0.661152244      -4.93791866    
      260027      250024   2.59220481      -4.98674917    
      260027      290028   2.59027958      -4.99530602    
      260027      300029  0.658389032      -4.98553038    
      260027      310030  0.264736116      -4.97144794    
      260027      320031  0.132887036      -4.95433903    
      260027      330032   7.61710778E-02  -4.93546104    
      270028       20001   9.95735871E-04  -4.05396748    
      270028       30002   1.11693994E-03  -4.08786488    
      270028       40003   1.25808094E-03  -4.12715626    
      270028       50004   1.42285647E-03  -4.17557049    
      270028       60005   1.61521987E-03  -4.24038696    
      270028       70006   1.83854625E-03  -4.33624029    
      270028       80007   2.09342781E-03  -4.49306011    
      270028       90008   2.37289164E-03  -4.77183151    
      270028      100009   2.65657739E-03  -5.28644562    
      270028      110010   2.92537571E-03  -6.16459608    
      270028      120011   3.23386607E-03  -7.26565981    
      270028      130012   3.72307491E-03  -8.08577061    
      270028      140013   4.49225307E-03  -8.43077374    
      270028      150014   5.60514769E-03  -8.47820950    
      270028      160015   7.18946895E-03  -8.36407375    
      270028      170016   9.51132178E-03  -8.10615349    
      270028      180017   1.30855236E-02  -7.66339827    
      270028      190018   1.89011078E-02  -6.99817133    
      270028      200019   2.88340058E-02  -6.15092373    
      270028      210020   4.62092683E-02  -5.32967758    
      270028      220021   7.68040121E-02  -4.85801458    
      270028      230022  0.134765878      -4.79662895    
      270028      240023  0.266642720      -4.88873482    
      270028      250024  0.659755707      -4.96132517    
      270028      260025   2.59097362      -4.99215221    
      270028      300029   2.58989787      -4.99706030    
      270028      310030  0.658100665      -4.99077892    
      270028      320031  0.264513463      -4.98155689    
      270028      330032  0.132710591      -4.97029161    
      280029       20001   8.89311545E-04  -4.06210661    
      280029       30002   9.93437949E-04  -4.09307528    
      280029       40003   1.11403200E-03  -4.12881470    
      280029       50004   1.25400594E-03  -4.17280293    
      280029       60005   1.41639798E-03  -4.23198271    
      280029       70006   1.60362746E-03  -4.32053995    
      280029       80007   1.81556377E-03  -4.46785021    
      280029       90008   2.04536598E-03  -4.73442936    
      280029      100009   2.27433676E-03  -5.23470020    
      280029      110010   2.48398096E-03  -6.10092115    
      280029      120011   2.71716691E-03  -7.20279980    
      280029      130012   3.08845169E-03  -8.03791046    
      280029      140013   3.67296766E-03  -8.40014458    
      280029      150014   4.50762454E-03  -8.46396637    
      280029      160015   5.66867925E-03  -8.37141991    
      280029      170016   7.32064061E-03  -8.14564133    
      280029      180017   9.77950729E-03  -7.74347305    
      280029      190018   1.36394985E-02  -7.11224174    
      280029      200019   1.99875943E-02  -6.26596785    
      280029      210020   3.05980146E-02  -5.39589596    
      280029      220021   4.80110012E-02  -4.85145092    
      280029      230022   7.74458274E-02  -4.74573326    
      280029      240023  0.134236231      -4.83646107    
      280029      250024  0.265726566      -4.92732430    
      280029      260025  0.658903241      -4.97620106    
      280029      270026   2.59029579      -4.99520922    
      280029      310030   2.58967280      -4.99810886    
      280029      320031  0.657923460      -4.99402380    
      280029      330032  0.264369458      -4.98806572    
      290030       20001   7.96383887E-04  -4.08269405    
      290030       30002   8.86205409E-04  -4.11104822    
      290030       40003   9.89703694E-04  -4.14364100    
      290030       50004   1.10918761E-03  -4.18373251    
      290030       60005   1.24700624E-03  -4.23796701    
      290030       70006   1.40488613E-03  -4.32012844    
      290030       80007   1.58224371E-03  -4.45908594    
      290030       90008   1.77256216E-03  -4.71490383    
      290030      100009   1.95885845E-03  -5.20240641    
      290030      110010   2.12374539E-03  -6.05777550    
      290030      120011   2.30151066E-03  -7.15983820    
      290030      130012   2.58671353E-03  -8.00753593    
      290030      140013   3.03784129E-03  -8.38367558    
      290030      150014   3.67588364E-03  -8.45913982    
      290030      160015   4.54683742E-03  -8.38093090    
      290030      170016   5.75583428E-03  -8.17743683    
      290030      180017   7.50526180E-03  -7.80558920    
      290030      190018   1.01706684E-02  -7.20256710    
      290030      200019   1.44217815E-02  -6.36087179    
      290030      210020   2.12824084E-02  -5.45411777    
      290030      220021   3.19665149E-02  -4.84846735    
      290030      230022   4.85778935E-02  -4.70049047    
      290030      240023   7.71514252E-02  -4.78454876    
      290030      250024  0.133621678      -4.88846350    
      290030      260025  0.265125632      -4.95361328    
      290030      270026  0.658410609      -4.98501778    
      290030      280027   2.58991337      -4.99696875    
      290030      320031   2.58952951      -4.99876785    
      290030      330032  0.657802045      -4.99616241    
      300031       20001   7.15383445E-04  -4.10874319    
      300031       30002   7.93204934E-04  -4.13481426    
      300031       40003   8.82449734E-04  -4.16466427    
      300031       50004   9.84960468E-04  -4.20136166    
      300031       60005   1.10256381E-03  -4.25128698    
      300031       70006   1.23648287E-03  -4.32785749    
      300031       80007   1.38585875E-03  -4.45948076    
      300031       90008   1.54459034E-03  -4.70579147    
      300031      100009   1.69734191E-03  -5.18192673    
      300031      110010   1.82803115E-03  -6.02751255    
      300031      120011   1.96452322E-03  -7.12955666    
      300031      130012   2.18593795E-03  -7.98835516    
      300031      140013   2.53889151E-03  -8.37644291    
      300031      150014   3.03473789E-03  -8.46081924    
      300031      160015   3.70117393E-03  -8.39252567    
      300031      170016   4.60729562E-03  -8.20481205    
      300031      180017   5.88760572E-03  -7.85581541    
      300031      190018   7.79002346E-03  -7.27584743    
      300031      200019   1.07489489E-02  -6.44008207    
      300031      210020   1.53935803E-02  -5.50515795    
      300031      220021   2.23370921E-02  -4.84771538    
      300031      230022   3.24508622E-02  -4.66030169    
      300031      240023   4.84172069E-02  -4.73443508    
      300031      250024   7.67294392E-02  -4.84726906    
      300031      260025  0.133189380      -4.92635441    
      300031      270026  0.264761478      -4.96991873    
      300031      280027  0.658121943      -4.99027109    
      300031      290028   2.58968782      -4.99801683    
      300031      330032   2.58941722      -4.99922180    
      310032       20001   6.44791580E-04  -4.13470316    
      310032       30002   7.12519395E-04  -4.15886164    
      310032       40003   7.89842510E-04  -4.18640041    
      310032       50004   8.78241146E-04  -4.22021723    
      310032       60005   9.79143311E-04  -4.26645374    
      310032       70006   1.09340413E-03  -4.33819580    
      310032       80007   1.22000801E-03  -4.46342325    
      310032       90008   1.35330192E-03  -4.70136833    
      310032      100009   1.47947518E-03  -5.16741610    
      310032      110010   1.58378843E-03  -6.00426435    
      310032      120011   1.68920809E-03  -7.10635328    
      310032      130012   1.86271779E-03  -7.97534561    
      310032      140013   2.14222143E-03  -8.37424564    
      310032      150014   2.53316038E-03  -8.46600151    
      310032      160015   3.05190985E-03  -8.40495300    
      310032      170016   3.74495960E-03  -8.22874928    
      310032      180017   4.70462954E-03  -7.89725876    
      310032      190018   6.10089628E-03  -7.33611441    
      310032      200019   8.22816603E-03  -6.50652599    
      310032      210020   1.14941094E-02  -5.54951572    
      310032      220021   1.62195545E-02  -4.84802437    
      310032      230022   2.27462668E-02  -4.62432814    
      310032      240023   3.23677585E-02  -4.68653917    
      310032      250024   4.81212363E-02  -4.80502176    
      310032      260025   7.64123946E-02  -4.89586973    
      310032      270026  0.132915542      -4.95081568    
      310032      280027  0.264539987      -4.97992754    
      310032      290028  0.657945275      -4.99347305    
      310032      300029   2.58954453      -4.99866390    
      320033       20001   5.83346467E-04  -4.15287828    
      320033       30002   6.42563042E-04  -4.17564487    
      320033       40003   7.09885091E-04  -4.20144415    
      320033       50004   7.86509074E-04  -4.23302078    
      320033       60005   8.73557059E-04  -4.27629805    
      320033       70006   9.71614034E-04  -4.34405708    
      320033       80007   1.07958494E-03  -4.46388197    
      320033       90008   1.19226379E-03  -4.69462156    
      320033      100009   1.29721931E-03  -5.15187025    
      320033      110010   1.38100737E-03  -5.98110962    
      320033      120011   1.46279833E-03  -7.08362389    
      320033      130012   1.59989565E-03  -7.96245623    
      320033      140013   1.82365323E-03  -8.37171650    
      320033      150014   2.13585724E-03  -8.47021198    
      320033      160015   2.54574977E-03  -8.41499233    
      320033      170016   3.08522186E-03  -8.24766541    
      320033      180017   3.81945167E-03  -7.93005371    
      320033      190018   4.86887945E-03  -7.38457203    
      320033      200019   6.44071400E-03  -6.56108046    
      320033      210020   8.81132297E-03  -5.58653927    
      320033      220021   1.21517079E-02  -4.84748220    
      320033      230022   1.65652148E-02  -4.59085751    
      320033      240023   2.27094535E-02  -4.64019680    
      320033      250024   3.21568064E-02  -4.76181602    
      320033      260025   4.78849970E-02  -4.86256027    
      320033      270026   7.62033015E-02  -4.92812920    
      320033      280027  0.132742509      -4.96607494    
      320033      290028  0.264397353      -4.98607302    
      320033      300029  0.657822311      -4.99545193    
      320033      310030   2.58942604      -4.99907494    
