957
10002 40003 11.320567 -7.133161
10002 50004 3.690807 -6.895010
10002 60005 0.981195 -5.489497
430044 490048 0.415888 -7.958527
420043 490048 0.218865 -7.593579
10002 90008 0.140634 -6.237196
10002 100009 0.094739 -5.944330
10002 110010 0.073907 -6.838462
10002 120011 0.043185 -6.895010
10002 130012 0.032575 -6.577535
10002 140013 0.027549 -7.874751
340035 490048 0.017841 -9.804562
10002 180017 0.011076 -8.458651
10002 190018 0.010666 -8.678213
270028 490048 0.006084 -10.784913
250026 490048 0.004498 -11.407821
240025 490048 0.003982 -11.057184
10002 270026 0.003624 -9.145438
10002 280027 0.003208 -9.087668
10002 290028 0.003272 -14.527772
10002 310030 0.002343 -9.677153
10002 320031 0.002215 -8.531868
170018 490048 0.001727 -11.927406
10002 340033 0.001724 -8.869240
10002 380037 0.001222 -8.529511
10002 390038 0.001121 -9.085050
100011 490048 0.001471 -14.172772
10002 410040 0.001040 -10.032851
10002 420041 0.000970 -10.621637
70008 490048 0.001040 -10.455918
10002 460045 0.000702 -7.452381
10002 470046 0.000611 -11.562195
10002 480047 0.000572 -11.052996
10002 490048 0.000526 -12.408942
20003 50004 16.233637 -7.645764
20003 60005 2.954160 -5.300914
430044 480047 1.026276 -7.125830
20003 80007 0.476467 -5.952882
20003 90008 0.254144 -5.306935
20003 100009 0.155242 -5.001939
20003 110010 0.113131 -5.839523
20003 120011 0.062273 -5.934818
20003 130012 0.044668 -5.563499
20003 140013 0.036329 -6.924157
340035 480047 0.022346 -9.290213
20003 180017 0.013410 -7.548724
20003 190018 0.012784 -7.862446
20003 200019 0.011110 -11.942241
270028 480047 0.007076 -10.417521
250026 480047 0.005172 -10.610031
240025 480047 0.004548 -10.734473
20003 270026 0.004109 -8.815309
20003 280027 0.003627 -8.205665
20003 290028 0.003412 -4.181111
20003 310030 0.002619 -9.234886
20003 320031 0.002462 -7.491651
170018 480047 0.001919 -12.395154
20003 340033 0.001915 -9.026407
20003 380037 0.001343 -6.739502
20003 390038 0.001235 -7.440339
100011 480047 0.001614 -13.246525
20003 410040 0.001139 -9.852035
20003 420041 0.001058 -9.802031
20003 430042 0.000985 -7.736085
20003 440043 0.000874 -9.135839
20003 460045 0.000974 -11.404767
20003 470046 0.000665 -11.350487
20003 480047 0.000621 -10.961104
20003 490048 0.000569 -11.778093
30004 60005 12.857290 -7.173914
30004 70006 2.998299 -5.227872
420043 470046 1.018157 -6.840120
30004 90008 0.518475 -5.997649
30004 100009 0.284391 -5.557128
30004 110010 0.192845 -6.266430
30004 120011 0.095990 -6.187541
30004 130012 0.064806 -5.787337
30004 140013 0.049854 -7.118674
350036 470046 0.030088 -6.843960
30004 160015 0.029001 -7.530834
30004 180017 0.016311 -7.847698
30004 190018 0.015399 -8.308640
30004 200019 0.013896 -7.289717
290030 470046 0.009208 -5.322032
270028 470046 0.007178 -9.699493
250026 470046 0.005170 -9.977175
240025 470046 0.004524 -9.791472
30004 270026 0.004653 -9.293529
30004 280027 0.004104 -8.566338
30004 310030 0.002886 -9.755692
30004 320031 0.003063 -8.781973
170018 470046 0.001851 -10.697996
30004 340033 0.002117 -10.255991
30004 380037 0.001456 -8.195106
30004 390038 0.001339 -8.052251
100011 470046 0.001533 -12.112061
30004 410040 0.001217 -10.159562
30004 420041 0.001138 -10.942604
70008 470046 0.001074 -11.541688
60007 470046 0.000903 -8.751081
30004 460045 0.001015 -13.244780
30004 470046 0.000703 -10.556275
30004 480047 0.000666 -8.779879
30004 490048 0.000609 -12.226380
40005 70006 15.116642 -6.721437
420043 460045 3.648613 -6.881484
40005 90008 1.468596 -6.869703
40005 100009 0.703264 -6.361027
40005 110010 0.436183 -6.948767
40005 120011 0.202373 -6.675361
40005 130012 0.127693 -6.185796
40005 140013 0.093465 -7.505352
40005 160015 0.050812 -7.524725
40005 170016 0.042964 -8.632398
40005 180017 0.027207 -8.193623
40005 190018 0.025341 -8.589027
270028 460045 0.009976 -8.209156
40005 240023 0.011193 -14.950141
250026 460045 0.007078 -8.532740
240025 460045 0.006142 -8.367981
40005 270026 0.007197 -9.970891
40005 280027 0.006336 -8.908248
40005 310030 0.004336 -9.955707
40005 320031 0.005113 -11.567693
170018 460045 0.002430 -10.281036
40005 340033 0.003199 -10.307653
40005 380037 0.002161 -8.196677
40005 390038 0.001994 -8.300960
100011 460045 0.001980 -9.979967
40005 410040 0.001771 -11.292542
40005 420041 0.001686 -10.489865
70008 460045 0.001380 -11.788303
40005 440043 0.001355 -6.199584
50006 460045 0.001211 -12.959593
40005 460045 0.001443 -12.524657
40005 470046 0.001009 -10.153715
40005 480047 0.000971 -10.132858
40005 490048 0.000886 -10.590047
420043 450044 12.196951 -8.028864
50006 90008 3.479341 -6.917351
50006 100009 1.293992 -6.067114
50006 110010 0.688649 -6.601359
50006 120011 0.289562 -6.102893
50006 130012 0.166635 -5.535312
50006 140013 0.113215 -6.758438
50006 160015 0.055420 -7.130630
330034 450044 0.035286 -14.441378
50006 180017 0.028086 -7.365377
50006 190018 0.025694 -7.769071
270028 450044 0.010587 -8.161160
250026 450044 0.007401 -8.485965
240025 450044 0.006371 -8.458215
50006 270026 0.006722 -9.178948
50006 280027 0.005899 -7.968562
210022 450044 0.004774 -14.952236
50006 310030 0.004021 -9.506459
50006 320031 0.004405 -10.759606
170018 450044 0.002433 -8.950397
50006 340033 0.002918 -9.271014
50006 380037 0.001959 -7.014827
50006 390038 0.001796 -7.872395
100011 450044 0.001951 -10.814409
50006 410040 0.001606 -11.029870
50006 420041 0.001513 -10.172041
70008 450044 0.001359 -10.089399
60007 450044 0.001141 -9.701936
50006 450044 0.001187 -11.972784
50006 460045 0.001314 -10.834742
50006 470046 0.000911 -10.531055
50006 480047 0.000863 -10.127360
50006 490048 0.000789 -11.724511
60007 90008 12.664683 -7.405345
60007 100009 3.230504 -5.912303
60007 110010 1.376087 -6.217212
60007 120011 0.507988 -5.595613
60007 130012 0.264021 -4.968603
60007 140013 0.166022 -6.158569
60007 150014 0.098737 -2.027374
60007 160015 0.071858 -6.378742
60007 170016 0.049928 -10.581059
60007 180017 0.034301 -6.754686
60007 190018 0.030274 -7.169725
60007 210020 0.019015 -10.294912
60007 220021 0.018088 -12.688369
270028 440043 0.012892 -7.718195
250026 440043 0.008809 -7.970744
240025 440043 0.007602 -7.956258
60007 270026 0.007339 -8.799601
60007 280027 0.006311 -7.445749
60007 310030 0.004319 -8.813476
60007 320031 0.004390 -9.378876
170018 440043 0.002812 -9.317440
60007 340033 0.003074 -8.660847
60007 380037 0.002059 -7.195294
60007 390038 0.001877 -8.985130
100011 440043 0.002223 -9.654289
60007 410040 0.001678 -10.310882
60007 420041 0.001578 -10.464122
60007 430042 0.001433 -8.526632
60007 440043 0.001279 -8.430115
50006 440043 0.001318 -10.720859
60007 460045 0.001375 -11.671715
60007 470046 0.000940 -9.935810
60007 480047 0.000880 -10.966602
60007 490048 0.000805 -11.958472
70008 100009 13.236372 -7.281863
70008 110010 3.837589 -6.969885
70008 120011 1.142870 -5.903751
70008 130012 0.515852 -5.152561
70008 140013 0.289921 -6.220266
350036 430042 0.138075 -10.923318
70008 160015 0.107073 -6.500217
70008 170016 0.072125 -12.677024
70008 180017 0.046415 -6.512609
70008 190018 0.040121 -6.967354
270028 430042 0.015073 -7.653094
250026 430042 0.010099 -7.909309
240025 430042 0.008602 -8.063945
70008 270026 0.008762 -8.664687
70008 280027 0.007554 -7.367384
70008 300029 0.006942 -10.116976
70008 310030 0.005045 -8.880759
70008 320031 0.005407 -9.652194
170018 430042 0.003045 -8.995252
70008 340033 0.003588 -8.582657
70008 380037 0.002359 -6.833226
70008 390038 0.002151 -9.243787
100011 430042 0.002368 -10.431484
70008 410040 0.001909 -10.111565
70008 420041 0.001794 -9.877953
70008 430042 0.001628 -5.669877
60007 430042 0.001366 -10.061474
50006 430042 0.001405 -12.087103
70008 460045 0.001539 -9.283144
70008 470046 0.001058 -12.290696
70008 480047 0.000998 -10.533062
70008 490048 0.000911 -9.921673
80009 110010 14.940104 -8.344594
80009 120011 2.980267 -6.200282
80009 130012 1.110230 -5.266706
80009 140013 0.545680 -6.251769
80009 150014 0.249534 -9.159401
80009 160015 0.162650 -6.452046
80009 170016 0.090685 -12.056909
80009 180017 0.063594 -6.360678
80009 190018 0.051820 -6.754861
300031 420041 0.038157 -14.440505
290030 420041 0.031014 -13.098522
80009 220021 0.024503 -5.875913
270028 420041 0.020438 -7.794466
250026 420041 0.013276 -8.414407
240025 420041 0.011358 -8.352797
80009 270026 0.010150 -8.657618
80009 280027 0.008498 -7.304028
80009 300029 0.006977 -10.052224
80009 310030 0.005729 -9.016633
80009 320031 0.005465 -9.221273
170018 420041 0.003869 -9.209404
80009 340033 0.003969 -9.069603
80009 380037 0.002616 -7.504654
80009 390038 0.002349 -8.123111
100011 420041 0.002948 -11.003952
80009 410040 0.002083 -9.788941
80009 420041 0.001977 -10.896963
70008 420041 0.001984 -9.727244
60007 420041 0.001657 -9.663364
50006 420041 0.001703 -11.899306
80009 460045 0.001701 -11.397436
80009 470046 0.001145 -10.442567
80009 480047 0.001062 -9.808140
80009 490048 0.000969 -9.734487
90010 120011 11.121596 -7.244687
90010 130012 2.910075 -5.656001
90010 140013 1.171491 -6.564096
90010 150014 0.459751 -10.491000
90010 160015 0.266898 -6.644032
90010 170016 0.145142 -6.565841
90010 180017 0.087270 -5.992239
90010 190018 0.069083 -6.470110
300031 410040 0.042913 -10.537600
90010 220021 0.031428 -8.997696
270028 410040 0.023475 -7.878765
260027 410040 0.018366 -11.676602
250026 410040 0.014883 -8.330282
240025 410040 0.012374 -8.382467
90010 270026 0.011323 -8.469908
90010 280027 0.009651 -7.095549
90010 310030 0.006290 -8.964098
90010 320031 0.006250 -9.016720
170018 410040 0.003959 -9.108699
90010 340033 0.004359 -8.892278
90010 380037 0.002794 -6.949377
90010 390038 0.002531 -8.302008
100011 410040 0.002955 -9.497209
90010 410040 0.002245 -10.028400
90010 420041 0.002086 -10.406526
90010 430042 0.001905 -9.612663
90010 440043 0.001670 -10.162965
50006 410040 0.001730 -11.475714
90010 460045 0.001795 -12.517240
90010 470046 0.001227 -10.962500
90010 480047 0.001142 -9.418582
90010 490048 0.001042 -10.634815
100011 130012 14.817227 -7.373754
100011 140013 4.005464 -7.808865
100011 150014 1.238029 -9.961641
100011 160015 0.604045 -7.373580
100011 170016 0.282985 -9.296147
100011 180017 0.153997 -6.215554
100011 190018 0.113339 -6.592981
100011 200019 0.086839 -7.420442
100011 220021 0.048987 -10.376681
100011 230022 0.031835 -10.508453
250026 400039 0.018035 -7.780154
240025 400039 0.014779 -7.903374
100011 270026 0.014886 -8.871421
100011 280027 0.012602 -7.661123
100011 310030 0.007925 -9.076323
100011 320031 0.008625 -10.621725
170018 400039 0.004455 -8.986875
100011 340033 0.005480 -8.900219
100011 380037 0.003445 -7.396880
100011 390038 0.003128 -8.071275
100011 400039 0.003248 -10.601304
100011 410040 0.002710 -10.140974
100011 420041 0.002562 -10.301370
100011 430042 0.002282 -10.329382
100011 440043 0.002017 -9.584825
50006 400039 0.001886 -10.996272
100011 460045 0.002122 -11.465679
100011 470046 0.001459 -11.661156
100011 480047 0.001375 -10.061300
100011 490048 0.001253 -10.780375
110012 140013 15.816083 -9.124930
110012 150014 3.287418 -10.528350
110012 160015 1.276110 -7.529350
110012 170016 0.503283 -7.934965
110012 180017 0.240532 -5.638373
110012 190018 0.156773 -5.809154
110012 220021 0.046238 -8.121192
110012 230022 0.034830 -4.887620
250026 390038 0.022560 -7.958178
240025 390038 0.018369 -7.980343
110012 270026 0.014890 -7.980780
110012 280027 0.012209 -6.759398
200021 390038 0.008666 -10.829419
110012 310030 0.007728 -8.466069
110012 320031 0.006843 -7.962367
170018 390038 0.005165 -8.869065
110012 340033 0.005127 -8.835031
110012 380037 0.003193 -7.466344
110012 390038 0.002835 -5.771280
100011 390038 0.003688 -12.806702
110012 410040 0.002505 -10.943913
110012 420041 0.002330 -9.996897
70008 390038 0.002443 -9.977873
60007 390038 0.002037 -9.432806
50006 390038 0.002072 -11.934910
110012 460045 0.001994 -11.074376
110012 470046 0.001333 -9.445024
110012 480047 0.001222 -9.126850
110012 490048 0.001111 -9.794962
120013 150014 14.157019 -11.452938
120013 160015 3.752923 -8.267712
120013 170016 1.179616 -8.114297
120013 180017 0.484852 -5.903314
120013 190018 0.280403 -5.857500
300031 380037 0.138860 -12.601626
290030 380037 0.101982 -9.983109
120013 220021 0.067485 -7.040571
270028 380037 0.050576 -6.978001
120013 240023 0.034677 -14.158024
250026 380037 0.027663 -7.785565
240025 380037 0.022059 -7.888714
120013 270026 0.018332 -7.859567
120013 280027 0.014879 -6.562263
120013 290028 0.012717 -8.120668
120013 310030 0.009059 -8.239525
120013 320031 0.008376 -8.455597
170018 380037 0.005728 -9.021607
120013 340033 0.005944 -8.134369
140015 380037 0.004299 -6.861587
120013 370036 0.005637 -7.746644
120013 380037 0.003619 -6.265907
120013 390038 0.003224 -8.800212
100011 380037 0.003960 -7.899186
120013 410040 0.002792 -8.985391
120013 420041 0.002620 -9.468586
120013 430042 0.002339 -11.401276
120013 440043 0.002067 -7.159428
50006 380037 0.002223 -10.438291
120013 460045 0.002190 -11.201000
120013 470046 0.001467 -10.754632
120013 480047 0.001346 -10.736916
120013 490048 0.001223 -10.052573
130014 160015 16.984976 -9.801158
130014 170016 3.661425 -9.031555
130014 180017 1.225675 -6.673005
130014 190018 0.610519 -6.465310
300031 370036 0.267134 -4.499459
290030 370036 0.174699 -6.643945
130014 220021 0.107545 -3.936765
270028 370036 0.076376 -6.962118
250026 370036 0.038803 -7.775267
240025 370036 0.030038 -8.011236
130014 270026 0.024095 -8.180707
130014 280027 0.019385 -7.108552
200021 370036 0.012923 -10.345614
130014 310030 0.011375 -8.925701
130014 320031 0.010269 -9.139591
170018 370036 0.007098 -9.358630
130014 340033 0.007323 -8.859728
130014 380037 0.004344 -6.544723
130014 390038 0.003843 -8.590685
100011 370036 0.004762 -10.073168
130014 410040 0.003325 -9.965568
130014 420041 0.003092 -9.760754
130014 430042 0.002783 -10.671554
130014 440043 0.002429 -9.465706
50006 370036 0.002655 -11.421784
130014 460045 0.002576 -10.533935
130014 470046 0.001727 -11.228401
130014 480047 0.001578 -10.538298
130014 490048 0.001432 -10.337411
140015 170016 13.328218 -9.846275
140015 180017 3.226613 -7.147211
140015 190018 1.314628 -6.674139
300031 360035 0.473037 -4.998099
290030 360035 0.277791 -9.656558
140015 220021 0.151893 -9.837025
140015 230022 0.093855 -8.887653
140015 240023 0.064780 -12.085096
250026 360035 0.046427 -7.207686
240025 360035 0.034829 -7.503869
140015 270026 0.027296 -8.076511
140015 280027 0.021552 -6.968402
140015 290028 0.017838 -8.431860
140015 310030 0.012139 -8.739823
140015 320031 0.010833 -9.583952
170018 360035 0.007370 -8.864178
140015 340033 0.007634 -8.741918
140015 360035 0.005503 -7.039611
140015 380037 0.004392 -7.162569
140015 390038 0.003887 -7.968737
100011 360035 0.004787 -9.848893
140015 410040 0.003333 -10.037476
140015 420041 0.003084 -10.126749
140015 430042 0.002775 -9.077632
140015 440043 0.002413 -10.641796
50006 360035 0.002633 -10.766063
140015 460045 0.002553 -13.838367
140015 470046 0.001705 -11.001072
140015 480047 0.001553 -9.562310
140015 490048 0.001407 -9.811368
150016 180017 15.650299 -8.997958
150016 190018 4.444252 -7.870999
300031 350034 1.186606 -8.977974
290030 350034 0.595734 -10.741978
150016 220021 0.299665 -9.937032
150016 230022 0.165113 -9.799413
150016 240023 0.106616 -6.698312
250026 350034 0.069571 -6.984633
240025 350034 0.050129 -7.272263
150016 270026 0.038992 -7.822653
150016 280027 0.030061 -6.703024
210022 350034 0.024149 -5.808805
150016 300029 0.020727 -11.215486
150016 310030 0.016085 -8.631351
150016 320031 0.014466 -9.020036
150016 330032 0.010561 -10.753933
150016 340033 0.009851 -8.725337
150016 360035 0.007158 -9.989217
150016 380037 0.005494 -7.113264
150016 390038 0.004838 -8.091434
100011 350034 0.005826 -10.002482
150016 410040 0.004108 -10.255642
150016 420041 0.003791 -10.513514
70008 350034 0.003779 -10.068281
150016 440043 0.002950 -8.271988
50006 350034 0.003155 -10.752974
150016 460045 0.003091 -12.331449
150016 470046 0.002062 -10.289850
150016 480047 0.001880 -9.520160
150016 490048 0.001692 -11.282506
160017 190018 18.673137 -9.364739
300031 340033 3.420892 -9.475742
290030 340033 1.379464 -11.357730
160017 220021 0.571329 -8.529948
160017 230022 0.277518 -9.395805
160017 240023 0.160612 -7.006537
250026 340033 0.100323 -6.898065
240025 340033 0.068518 -7.151312
160017 270026 0.049215 -7.462417
160017 280027 0.036602 -6.394799
160017 300029 0.023272 -3.301814
160017 310030 0.018498 -8.477762
160017 320031 0.015785 -8.684060
170018 340033 0.010743 -8.917934
160017 340033 0.010960 -8.659015
160017 380037 0.005916 -6.862547
160017 390038 0.005170 -7.494880
100011 340033 0.006453 -10.220823
160017 410040 0.004343 -9.876818
160017 420041 0.004020 -10.212358
160017 430042 0.003584 -10.864849
160017 440043 0.003094 -8.484133
50006 340033 0.003435 -11.074463
160017 460045 0.003242 -12.015021
160017 470046 0.002145 -10.581669
160017 480047 0.001934 -9.342049
160017 490048 0.001742 -10.332524
300031 330032 13.050968 -10.665183
290030 330032 3.812659 -11.528947
170018 220021 1.180788 -8.730486
170018 230022 0.495529 -8.250782
170018 240023 0.253541 -5.914135
250026 330032 0.150635 -6.657209
240025 330032 0.094942 -6.881310
170018 270026 0.061421 -6.755471
170018 280027 0.044316 -5.727036
200021 330032 0.025988 -2.893756
170018 310030 0.020843 -7.944739
170018 320031 0.017105 -10.536029
170018 330032 0.012027 -9.017942
170018 340033 0.011922 -8.037503
170018 380037 0.006154 -6.431800
170018 390038 0.005359 -7.637386
100011 330032 0.006888 -9.859889
170018 410040 0.004495 -9.137759
170018 420041 0.004082 -9.544071
170018 430042 0.003684 -11.621537
170018 440043 0.003155 -6.858533
50006 330032 0.003637 -11.159286
170018 460045 0.003317 -11.446655
170018 470046 0.002188 -10.134167
170018 480047 0.001954 -9.698707
170018 490048 0.001757 -10.590745
290030 320031 17.171040 -13.072342
180019 220021 3.832107 -9.860674
180019 230022 1.278943 -8.805448
180019 240023 0.559622 -7.785303
250026 320031 0.280666 -6.456846
240025 320031 0.162069 -6.485294
180019 270026 0.100830 -6.789854
180019 280027 0.068315 -5.690471
180019 290028 0.048011 -13.014920
180019 300029 0.037633 -11.310432
180019 310030 0.029418 -8.017519
180019 320031 0.023855 -8.439889
170018 320031 0.015824 -8.460484
180019 340033 0.016129 -8.263785
180019 370036 0.008810 -6.766118
180019 380037 0.008025 -6.596123
180019 390038 0.006903 -7.355079
100011 320031 0.008622 -10.704977
180019 410040 0.005698 -9.711972
180019 420041 0.005210 -9.841214
180019 430042 0.004632 -6.073920
60007 320031 0.004410 -9.725673
50006 320031 0.004418 -10.891204
180019 460045 0.004128 -12.295234
180019 470046 0.002701 -10.229462
180019 480047 0.002420 -10.467525
180019 490048 0.002160 -9.620429
190020 220021 16.196862 -11.240793
190020 230022 3.619042 -9.785450
190020 240023 1.290638 -8.273210
250026 310030 0.476143 -6.521423
240025 310030 0.241902 -6.346890
190020 270026 0.153693 -6.397592
190020 280027 0.097661 -5.284421
190020 290028 0.067832 -8.748725
190020 300029 0.048450 -6.384851
190020 310030 0.036375 -7.663741
190020 320031 0.032156 -8.004080
190020 330032 0.019371 -9.712583
190020 340033 0.019129 -7.885310
190020 360035 0.012987 -5.138947
190020 380037 0.008999 -6.336331
190020 390038 0.007749 -7.849007
100011 310030 0.008559 -8.792620
190020 410040 0.006239 -9.117600
190020 420041 0.005703 -9.103463
190020 430042 0.005006 -7.275841
190020 440043 0.004270 -11.166791
50006 310030 0.004349 -11.042000
190020 460045 0.004349 -10.733513
190020 470046 0.002885 -10.097341
190020 480047 0.002608 -10.402860
190020 490048 0.002324 -9.915303
270028 300029 16.742318 -12.523086
200021 240023 3.791838 -12.710797
250026 300029 1.205724 -10.394308
240025 300029 0.524720 -9.825506
200021 270026 0.264638 -9.909369
200021 280027 0.150674 -8.603426
200021 290028 0.098662 -8.984257
200021 300029 0.066586 -12.648314
200021 310030 0.048628 -11.108148
200021 320031 0.036866 -9.923069
200021 330032 0.024766 -13.071207
200021 340033 0.023760 -11.489764
200021 350034 0.017864 -8.258723
200021 360035 0.013767 -7.462155
200021 370036 0.012269 -9.174149
200021 380037 0.010598 -10.188883
200021 390038 0.008934 -11.000374
100011 300029 0.011294 -13.318608
200021 410040 0.007190 -13.249318
200021 420041 0.006531 -13.505445
70008 300029 0.006857 -13.737137
200021 440043 0.004890 -10.209391
50006 300029 0.005544 -14.653435
200021 460045 0.003611 -13.606063
200021 470046 0.003248 -13.747086
200021 480047 0.002873 -12.929748
200021 490048 0.002555 -13.970837
210022 240023 17.203919 -10.745032
250026 290028 3.381361 -7.735125
240025 290028 1.169264 -6.702937
210022 270026 0.540052 -6.190159
210022 280027 0.271956 -4.630184
210022 290028 0.159436 -7.541480
210022 300029 0.099347 -5.421953
210022 310030 0.068652 -6.875986
210022 320031 0.054214 -7.217984
210022 330032 0.032638 -9.420589
210022 340033 0.031113 -7.405868
210022 360035 0.018718 -12.488005
210022 370036 0.016660 -8.050331
210022 380037 0.012834 -6.008994
210022 390038 0.010822 -8.835991
100011 290028 0.012335 -7.899709
210022 410040 0.008489 -9.178076
210022 420041 0.007658 -9.269182
210022 430042 0.006664 -9.682301
210022 440043 0.005685 -9.138457
50006 290028 0.005981 -10.502868
210022 460045 0.005706 -11.157366
210022 470046 0.003733 -10.025433
210022 480047 0.003323 -9.503754
210022 490048 0.002947 -10.078578
250026 280027 15.045210 -9.898286
240025 280027 3.547382 -7.822391
220023 270026 1.231080 -6.757042
220023 280027 0.523767 -4.814927
220023 290028 0.270947 -8.694183
220023 300029 0.151482 -8.508131
220023 310030 0.098312 -6.696916
220023 320031 0.067980 -10.158689
220023 330032 0.041517 -8.429155
220023 340033 0.039640 -7.208559
220023 360035 0.020933 -2.415710
220023 370036 0.018385 -5.398478
220023 380037 0.014878 -6.297933
220023 390038 0.012339 -7.222958
100011 280027 0.015118 -9.052499
220023 410040 0.009621 -8.998830
220023 420041 0.008515 -9.067422
220023 430042 0.007521 -10.707508
220023 440043 0.006308 -7.978860
50006 280027 0.007124 -10.847570
220023 460045 0.006394 -10.597203
220023 470046 0.004123 -9.855176
220023 480047 0.003608 -9.776462
220023 490048 0.003189 -10.343170
240025 270026 16.087571 -9.586919
230024 270026 3.590125 -7.501600
230024 280027 1.213010 -4.966160
230024 290028 0.531460 -8.667218
230024 300029 0.262578 -6.716114
230024 310030 0.153387 -6.172270
230024 320031 0.100756 -6.461558
230024 330032 0.056163 -6.475172
230024 340033 0.053817 -6.672132
140015 270026 0.028104 -5.255012
230024 370036 0.022605 -7.491128
230024 380037 0.018147 -5.721102
230024 390038 0.014867 -6.913598
100011 270026 0.017381 -8.972389
230024 410040 0.011209 -9.006073
230024 420041 0.010047 -9.219789
230024 430042 0.008649 -8.522268
230024 440043 0.007268 -10.030931
50006 270026 0.007923 -10.391690
230024 460045 0.007209 -10.633244
230024 470046 0.004639 -9.391268
230024 480047 0.004062 -9.243787
230024 490048 0.003577 -9.536741
240025 270026 16.015821 -9.628981
240025 280027 3.596536 -5.999308
240025 290028 1.255871 -9.058695
240025 300029 0.520976 -7.247829
240025 310030 0.266895 -6.186145
240025 320031 0.160834 -6.481978
240025 330032 0.080612 -5.969462
240025 340033 0.076430 -6.482240
240025 350034 0.049759 -6.299068
240025 370036 0.030092 -6.112318
240025 380037 0.022205 -5.588806
240025 390038 0.017869 -6.790902
100011 260025 0.020241 -8.809375
240025 410040 0.013160 -9.019600
240025 420041 0.011636 -9.044907
240025 430042 0.009970 -10.543621
240025 440043 0.008322 -7.584241
50006 260025 0.008891 -10.194992
240025 460045 0.008159 -10.827412
240025 470046 0.005226 -9.785887
240025 480047 0.004563 -9.433417
240025 490048 0.003994 -9.731345
250026 280027 15.619531 -7.662344
250026 290028 3.719914 -10.291334
250026 300029 1.222803 -7.429605
250026 310030 0.530361 -6.283971
250026 320031 0.271511 -9.856311
250026 330032 0.124137 -6.207263
250026 340033 0.116720 -6.161536
250026 350034 0.070157 -13.404478
250026 360035 0.047184 -2.543643
250026 370036 0.038663 -11.930024
250026 380037 0.027661 -5.193314
250026 390038 0.021855 -6.538091
100011 250024 0.024036 -8.166745
250026 410040 0.015643 -8.664251
250026 420041 0.013582 -8.883726
250026 430042 0.011613 -9.251816
250026 440043 0.009607 -8.392939
50006 250024 0.010163 -9.863205
250026 460045 0.009316 -10.538996
250026 470046 0.005957 -9.650973
250026 480047 0.005172 -9.111142
250026 490048 0.004506 -9.661183
260027 290028 17.071889 -12.229435
260027 300029 3.801079 -8.552026
260027 310030 1.301824 -6.929132
260027 320031 0.560756 -8.377057
260027 330032 0.215175 -6.269397
260027 340033 0.203333 -6.250722
260027 350034 0.105571 -8.027642
260027 360035 0.066149 -2.317972
260027 370036 0.052097 -9.397725
260027 380037 0.036148 -5.329450
260027 390038 0.027931 -6.633473
100011 240023 0.029520 -8.956157
260027 410040 0.019158 -8.912873
260027 420041 0.016376 -9.067945
260027 430042 0.013865 -10.210612
260027 440043 0.011374 -8.203222
50006 240023 0.011896 -11.049679
260027 460045 0.010850 -10.883175
260027 470046 0.006928 -10.024211
260027 480047 0.005977 -9.071000
260027 490048 0.005185 -10.084076
270028 300029 15.653168 -11.022191
270028 310030 3.620408 -8.627075
270028 320031 1.269737 -9.651234
270028 330032 0.411087 -7.272002
270028 340033 0.361735 -7.024514
270028 350034 0.172382 -8.475319
270028 360035 0.101089 -6.077236
270028 370036 0.071235 -9.825331
270028 380037 0.047172 -5.607132
270028 390038 0.035139 -6.902777
100011 230022 0.034259 -8.601681
270028 410040 0.022865 -9.141336
270028 420041 0.019543 -9.401565
270028 430042 0.016130 -10.406787
270028 440043 0.013143 -8.388052
50006 230022 0.012918 -10.433229
270028 460045 0.012240 -11.247425
270028 470046 0.007724 -10.419179
270028 480047 0.006671 -9.823847
270028 490048 0.005735 -10.459584
280029 310030 16.040812 -9.095347
280029 320031 3.796944 -9.270753
280029 330032 0.905818 -6.720216
280029 340033 0.847411 -6.232920
140015 220021 0.162634 -5.478763
280029 370036 0.104571 -6.509555
280029 380037 0.067262 -4.417952
280029 390038 0.048067 -5.785417
100011 220021 0.048729 -7.759559
280029 410040 0.029463 -8.146150
280029 420041 0.024682 -8.627250
280029 430042 0.020238 -9.769568
280029 440043 0.016269 -7.315198
50006 220021 0.017094 -10.062696
280029 460045 0.014995 -10.445447
280029 470046 0.009357 -9.577320
280029 480047 0.007908 -8.841227
280029 490048 0.006783 -9.864863
290030 320031 15.353506 -10.452602
290030 330032 2.561355 -7.257166
290030 340033 2.158353 -6.695258
290030 350034 0.585055 -2.927528
290030 360035 0.268166 -2.733884
290030 370036 0.164578 -10.410627
290030 380037 0.095797 -3.961199
290030 390038 0.064820 -5.152561
100011 210020 0.056840 -7.128099
290030 410040 0.036690 -7.529961
290030 420041 0.029523 -7.715664
290030 430042 0.023895 -8.902488
290030 440043 0.018921 -6.963166
50006 210020 0.018159 -9.436995
290030 460045 0.016926 -9.593115
290030 470046 0.010559 -8.939315
290030 480047 0.008951 -8.517207
290030 490048 0.007596 -8.889660
300031 330032 8.957191 -8.910953
300031 340033 9.241091 -8.151822
300031 350034 1.397134 -3.600876
300031 370036 0.288033 -6.969362
300031 380037 0.152339 -3.952909
300031 390038 0.095148 -5.177781
300031 400039 0.074327 -10.498417
300031 410040 0.048248 -7.540870
300031 420041 0.038281 -7.844121
300031 430042 0.030301 -9.297282
300031 440043 0.023554 -6.721350
50006 200019 0.024919 -9.704554
300031 460045 0.020738 -9.861198
300031 470046 0.012644 -9.309673
300031 480047 0.010414 -8.416239
300031 490048 0.008797 -10.108685
310032 340033 16.308068 -8.745845
310032 350034 3.993003 -3.990870
310032 360035 1.292183 -2.331585
310032 370036 1.735731 -5.791090
310032 380037 0.282504 -4.087910
310032 390038 0.167234 -4.667185
310032 400039 0.102890 -6.428746
310032 410040 0.069353 -7.424805
310032 420041 0.052516 -7.372969
310032 430042 0.035768 -8.850914
310032 440043 0.028265 -6.777812
310032 460045 0.019938 -8.684758
310032 470046 0.013651 -8.777261
310032 480047 0.013121 -8.874825
310032 490048 0.010714 -9.292307
320033 350034 14.276412 -5.172109
320033 360035 3.265066 -2.792701
320033 370036 1.273840 -8.308116
320033 380037 0.509308 -3.850894
320033 390038 0.267433 -4.265759
320033 410040 0.091563 -6.790902
320033 420041 0.067983 -6.745174
320033 430042 0.043137 -9.091595
320033 440043 0.033456 -4.937536
320033 460045 0.022200 -7.871260
320033 470046 0.014976 -8.083667
320033 480047 0.014195 -8.350528
320033 490048 0.011499 -8.654739
330034 360035 15.377546 -3.226765
330034 370036 4.181738 -9.316306
330034 380037 1.402723 -4.322919
330034 390038 0.614418 -4.580791
330034 400039 0.362261 -6.789854
330034 410040 0.185597 -6.457456
330034 420041 0.126242 -6.598654
330034 430042 0.092117 -7.767239
330034 440043 0.065595 -5.898515
330034 450044 0.053502 -7.949887
330034 460045 0.052783 -8.874563
330034 470046 0.030391 -8.279057
330034 480047 0.023423 -7.723518
330034 490048 0.019221 -8.450273
340035 380037 3.611437 -11.035891
340035 390038 1.240768 -11.127521
340035 400039 0.583007 -11.964756
340035 410040 0.258479 -12.373686
340035 420041 0.159073 -12.285634
340035 430042 0.103929 -13.603271
340035 440043 0.070321 -11.116962
50006 160015 0.062063 -14.252184
340035 460045 0.038519 -12.969716
340035 470046 0.028475 -13.885752
340035 480047 0.022089 -13.372800
340035 490048 0.017618 -14.027997
350036 380037 13.803346 -12.379969
350036 390038 3.276665 -12.016068
350036 400039 1.220229 -13.643501
350036 410040 0.459937 -13.086741
350036 420041 0.250457 -12.949558
350036 430042 0.149632 -14.293025
350036 440043 0.094436 -11.703567
350036 460045 0.047335 -13.226105
350036 470046 0.029285 -13.641668
350036 480047 0.025919 -13.849362
350036 490048 0.019962 -14.144148
360037 390038 15.776858 -7.214406
360037 400039 3.936687 -7.598378
360037 410040 1.166031 -6.666198
360037 420041 0.545665 -6.170612
360037 430042 0.288651 -7.400545
360037 440043 0.166335 -4.086339
50006 140013 0.129267 -7.368082
360037 460045 0.094068 -7.880947
360037 470046 0.050139 -7.334484
360037 480047 0.036135 -6.901206
360037 490048 0.027405 -7.573507
370038 400039 14.241085 -11.260603
370038 410040 2.856362 -8.976752
370038 420041 1.097580 -8.263610
370038 430042 0.508157 -9.319011
370038 440043 0.262265 -5.812208
370038 450044 0.164839 -11.451192
370038 460045 0.127503 -9.599224
370038 470046 0.064709 -9.071872
370038 480047 0.044134 -8.550106
370038 490048 0.032223 -9.275989
380039 410040 11.005400 -8.654390
380039 420041 2.966153 -7.371224
380039 430042 1.132415 -8.280191
380039 440043 0.507446 -3.998026
380039 450044 0.288512 -6.465310
380039 460045 0.203276 -8.079915
380039 470046 0.096485 -7.458926
380039 480047 0.061909 -6.797098
380039 490048 0.043011 -7.525598
390040 420041 14.815947 -8.286474
390040 430042 3.789446 -8.681791
60007 110010 1.534094 -5.560270
390040 450044 0.684490 -9.011397
390040 460045 0.438045 -7.390771
390040 470046 0.193774 -6.697003
390040 480047 0.112029 -5.879316
390040 490048 0.073572 -6.533727
400041 430042 12.852290 -9.539010
60007 100009 3.085146 -4.925319
400041 450044 1.271344 -7.717759
400041 460045 0.698968 -6.977303
400041 470046 0.283434 -6.196442
400041 480047 0.153109 -5.237471
400041 490048 0.093813 -5.809241
60007 90008 10.180824 -5.437573
410042 450044 3.423498 -8.018741
410042 460045 1.461637 -7.033590
410042 470046 0.517544 -6.244090
410042 480047 0.252292 -4.999408
410042 490048 0.140045 -5.575280
420043 450044 14.215618 -9.197187
420043 460045 3.882365 -7.177928
420043 470046 1.124288 -6.252118
420043 480047 0.465071 -4.928635
420043 490048 0.229489 -5.361477
430044 460045 14.853942 -8.029649
430044 470046 2.967286 -6.494981
430044 480047 0.991321 -4.846605
430044 490048 0.414389 -5.160066
440045 470046 12.562058 -7.929031
440045 480047 2.861304 -5.641340
440045 490048 0.966401 -5.656787
450046 480047 15.603856 -7.756156
450046 490048 3.620088 -7.203061
460047 490048 10.911441 -7.216675
