         316
       10003       90007  0.62828416               1
       10003      100008  0.36549705               1
       10003      110009  0.21762681               1
       10003      120010  0.12411300               1
       10003      130011  5.67525439E-02           1
       10003      140012  1.99456979E-02           1
       10003      150013  2.51732394E-02           1
       10003      160014  4.82339300E-02           1
       10003      170015  6.63646758E-02           1
       10003      180016  7.85692409E-02           1
       10003      190017  8.45842436E-02           1
       10003      200018  8.50527585E-02           1
       10003      210019  8.10924694E-02           1
       10003      220020  7.46870264E-02           1
       10003      230021  3.58341485E-02           1
       10003      290027  2.80779954E-02           1
       10003      300028  4.18332629E-02           1
       10003      310029  5.87837398E-02           1
       10003      320030  7.51438886E-02           1
       10003      330031  8.68423432E-02           1
       10003      340032  9.08327475E-02           1
       20004      100008  0.61324900               1
       20004      110009  0.34357965               1
       20004      120010  0.18869722               1
       20004      130011  8.45120922E-02           1
       20004      140012  2.92588547E-02           1
       20004      150013  3.64256948E-02           1
       20004      160014  6.90863729E-02           1
       20004      170015  9.33224410E-02           1
       20004      180016  0.10792483               1
       20004      190017  0.11317318               1
       20004      200018  0.11069459               1
       20004      210019  0.10262831               1
       20004      220020  9.19362828E-02           1
       20004      230021  4.39962707E-02           1
       20004      270025  2.43846551E-02           1
       20004      280026  3.40516008E-02           1
       20004      290027  4.57353368E-02           1
       20004      300028  6.02959953E-02           1
       20004      310029  7.54733905E-02           1
       20004      320030  8.70509893E-02           1
       20004      330031  9.14517492E-02           1
       20004      340032  8.71149674E-02           1
       30005      110009  0.58394110               1
       30005      120010  0.30366412               1
       30005      130011  0.13207187               1
       30005      140012  4.50634994E-02           1
       30005      150013  5.52898869E-02           1
       30005      160014  0.10295305               1
       30005      170015  0.13548054               1
       30005      180016  0.15180285               1
       30005      190017  0.15381919               1
       30005      200018  0.14528155               1
       30005      210019  0.13016030               1
       30005      220020  0.11281316               1
       30005      230021  5.37637547E-02           1
       30005      260024  2.71092504E-02           1
       30005      270025  4.01037335E-02           1
       30005      280026  5.29923439E-02           1
       30005      290027  6.58107772E-02           1
       30005      300028  7.84264058E-02           1
       30005      310029  8.83112699E-02           1
       30005      320030  9.20474082E-02           1
       30005      330031  8.77872780E-02           1
       30005      340032  7.60013163E-02           1
       40006      120010  0.52556682               1
       40006      130011  0.21884771               1
       40006      140012  7.30511919E-02           1
       40006      150013  8.78105536E-02           1
       40006      160014  0.15959296               1
       40006      170015  0.20281173               1
       40006      180016  0.21798520               1
       40006      190017  0.21137838               1
       40006      200018  0.19117409               1
       40006      210019  0.16441005               1
       40006      220020  0.13717479               1
       40006      230021  6.49648160E-02           1
       40006      250023  2.52629649E-02           1
       40006      260024  4.16646525E-02           1
       40006      270025  5.87120503E-02           1
       40006      280026  7.36276135E-02           1
       40006      290027  8.51566419E-02           1
       40006      300028  9.26023573E-02           1
       40006      310029  9.43047404E-02           1
       40006      320030  8.89066383E-02           1
       40006      330031  7.68669322E-02           1
       40006      340032  6.02535680E-02           1
       50007      130011  0.39251751               1
       50007      140012  0.12671177               1
       50007      150013  0.14787406               1
       50007      160014  0.25967997               1
       50007      170015  0.31436142               1
       50007      180016  0.31936577               1
       50007      190017  0.29240376               1
       50007      200018  0.25050864               1
       50007      210019  0.20519903               1
       50007      220020  0.16396159               1
       50007      230021  7.69614428E-02           1
       50007      250023  3.68124992E-02           1
       50007      260024  5.79490960E-02           1
       50007      270025  7.78361186E-02           1
       50007      280026  9.25005376E-02           1
       50007      290027  9.98677388E-02           1
       50007      300028  9.96602401E-02           1
       50007      310029  9.22199264E-02           1
       50007      320030  7.87867755E-02           1
       50007      330031  6.16740696E-02           1
       50007      340032  4.34577242E-02           1
       60008      130011  0.79124695               1
       60008      140012  0.24247713               1
       60008      150013  0.27117464               1
       60008      160014  0.45128375               1
       60008      170015  0.50877714               1
       60008      180016  0.47753093               1
       60008      190017  0.40487695               1
       60008      200018  0.32384399               1
       60008      210019  0.25024039               1
       60008      220020  0.19037096               1
       60008      230021  8.83031264E-02           1
       60008      240022  2.40903273E-02           1
       60008      250023  4.90591116E-02           1
       60008      260024  7.37593472E-02           1
       60008      270025  9.41841528E-02           1
       60008      280026  0.10579685               1
       60008      290027  0.10675609               1
       60008      300028  9.82481837E-02           1
       60008      310029  8.30453932E-02           1
       60008      320030  6.44689500E-02           1
       60008      330031  4.55644466E-02           1
       60008      340032  2.83885077E-02           1
       70009      140012  0.52840286               1
       70009      150013  0.54985607               1
       70009      160014  0.84600705               1
       70009      170015  0.85918814               1
       70009      180016  0.72152305               1
       70009      190017  0.55263692               1
       70009      200018  0.40591788               1
       70009      210019  0.29302222               1
       70009      220020  0.21116683               1
       70009      230021  9.65139940E-02           1
       70009      240022  3.02173775E-02           1
       70009      250023  5.95735572E-02           1
       70009      260024  8.54840726E-02           1
       70009      270025  0.10355159               1
       70009      280026  0.10984668               1
       70009      290027  0.10390960               1
       70009      300028  8.88068900E-02           1
       70009      310029  6.91211745E-02           1
       70009      320030  4.90162186E-02           1
       70009      330031  3.11760772E-02           1
       80010      190017  0.72196627               1
       80010      200018  0.47964293               1
       80010      210019  0.32128555               1
       80010      220020  0.21891581               1
       80010      230021  9.83869359E-02           1
       80010      240022  3.39714028E-02           1
       80010      250023  6.48965910E-02           1
       80010      260024  8.89507458E-02           1
       80010      270025  0.10227919               1
       80010      280026  0.10269115               1
       80010      290027  9.16241705E-02           1
       80010      300028  7.34809190E-02           1
       80010      310029  5.33381179E-02           1
       80010      320030  3.49582620E-02           1
       80010      330031  2.00970937E-02           1
       90011      190017  0.85996652               1
       90011      200018  0.51237822               1
       90011      210019  0.31823120               1
       90011      220020  0.20555048               1
       90011      230021  9.08121839E-02           1
       90011      240022  3.34951840E-02           1
       90011      250023  6.21634237E-02           1
       90011      260024  8.16863999E-02           1
       90011      270025  8.95373002E-02           1
       90011      280026  8.55941996E-02           1
       90011      290027  7.26980790E-02           1
       90011      300028  5.54359145E-02           1
       90011      310029  3.81573997E-02           1
       90011      320030  2.35577226E-02           1
      100012      190017  0.84666300               1
      100012      200018  0.45563903               1
      100012      210019  0.26472723               1
      100012      220020  0.16344036               1
      100012      230021  7.11361617E-02           1
      100012      240022  2.73973309E-02           1
      100012      250023  4.96578030E-02           1
      100012      260024  6.30367100E-02           1
      100012      270025  6.64480776E-02           1
      100012      280026  6.10866286E-02           1
      100012      290027  4.99762148E-02           1
      100012      300028  3.67569551E-02           1
      100012      310029  2.44027469E-02           1
      110013      190017  0.55014753               1
      110013      200018  0.27501634               1
      110013      210019  0.15246238               1
      110013      220020  9.12482291E-02           1
      110013      230021  3.93049791E-02           1
      110013      250023  2.77377833E-02           1
      110013      260024  3.44060324E-02           1
      110013      270025  3.53333317E-02           1
      110013      280026  3.16559896E-02           1
      110013      290027  2.52826829E-02           1
      120014      200018  0.90020549               1
      120014      210019  0.53293085               1
      120014      220020  0.34136254               1
      120014      230021  0.14702082               1
      120014      240022  3.85030285E-02           1
      120014      250023  7.14865848E-02           1
      120014      260024  9.44104269E-02           1
      120014      270025  0.10421485               1
      120014      280026  0.10109403               1
      120014      290027  8.96764547E-02           1
      120014      300028  7.57473260E-02           1
      120014      310029  6.26371801E-02           1
      120014      320030  5.13144583E-02           1
      120014      330031  4.18104902E-02           1
      120014      340032  3.39028984E-02           1
      130015      220020  0.80997390               1
      130015      230021  0.34220800               1
      130015      240022  8.94918218E-02           1
      130015      250023  0.16430874               1
      130015      260024  0.21369122               1
      130015      270025  0.23209448               1
      130015      280026  0.22174802               1
      130015      290027  0.19407447               1
      130015      300028  0.16210796               1
      130015      310029  0.13290839               1
      130015      320030  0.10821929               1
      130015      330031  8.78119543E-02           1
      130015      340032  7.10190833E-02           1
      140016      230021  0.53435683               1
      140016      240022  0.14957009               1
      140016      250023  0.26509821               1
      140016      260024  0.32806554               1
      140016      270025  0.33808139               1
      140016      280026  0.30742580               1
      140016      290027  0.25683752               1
      140016      300028  0.20503509               1
      140016      310029  0.16095665               1
      140016      320030  0.12598430               1
      140016      330031  9.87718627E-02           1
      140016      340032  7.75356814E-02           1
      150017      230021  0.90354306               1
      150017      240022  0.27066255               1
      150017      250023  0.45549399               1
      150017      260024  0.52427769               1
      150017      270025  0.50098747               1
      150017      280026  0.42559078               1
      150017      290027  0.33508310               1
      150017      300028  0.25364903               1
      150017      310029  0.18978709               1
      150017      320030  0.14243956               1
      150017      330031  0.10776010               1
      150017      340032  8.20605084E-02           1
      160018      240022  0.54672402               1
      160018      250023  0.85001403               1
      160018      260024  0.87727422               1
      160018      270025  0.75078678               1
      160018      280026  0.58084017               1
      160018      290027  0.42445534               1
      160018      300028  0.30233762               1
      160018      310029  0.21492448               1
      160018      320030  0.15453851               1
      160018      330031  0.11285567               1
      160018      340032  8.34411830E-02           1
      170019      280026  0.75762326               1
      170019      290027  0.50594318               1
      170019      300028  0.33731470               1
      170019      310029  0.22775853               1
      170019      320030  0.15720312               1
      170019      330031  0.11113105               1
      170019      340032  8.00154060E-02           1
      180020      280026  0.89432168               1
      180020      290027  0.54026115               1
      180020      300028  0.33724791               1
      180020      310029  0.21721020               1
      180020      320030  0.14469098               1
      180020      330031  9.95620489E-02           1
      180020      340032  7.01648295E-02           1
      190021      280026  0.86015636               1
      190021      290027  0.47276229               1
      190021      300028  0.27956575               1
      190021      310029  0.17381506               1
      190021      320030  0.11294262               1
      190021      330031  7.63688758E-02           1
      190021      340032  5.31068705E-02           1
      200022      280026  0.53396857               1
      200022      290027  0.27558145               1
      200022      300028  0.15973970               1
      200022      310029  9.85405371E-02           1
      200022      320030  6.37840256E-02           1
      200022      330031  4.31149341E-02           1
      200022      340032  2.99668349E-02           1
      210023      280026  0.52347642               1
      210023      290027  0.24683407               1
      210023      300028  0.13399492               1
      210023      310029  7.90933073E-02           1
      210023      320030  4.96970005E-02           1
      210023      330031  3.28737535E-02           1
      210023      340032  2.25135852E-02           1
      220024      290027  0.83284736               1
      220024      300028  0.41431537               1
      220024      310029  0.22985338               1
      220024      320030  0.13817333               1
      220024      330031  8.83079246E-02           1
      220024      340032  5.90248071E-02           1
      230025      310029  0.55061913               1
      230025      320030  0.31675655               1
      230025      330031  0.19643547               1
      230025      340032  0.12845665               1
      240026      320030  0.60524052               1
      240026      330031  0.35523313               1
      240026      340032  0.22354813               1
      250027      330031  0.63409883               1
      250027      340032  0.37619787               1
      260028      340032  0.64658117               1
