930
10003	70005 
10003	80006 
10003	90007 
10003	100008 
10003	110009 
10003	120010 
10003	130011 
10003	140012 
10003	150013 
10003	160014 
10003	170015 
10003	180016 
10003	190017 
10003	200018 
10003	210019 
10003	220020 
10003	230021 
10003	240022 
10003	250023 
10003	260024 
10003	270025 
10003	280026 
10003	290027 
10003	300028 
10003	310029 
10003	320030 
10003	330031 
10003	340032 
10003	350033 
10003	360034 
20004	80006 
20004	90007 
20004	100008 
20004	110009 
20004	120010 
20004	130011 
20004	140012 
20004	150013 
20004	160014 
20004	170015 
20004	180016 
20004	190017 
20004	200018 
20004	210019 
20004	220020 
20004	230021 
20004	240022 
20004	250023 
20004	260024 
20004	270025 
20004	280026 
20004	290027 
20004	300028 
20004	310029 
20004	320030 
20004	330031 
20004	340032 
20004	350033 
20004	360034 
30005	90007 
30005	100008 
30005	110009 
30005	120010 
30005	130011 
30005	140012 
30005	150013 
30005	160014 
30005	170015 
30005	180016 
30005	190017 
30005	200018 
30005	210019 
30005	220020 
30005	230021 
30005	240022 
30005	250023 
30005	260024 
30005	270025 
30005	280026 
30005	290027 
30005	300028 
30005	310029 
30005	320030 
30005	330031 
30005	340032 
30005	350033 
30005	360034 
40006	100008 
40006	110009 
40006	120010 
40006	130011 
40006	140012 
40006	150013 
40006	160014 
40006	170015 
40006	180016 
40006	190017 
40006	200018 
40006	210019 
40006	220020 
40006	230021 
40006	240022 
40006	250023 
40006	260024 
40006	270025 
40006	280026 
40006	290027 
40006	300028 
40006	310029 
40006	320030 
40006	330031 
40006	340032 
40006	350033 
40006	360034 
50007	30001 
50007	110009 
50007	120010 
50007	130011 
50007	140012 
50007	150013 
50007	160014 
50007	170015 
50007	180016 
50007	190017 
50007	200018 
50007	210019 
50007	220020 
50007	230021 
50007	240022 
50007	250023 
50007	260024 
50007	270025 
50007	280026 
50007	290027 
50007	300028 
50007	310029 
50007	320030 
50007	330031 
50007	340032 
50007	350033 
50007	360034 
60008	30001 
60008	40002 
60008	120010 
60008	130011 
60008	140012 
60008	150013 
60008	160014 
60008	170015 
60008	180016 
60008	190017 
60008	200018 
60008	210019 
60008	220020 
60008	230021 
60008	240022 
60008	250023 
60008	260024 
60008	270025 
60008	280026 
60008	290027 
60008	300028 
60008	310029 
60008	320030 
60008	330031 
60008	340032 
60008	350033 
60008	360034 
70009	30001 
70009	40002 
70009	50003 
70009	130011 
70009	140012 
70009	150013 
70009	160014 
70009	170015 
70009	180016 
70009	190017 
70009	200018 
70009	210019 
70009	220020 
70009	230021 
70009	240022 
70009	250023 
70009	260024 
70009	270025 
70009	280026 
70009	290027 
70009	300028 
70009	310029 
70009	320030 
70009	330031 
70009	340032 
70009	350033 
70009	360034 
80010	30001 
80010	40002 
80010	50003 
80010	60004 
80010	140012 
80010	150013 
80010	160014 
80010	170015 
80010	180016 
80010	190017 
80010	200018 
80010	210019 
80010	220020 
80010	230021 
80010	240022 
80010	250023 
80010	260024 
80010	270025 
80010	280026 
80010	290027 
80010	300028 
80010	310029 
80010	320030 
80010	330031 
80010	340032 
80010	350033 
80010	360034 
90011	30001 
90011	40002 
90011	50003 
90011	60004 
90011	70005 
90011	150013 
90011	160014 
90011	170015 
90011	180016 
90011	190017 
90011	200018 
90011	210019 
90011	220020 
90011	230021 
90011	240022 
90011	250023 
90011	260024 
90011	270025 
90011	280026 
90011	290027 
90011	300028 
90011	310029 
90011	320030 
90011	330031 
90011	340032 
90011	350033 
90011	360034 
100012	30001 
100012	40002 
100012	50003 
100012	60004 
100012	70005 
100012	80006 
100012	160014 
100012	170015 
100012	180016 
100012	190017 
100012	200018 
100012	210019 
100012	220020 
100012	230021 
100012	240022 
100012	250023 
100012	260024 
100012	270025 
100012	280026 
100012	290027 
100012	300028 
100012	310029 
100012	320030 
100012	330031 
100012	340032 
100012	350033 
100012	360034 
110013	30001 
110013	40002 
110013	50003 
110013	60004 
110013	70005 
110013	80006 
110013	90007 
110013	170015 
110013	180016 
110013	190017 
110013	200018 
110013	210019 
110013	220020 
110013	230021 
110013	240022 
110013	250023 
110013	260024 
110013	270025 
110013	280026 
110013	290027 
110013	300028 
110013	310029 
110013	320030 
110013	330031 
110013	340032 
110013	350033 
110013	360034 
120014	30001 
120014	40002 
120014	50003 
120014	60004 
120014	70005 
120014	80006 
120014	90007 
120014	100008 
120014	180016 
120014	190017 
120014	200018 
120014	210019 
120014	220020 
120014	230021 
120014	240022 
120014	250023 
120014	260024 
120014	270025 
120014	280026 
120014	290027 
120014	300028 
120014	310029 
120014	320030 
120014	330031 
120014	340032 
120014	350033 
120014	360034 
130015	30001 
130015	40002 
130015	50003 
130015	60004 
130015	70005 
130015	80006 
130015	90007 
130015	100008 
130015	110009 
130015	190017 
130015	200018 
130015	210019 
130015	220020 
130015	230021 
130015	240022 
130015	250023 
130015	260024 
130015	270025 
130015	280026 
130015	290027 
130015	300028 
130015	310029 
130015	320030 
130015	330031 
130015	340032 
130015	350033 
130015	360034 
140016	30001 
140016	40002 
140016	50003 
140016	60004 
140016	70005 
140016	80006 
140016	90007 
140016	100008 
140016	110009 
140016	120010 
140016	200018 
140016	210019 
140016	220020 
140016	230021 
140016	240022 
140016	250023 
140016	260024 
140016	270025 
140016	280026 
140016	290027 
140016	300028 
140016	310029 
140016	320030 
140016	330031 
140016	340032 
140016	350033 
140016	360034 
150017	30001 
150017	40002 
150017	50003 
150017	60004 
150017	70005 
150017	80006 
150017	90007 
150017	100008 
150017	110009 
150017	120010 
150017	130011 
150017	210019 
150017	220020 
150017	230021 
150017	240022 
150017	250023 
150017	260024 
150017	270025 
150017	280026 
150017	290027 
150017	300028 
150017	310029 
150017	320030 
150017	330031 
150017	340032 
150017	350033 
150017	360034 
160018	30001 
160018	40002 
160018	50003 
160018	60004 
160018	70005 
160018	80006 
160018	90007 
160018	100008 
160018	110009 
160018	120010 
160018	130011 
160018	140012 
160018	220020 
160018	230021 
160018	240022 
160018	250023 
160018	260024 
160018	270025 
160018	280026 
160018	290027 
160018	300028 
160018	310029 
160018	320030 
160018	330031 
160018	340032 
160018	350033 
160018	360034 
170019	30001 
170019	40002 
170019	50003 
170019	60004 
170019	70005 
170019	80006 
170019	90007 
170019	100008 
170019	110009 
170019	120010 
170019	130011 
170019	140012 
170019	150013 
170019	230021 
170019	240022 
170019	250023 
170019	260024 
170019	270025 
170019	280026 
170019	290027 
170019	300028 
170019	310029 
170019	320030 
170019	330031 
170019	340032 
170019	350033 
170019	360034 
180020	30001 
180020	40002 
180020	50003 
180020	60004 
180020	70005 
180020	80006 
180020	90007 
180020	100008 
180020	110009 
180020	120010 
180020	130011 
180020	140012 
180020	150013 
180020	160014 
180020	240022 
180020	250023 
180020	260024 
180020	270025 
180020	280026 
180020	290027 
180020	300028 
180020	310029 
180020	320030 
180020	330031 
180020	340032 
180020	350033 
180020	360034 
190021	30001 
190021	40002 
190021	50003 
190021	60004 
190021	70005 
190021	80006 
190021	90007 
190021	100008 
190021	110009 
190021	120010 
190021	130011 
190021	140012 
190021	150013 
190021	160014 
190021	170015 
190021	250023 
190021	260024 
190021	270025 
190021	280026 
190021	290027 
190021	300028 
190021	310029 
190021	320030 
190021	330031 
190021	340032 
190021	350033 
190021	360034 
200022	30001 
200022	40002 
200022	50003 
200022	60004 
200022	70005 
200022	80006 
200022	90007 
200022	100008 
200022	110009 
200022	120010 
200022	130011 
200022	140012 
200022	150013 
200022	160014 
200022	170015 
200022	180016 
200022	260024 
200022	270025 
200022	280026 
200022	290027 
200022	300028 
200022	310029 
200022	320030 
200022	330031 
200022	340032 
200022	350033 
200022	360034 
210023	30001 
210023	40002 
210023	50003 
210023	60004 
210023	70005 
210023	80006 
210023	90007 
210023	100008 
210023	110009 
210023	120010 
210023	130011 
210023	140012 
210023	150013 
210023	160014 
210023	170015 
210023	180016 
210023	190017 
210023	270025 
210023	280026 
210023	290027 
210023	300028 
210023	310029 
210023	320030 
210023	330031 
210023	340032 
210023	350033 
210023	360034 
220024	30001 
220024	40002 
220024	50003 
220024	60004 
220024	70005 
220024	80006 
220024	90007 
220024	100008 
220024	110009 
220024	120010 
220024	130011 
220024	140012 
220024	150013 
220024	160014 
220024	170015 
220024	180016 
220024	190017 
220024	200018 
220024	280026 
220024	290027 
220024	300028 
220024	310029 
220024	320030 
220024	330031 
220024	340032 
220024	350033 
220024	360034 
230025	30001 
230025	40002 
230025	50003 
230025	60004 
230025	70005 
230025	80006 
230025	90007 
230025	100008 
230025	110009 
230025	120010 
230025	130011 
230025	140012 
230025	150013 
230025	160014 
230025	170015 
230025	180016 
230025	190017 
230025	200018 
230025	210019 
230025	290027 
230025	300028 
230025	310029 
230025	320030 
230025	330031 
230025	340032 
230025	350033 
230025	360034 
240026	30001 
240026	40002 
240026	50003 
240026	60004 
240026	70005 
240026	80006 
240026	90007 
240026	100008 
240026	110009 
240026	120010 
240026	130011 
240026	140012 
240026	150013 
240026	160014 
240026	170015 
240026	180016 
240026	190017 
240026	200018 
240026	210019 
240026	220020 
240026	300028 
240026	310029 
240026	320030 
240026	330031 
240026	340032 
240026	350033 
240026	360034 
250027	30001 
250027	40002 
250027	50003 
250027	60004 
250027	70005 
250027	80006 
250027	90007 
250027	100008 
250027	110009 
250027	120010 
250027	130011 
250027	140012 
250027	150013 
250027	160014 
250027	170015 
250027	180016 
250027	190017 
250027	200018 
250027	210019 
250027	220020 
250027	230021 
250027	310029 
250027	320030 
250027	330031 
250027	340032 
250027	350033 
250027	360034 
260028	30001 
260028	40002 
260028	50003 
260028	60004 
260028	70005 
260028	80006 
260028	90007 
260028	100008 
260028	110009 
260028	120010 
260028	130011 
260028	140012 
260028	150013 
260028	160014 
260028	170015 
260028	180016 
260028	190017 
260028	200018 
260028	210019 
260028	220020 
260028	230021 
260028	240022 
260028	320030 
260028	330031 
260028	340032 
260028	350033 
260028	360034 
270029	30001 
270029	40002 
270029	50003 
270029	60004 
270029	70005 
270029	80006 
270029	90007 
270029	100008 
270029	110009 
270029	120010 
270029	130011 
270029	140012 
270029	150013 
270029	160014 
270029	170015 
270029	180016 
270029	190017 
270029	200018 
270029	210019 
270029	220020 
270029	230021 
270029	240022 
270029	250023 
270029	330031 
270029	340032 
270029	350033 
270029	360034 
280030	30001 
280030	40002 
280030	50003 
280030	60004 
280030	70005 
280030	80006 
280030	90007 
280030	100008 
280030	110009 
280030	120010 
280030	130011 
280030	140012 
280030	150013 
280030	160014 
280030	170015 
280030	180016 
280030	190017 
280030	200018 
280030	210019 
280030	220020 
280030	230021 
280030	240022 
280030	250023 
280030	260024 
280030	340032 
280030	350033 
280030	360034 
290031	30001 
290031	40002 
290031	50003 
290031	60004 
290031	70005 
290031	80006 
290031	90007 
290031	100008 
290031	110009 
290031	120010 
290031	130011 
290031	140012 
290031	150013 
290031	160014 
290031	170015 
290031	180016 
290031	190017 
290031	200018 
290031	210019 
290031	220020 
290031	230021 
290031	240022 
290031	250023 
290031	260024 
290031	270025 
290031	350033 
290031	360034 
300032	30001 
300032	40002 
300032	50003 
300032	60004 
300032	70005 
300032	80006 
300032	90007 
300032	100008 
300032	110009 
300032	120010 
300032	130011 
300032	140012 
300032	150013 
300032	160014 
300032	170015 
300032	180016 
300032	190017 
300032	200018 
300032	210019 
300032	220020 
300032	230021 
300032	240022 
300032	250023 
300032	260024 
300032	270025 
300032	280026 
300032	360034 
310033	30001 
310033	40002 
310033	50003 
310033	60004 
310033	70005 
310033	80006 
310033	90007 
310033	100008 
310033	110009 
310033	120010 
310033	130011 
310033	140012 
310033	150013 
310033	160014 
310033	170015 
310033	180016 
310033	190017 
310033	200018 
310033	210019 
310033	220020 
310033	230021 
310033	240022 
310033	250023 
310033	260024 
310033	270025 
310033	280026 
310033	290027 
320034	30001 
320034	40002 
320034	50003 
320034	60004 
320034	70005 
320034	80006 
320034	90007 
320034	100008 
320034	110009 
320034	120010 
320034	130011 
320034	140012 
320034	150013 
320034	160014 
320034	170015 
320034	180016 
320034	190017 
320034	200018 
320034	210019 
320034	220020 
320034	230021 
320034	240022 
320034	250023 
320034	260024 
320034	270025 
320034	280026 
320034	290027 
320034	300028 
330035	30001 
330035	40002 
330035	50003 
330035	60004 
330035	70005 
330035	80006 
330035	90007 
330035	100008 
330035	110009 
330035	120010 
330035	130011 
330035	140012 
330035	150013 
330035	160014 
330035	170015 
330035	180016 
330035	190017 
330035	200018 
330035	210019 
330035	220020 
330035	230021 
330035	240022 
330035	250023 
330035	260024 
330035	270025 
330035	280026 
330035	290027 
330035	300028 
330035	310029 
340036	30001 
340036	40002 
340036	50003 
340036	60004 
340036	70005 
340036	80006 
340036	90007 
340036	100008 
340036	110009 
340036	120010 
340036	130011 
340036	140012 
340036	150013 
340036	160014 
340036	170015 
340036	180016 
340036	190017 
340036	200018 
340036	210019 
340036	220020 
340036	230021 
340036	240022 
340036	250023 
340036	260024 
340036	270025 
340036	280026 
340036	290027 
340036	300028 
340036	310029 
340036	320030 

