         930
       10002       40003   2.59852767      -4.99935770               1
       10002       50004  0.658760011      -4.98103714               1
       10002       60005  0.263808340      -4.93712187               1
       10002       70006  0.132706672      -4.90191698               1
       10002       80007   7.70031810E-02  -4.80193615               1
       10002       90008   4.87690493E-02  -4.69965410               1
       10002      100009   3.29264402E-02  -4.63755655               1
       10002      110010   2.24341080E-02  -4.67802191               1
       10002      120011   1.50936395E-02  -4.96353102               1
       10002      130012   9.87322628E-03  -5.48675060               1
       10002      140013   6.51976373E-03  -6.18885565               1
       10002      150014   4.47246945E-03  -6.79712915               1
       10002      160015   3.19312559E-03  -7.43641996               1
       10002      170016   2.38839351E-03  -7.77858067               1
       10002      180017   1.85694126E-03  -8.13047314               1
       10002      190018   1.50565465E-03  -8.23685074               1
       10002      200019   1.27559807E-03  -8.46257496               1
       10002      210020   1.12196570E-03  -8.48739338               1
       10002      220021   1.00708962E-03  -8.75815105               1
       10002      230022   8.95462115E-04  -8.94149208               1
       10002      240023   7.93169253E-04  -9.28794098               1
       10002      250024   7.08768726E-04  -9.47927952               1
       10002      260025   6.33114891E-04  -9.67573261               1
       10002      270026   5.76355029E-04  -9.70760727               1
       10002      280027   5.25480486E-04  -9.74353409               1
       10002      290028   4.79230715E-04  -9.68532467               1
       10002      300029   4.37842536E-04  -9.61343098               1
       10002      310030   3.99322278E-04  -9.56953239               1
       10002      320031   3.64983571E-04  -9.52764511               1
       10002      330032   3.28206341E-04  -9.51574612               1
       20003       50004   2.59145331      -4.99460506               1
       20003       60005  0.657696784      -5.02369308               1
       20003       70006  0.265522063      -4.99672985               1
       20003       80007  0.134996414      -4.90328693               1
       20003       90008   7.83018097E-02  -4.81431818               1
       20003      100009   4.96658757E-02  -4.76638269               1
       20003      110010   3.22920270E-02  -4.82096481               1
       20003      120011   2.09264550E-02  -5.11368656               1
       20003      130012   1.32611142E-02  -5.64742994               1
       20003      140013   8.51610117E-03  -6.36236048               1
       20003      150014   5.70110045E-03  -6.98498583               1
       20003      160015   3.98370763E-03  -7.64152431               1
       20003      170016   2.92355125E-03  -8.00099754               1
       20003      180017   2.23383401E-03  -8.37341785               1
       20003      190018   1.78185140E-03  -8.50441456               1
       20003      200019   1.48623076E-03  -8.76140213               1
       20003      210020   1.28826639E-03  -8.82115936               1
       20003      220021   1.14140112E-03  -9.12816334               1
       20003      230022   1.00356143E-03  -9.34768200               1
       20003      240023   8.80277075E-04  -9.72881699               1
       20003      250024   7.79780908E-04  -9.95607948               1
       20003      260025   6.90970570E-04  -10.1896687               1
       20003      270026   6.24293752E-04  -10.2611628               1
       20003      280027   5.65143244E-04  -10.3393917               1
       20003      290028   5.11910766E-04  -10.3269205               1
       20003      300029   4.64628130E-04  -10.3039198               1
       20003      310030   4.21076489E-04  -10.3103590               1
       20003      320031   3.82469676E-04  -10.3215017               1
       20003      330032   3.41907202E-04  -10.3618050               1
       30004       20001   2.59836555      -4.99994469               1
       30004       60005   2.59424138      -5.00784540               1
       30004       70006  0.660078883      -5.02318764               1
       30004       80007  0.267968059      -4.93689632               1
       30004       90008  0.135819063      -4.86050272               1
       30004      100009   7.88652375E-02  -4.82592821               1
       30004      110010   4.81895469E-02  -4.89392090               1
       30004      120011   2.97732204E-02  -5.19201660               1
       30004      130012   1.81372184E-02  -5.73611975               1
       30004      140013   1.12546850E-02  -6.46497774               1
       30004      150014   7.31291063E-03  -7.10390329               1
       30004      160015   4.97803185E-03  -7.78033209               1
       30004      170016   3.57018830E-03  -8.15936852               1
       30004      180017   2.67164689E-03  -8.55425644               1
       30004      190018   2.09000683E-03  -8.71124649               1
       30004      200019   1.71140383E-03  -9.00060463               1
       30004      210020   1.45809609E-03  -9.09596920               1
       30004      220021   1.27218105E-03  -9.43967056               1
       30004      230022   1.10384077E-03  -9.69587708               1
       30004      240023   9.57134995E-04  -10.1122141               1
       30004      250024   8.39166460E-04  -10.3765841               1
       30004      260025   7.36529357E-04  -10.6491814               1
       30004      270026   6.59489771E-04  -10.7631731               1
       30004      280027   5.91918826E-04  -10.8877106               1
       30004      290028   5.31782513E-04  -10.9263601               1
       30004      300029   4.78812581E-04  -10.9590340               1
       30004      310030   4.30578832E-04  -11.0237246               1
       30004      320031   3.88095417E-04  -11.0972595               1
       30004      330032   3.44396336E-04  -11.1998997               1
       40005       20001  0.658596516      -4.98421717               1
       40005       30002   2.59144974      -4.99504662               1
       40005       70006   2.58999062      -5.03085184               1
       40005       80007  0.664094806      -4.96605539               1
       40005       90008  0.269580632      -4.89299679               1
       40005      100009  0.137409732      -4.86060858               1
       40005      110010   7.72108063E-02  -4.93132019               1
       40005      120011   4.49221842E-02  -5.22312546               1
       40005      130012   2.60958802E-02  -5.76812410               1
       40005      140013   1.55528644E-02  -6.50331736               1
       40005      150014   9.76144150E-03  -7.15270042               1
       40005      160015   6.44813990E-03  -7.84466267               1
       40005      170016   4.50564688E-03  -8.23916435               1
       40005      180017   3.29452078E-03  -8.65184116               1
       40005      190018   2.52342038E-03  -8.82839012               1
       40005      200019   2.02634488E-03  -9.14102554               1
       40005      210020   1.69592071E-03  -9.25992584               1
       40005      220021   1.45684648E-03  -9.62616348               1
       40005      230022   1.24756456E-03  -9.90395355               1
       40005      240023   1.06965809E-03  -10.3399487               1
       40005      250024   9.28584428E-04  -10.6255302               1
       40005      260025   8.07681645E-04  -10.9207487               1
       40005      270026   7.17135379E-04  -11.0602608               1
       40005      280027   6.38587400E-04  -11.2135620               1
       40005      290028   5.69419935E-04  -11.2851038               1
       40005      300029   5.08995901E-04  -11.3544044               1
       40005      310030   4.54549852E-04  -11.4578896               1
       40005      320031   4.06903593E-04  -11.5734978               1
       40005      330032   3.58757447E-04  -11.7184553               1
       50006       20001  0.263655573      -4.94497538               1
       50006       30002  0.657680154      -5.02559185               1
       50006       40003   2.59423327      -5.00808191               1
       50006       80007   2.60647917      -4.97439957               1
       50006       90008  0.665789783      -4.92777729               1
       50006      100009  0.272518396      -4.89445066               1
       50006      110010  0.135027349      -4.95914888               1
       50006      120011   7.23543540E-02  -5.23256922               1
       50006      130012   3.95526253E-02  -5.76932192               1
       50006      140013   2.24294830E-02  -6.50440645               1
       50006      150014   1.34981526E-02  -7.16053677               1
       50006      160015   8.60019494E-03  -7.86711645               1
       50006      170016   5.82550606E-03  -8.27746487               1
       50006      180017   4.14481480E-03  -8.70899677               1
       50006      190018   3.09766294E-03  -8.90570641               1
       50006      200019   2.43248139E-03  -9.24100304               1
       50006      210020   1.99534395E-03  -9.38071442               1
       50006      220021   1.68469257E-03  -9.76478386               1
       50006      230022   1.42203912E-03  -10.0581703               1
       50006      240023   1.20448903E-03  -10.5069332               1
       50006      250024   1.03459356E-03  -10.8065386               1
       50006      260025   8.91281234E-04  -11.1169167               1
       50006      270026   7.84346368E-04  -11.2743731               1
       50006      280027   6.92646485E-04  -11.4488354               1
       50006      290028   6.12783537E-04  -11.5457115               1
       50006      300029   5.43622824E-04  -11.6440506               1
       50006      310030   4.81968367E-04  -11.7787962               1
       50006      320031   4.28386003E-04  -11.9288683               1
       50006      330032   3.75169620E-04  -12.1088104               1
       60007       20001  0.132558286      -4.91729784               1
       60007       30002  0.265491098      -5.00176620               1
       60007       40003  0.660063326      -5.02433443               1
       60007       50004   2.58998227      -5.03099680               1
       60007       90008   2.59800100      -4.98640156               1
       60007      100009  0.670553565      -4.94948816               1
       60007      110010  0.269169897      -4.97891474               1
       60007      120011  0.127702981      -5.20153856               1
       60007      130012   6.43170998E-02  -5.70627832               1
       60007      140013   3.42455730E-02  -6.42387390               1
       60007      150014   1.95721556E-02  -7.07473135               1
       60007      160015   1.19359996E-02  -7.78895712               1
       60007      170016   7.78835034E-03  -8.21127605               1
       60007      180017   5.36386902E-03  -8.65975475               1
       60007      190018   3.89458798E-03  -8.87484169               1
       60007      200019   2.98023946E-03  -9.22964287               1
       60007      210020   2.38957140E-03  -9.38403988               1
       60007      220021   1.97909283E-03  -9.77680588               1
       60007      230022   1.64446072E-03  -10.0746050               1
       60007      240023   1.37481862E-03  -10.5234880               1
       60007      250024   1.16775872E-03  -10.8236799               1
       60007      260025   9.95999086E-04  -11.1349449               1
       60007      270026   8.68514762E-04  -11.2953053               1
       60007      280027   7.60507362E-04  -11.4751816               1
       60007      290028   6.67507004E-04  -11.5809069               1
       60007      300029   5.87705057E-04  -11.6908226               1
       60007      310030   5.17324777E-04  -11.8386021               1
       60007      320031   4.56604408E-04  -12.0036812               1
       60007      330032   3.97270691E-04  -12.1988401               1
       70008       20001   7.68488124E-02  -4.83004713               1
       70008       30002  0.134941116      -4.91481590               1
       70008       40003  0.267928869      -4.94073582               1
       70008       50004  0.664060056      -4.96709251               1
       70008       60005   2.60644364      -4.97459555               1
       70008      100009   2.58038187      -5.06633997               1
       70008      110010  0.667124152      -5.03027487               1
       70008      120011  0.259230316      -5.14223719               1
       70008      130012  0.115990601      -5.57053757               1
       70008      140013   5.68029061E-02  -6.23964167               1
       70008      150014   3.04168537E-02  -6.86447096               1
       70008      160015   1.75763164E-02  -7.57426596               1
       70008      170016   1.09578809E-02  -8.00234318               1
       70008      180017   7.25545082E-03  -8.46584320               1
       70008      190018   5.08912420E-03  -8.69913006               1
       70008      200019   3.77765577E-03  -9.07258701               1
       70008      210020   2.95046298E-03  -9.23726654               1
       70008      220021   2.39139749E-03  -9.62990093               1
       70008      230022   1.95322977E-03  -9.91976547               1
       70008      240023   1.61054404E-03  -10.3537931               1
       70008      250024   1.35232124E-03  -10.6378593               1
       70008      260025   1.14192173E-03  -10.9315882               1
       70008      270026   9.86881088E-04  -11.0747147               1
       70008      280027   8.57183011E-04  -11.2381668               1
       70008      290028   7.46803707E-04  -11.3290052               1
       70008      300029   6.52988791E-04  -11.4244804               1
       70008      310030   5.71117271E-04  -11.5573254               1
       70008      320031   5.01014758E-04  -11.7066450               1
       70008      330032   4.33484529E-04  -11.8849535               1
       80009       20001   4.86215018E-02  -4.74558210               1
       80009       30002   7.82329887E-02  -4.83649921               1
       80009       40003  0.135761276      -4.86998177               1
       80009       50004  0.269520551      -4.89674520               1
       80009       60005  0.665723503      -4.92907715               1
       80009       70006   2.59793568      -4.98667192               1
       80009      110010   2.59031725      -5.10772514               1
       80009      120011  0.660014808      -5.05048370               1
       80009      130012  0.243476301      -5.33905792               1
       80009      140013  0.105676152      -5.91596413               1
       80009      150014   5.18531017E-02  -6.48781300               1
       80009      160015   2.79572811E-02  -7.18051529               1
       80009      170016   1.64553411E-02  -7.61173487               1
       80009      180017   1.03706103E-02  -8.09579182               1
       80009      190018   6.96689822E-03  -8.35811043               1
       80009      200019   4.98004630E-03  -8.76328945               1
       80009      210020   3.76654626E-03  -8.94868565               1
       80009      220021   2.97464803E-03  -9.34598351               1
       80009      230022   2.38130707E-03  -9.62708759               1
       80009      240023   1.93294929E-03  -10.0409040               1
       80009      250024   1.60257402E-03  -10.3008194               1
       80009      260025   1.33880076E-03  -10.5668421               1
       80009      270026   1.14626554E-03  -10.6808090               1
       80009      280027   9.87447449E-04  -10.8143215               1
       80009      290028   8.53986130E-04  -10.8751574               1
       80009      300029   7.41724041E-04  -10.9392214               1
       80009      310030   6.44816842E-04  -11.0385218               1
       80009      320031   5.62509347E-04  -11.1512899               1
       80009      330032   4.84277174E-04  -11.2907782               1
       90010       20001   3.27951163E-02  -4.70426798               1
       90010       30002   4.95935380E-02  -4.80244637               1
       90010       40003   7.87960663E-02  -4.84401798               1
       90010       50004  0.137329504      -4.86949635               1
       90010       60005  0.272423893      -4.89857912               1
       90010       70006  0.670451701      -4.95099974               1
       90010       80007   2.58029675      -5.06664562               1
       90010      120011   2.60676742      -5.02043152               1
       90010      130012  0.645576656      -5.09259367               1
       90010      140013  0.231439725      -5.50637388               1
       90010      150014  0.100363150      -5.97629929               1
       90010      160015   4.93571348E-02  -6.62424088               1
       90010      170016   2.69816350E-02  -7.04755545               1
       90010      180017   1.59723721E-02  -7.55547237               1
       90010      190018   1.01588722E-02  -7.86184120               1
       90010      200019   6.92202942E-03  -8.32219791               1
       90010      210020   5.02656167E-03  -8.55299377               1
       90010      220021   3.84285534E-03  -8.97433090               1
       90010      230022   3.00160889E-03  -9.25849724               1
       90010      240023   2.39146012E-03  -9.65711880               1
       90010      250024   1.95400673E-03  -9.89393425               1
       90010      260025   1.61302614E-03  -10.1304817               1
       90010      270026   1.36721355E-03  -10.2115412               1
       90010      280027   1.16768852E-03  -10.3097315               1
       90010      290028   1.00237993E-03  -10.3337154               1
       90010      300029   8.64931673E-04  -10.3579988               1
       90010      310030   7.47652550E-04  -10.4140491               1
       90010      320031   6.48916990E-04  -10.4790010               1
       90010      330032   5.56263025E-04  -10.5675249               1
      100011       20001   2.23567560E-02  -4.76301622               1
      100011       30002   3.22582535E-02  -4.87053442               1
      100011       40003   4.81547154E-02  -4.92165470               1
      100011       50004   7.71611333E-02  -4.94708872               1
      100011       60005  0.134959370      -4.96798420               1
      100011       70006  0.269088596      -4.98321295               1
      100011       80007  0.667050064      -5.03180504               1
      100011       90008   2.59026837      -5.10801125               1
      100011      130012   2.60826707      -4.91717577               1
      100011      140013  0.633850574      -5.07368231               1
      100011      150014  0.226728678      -5.35991144               1
      100011      160015   9.80407819E-02  -5.90757227               1
      100011      170016   4.85941023E-02  -6.29068756               1
      100011      180017   2.65315436E-02  -6.81160975               1
      100011      190018   1.57266259E-02  -7.17145681               1
      100011      200019   1.00672645E-02  -7.71536493               1
      100011      210020   6.92743249E-03  -8.03053379               1
      100011      220021   5.07109519E-03  -8.51395416               1
      100011      230022   3.83304781E-03  -8.83107758               1
      100011      240023   2.97955563E-03  -9.23480320               1
      100011      250024   2.38861772E-03  -9.46336651               1
      100011      260025   1.94167648E-03  -9.68173695               1
      100011      270026   1.62471528E-03  -9.73944759               1
      100011      280027   1.37250288E-03  -9.81092930               1
      100011      290028   1.16712123E-03  -9.80649376               1
      100011      300029   9.98731120E-04  -9.79949665               1
      100011      310030   8.57030158E-04  -9.82072639               1
      100011      320031   7.38980016E-04  -9.84671211               1
      100011      330032   6.29881339E-04  -9.89302731               1
      110012       20001   1.50832301E-02  -5.05482292               1
      110012       30002   2.09506899E-02  -5.16815901               1
      110012       40003   2.97982227E-02  -5.22389793               1
      110012       50004   4.49357927E-02  -5.24285793               1
      110012       60005   7.23525956E-02  -5.24513912               1
      110012       70006  0.127687931      -5.20883942               1
      110012       80007  0.259217083      -5.14560938               1
      110012       90008  0.660017967      -5.05152369               1
      110012      100009   2.60680366      -5.02059412               1
      110012      140013   2.61418653      -5.05313587               1
      110012      150014  0.641052783      -5.04886389               1
      110012      160015  0.228869736      -5.39811945               1
      110012      170016   9.94793251E-02  -5.66354895               1
      110012      180017   4.89990339E-02  -6.14162922               1
      110012      190018   2.65960246E-02  -6.52323914               1
      110012      200019   1.57377776E-02  -7.14720821               1
      110012      210020   1.01045640E-02  -7.56898308               1
      110012      220021   6.98652444E-03  -8.14990711               1
      110012      230022   5.05598914E-03  -8.53470039               1
      110012      240023   3.80465714E-03  -8.97012234               1
      110012      250024   2.97559891E-03  -9.21156406               1
      110012      260025   2.37178802E-03  -9.42895031               1
      110012      270026   1.95282535E-03  -9.47855282               1
      110012      280027   1.62757083E-03  -9.53740501               1
      110012      290028   1.36825128E-03  -9.51828098               1
      110012      300029   1.15923735E-03  -9.49370384               1
      110012      310030   9.86221479E-04  -9.49360275               1
      110012      320031   8.43873655E-04  -9.49449730               1
      110012      330032   7.14572903E-04  -9.51224232               1
      120013       20001   9.91774071E-03  -5.56499910               1
      120013       30002   1.33374510E-02  -5.69090319               1
      120013       40003   1.82218589E-02  -5.75991821               1
      120013       50004   2.61793789E-02  -5.78331852               1
      120013       60005   3.96311358E-02  -5.78051758               1
      120013       70006   6.43902645E-02  -5.71417809               1
      120013       80007  0.116067879      -5.57503986               1
      120013       90008  0.243567392      -5.34085608               1
      120013      100009  0.645694017      -5.09303856               1
      120013      110010   2.60838270      -4.91719198               1
      120013      150014   2.60956192      -4.94148064               1
      120013      160015  0.646453619      -5.01635790               1
      120013      170016  0.233012140      -5.08824873               1
      120013      180017  0.100752205      -5.45438147               1
      120013      190018   4.92227525E-02  -5.80172491               1
      120013      200019   2.65514441E-02  -6.47052193               1
      120013      210020   1.56919360E-02  -6.99317074               1
      120013      220021   1.01129636E-02  -7.69148588               1
      120013      230022   6.92807976E-03  -8.17413044               1
      120013      240023   5.00304066E-03  -8.66743660               1
      120013      250024   3.79255251E-03  -8.94277668               1
      120013      260025   2.94971582E-03  -9.17516804               1
      120013      270026   2.38082604E-03  -9.22940063               1
      120013      280027   1.95206061E-03  -9.28596401               1
      120013      290028   1.61872292E-03  -9.26101971               1
      120013      300029   1.35545991E-03  -9.22658730               1
      120013      310030   1.14167505E-03  -9.21172523               1
      120013      320031   9.68343928E-04  -9.19346619               1
      120013      330032   8.13890249E-04  -9.18775082               1
      130014       20001   6.58141123E-03  -6.23550701               1
      130014       30002   8.60824715E-03  -6.37621927               1
      130014       40003   1.13622583E-02  -6.46315384               1
      130014       50004   1.56688336E-02  -6.49895287               1
      130014       60005   2.25508306E-02  -6.50260782               1
      130014       70006   3.43708172E-02  -6.42453671               1
      130014       80007   5.69374338E-02  -6.24078751               1
      130014       90008  0.105825849      -5.91639757               1
      130014      100009  0.231613427      -5.50629663               1
      130014      110010  0.634024143      -5.07344055               1
      130014      120011   2.61432815      -5.05306387               1
      130014      160015   2.62851548      -5.06905508               1
      130014      170016  0.660091996      -4.87425470               1
      130014      180017  0.237637311      -5.04351521               1
      130014      190018  0.102051504      -5.27259541               1
      130014      200019   4.95007560E-02  -5.90698338               1
      130014      210020   2.66463719E-02  -6.47048283               1
      130014      220021   1.58426985E-02  -7.25633192               1
      130014      230022   1.01774363E-02  -7.83303833               1
      130014      240023   6.99901907E-03  -8.39025307               1
      130014      250024   5.11299539E-03  -8.70809937               1
      130014      260025   3.86425573E-03  -8.96308041               1
      130014      270026   3.04862228E-03  -9.02823353               1
      130014      280027   2.45424313E-03  -9.08735466               1
      130014      290028   2.00515566E-03  -9.06022072               1
      130014      300029   1.65857119E-03  -9.01837444               1
      130014      310030   1.38299994E-03  -8.99011040               1
      130014      320031   1.16318406E-03  -8.95324707               1
      130014      330032   9.71041678E-04  -8.92417049               1
      140015       20001   4.51926421E-03  -6.81273603               1
      140015       30002   5.77630335E-03  -6.96532726               1
      140015       40003   7.40777794E-03  -7.06913042               1
      140015       50004   9.87050403E-03  -7.11991787               1
      140015       60005   1.36194760E-02  -7.13685369               1
      140015       70006   1.97040923E-02  -7.06072474               1
      140015       80007   3.05622537E-02  -6.85705376               1
      140015       90008   5.20155169E-02  -6.48376751               1
      140015      100009  0.100549020      -5.97411013               1
      140015      110010  0.226918563      -5.35870743               1
      140015      120011  0.641220093      -5.04848003               1
      140015      130012   2.60966945      -4.94139528               1
      140015      170016   2.62108803      -4.94510126               1
      140015      180017  0.662440598      -4.85554790               1
      140015      190018  0.237803757      -4.89241266               1
      140015      200019  0.101518221      -5.41153383               1
      140015      210020   4.92018797E-02  -5.93938494               1
      140015      220021   2.67526954E-02  -6.75491047               1
      140015      230022   1.59901995E-02  -7.39539194               1
      140015      240023   1.04021886E-02  -8.00386143               1
      140015      250024   7.28432508E-03  -8.36041832               1
      140015      260025   5.32789296E-03  -8.63701248               1
      140015      270026   4.09612153E-03  -8.71292782               1
      140015      280027   3.23080388E-03  -8.77428055               1
      140015      290028   2.59706890E-03  -8.74423504               1
      140015      300029   2.12022453E-03  -8.69356918               1
      140015      310030   1.74961903E-03  -8.64984989               1
      140015      320031   1.45918189E-03  -8.59185600               1
      140015      330032   1.21024053E-03  -8.53682137               1
      150016       20001   3.20754084E-03  -7.43544674               1
      150016       30002   4.02371632E-03  -7.59448862               1
      150016       40003   5.03965747E-03  -7.71140289               1
      150016       50004   6.52675936E-03  -7.77727938               1
      150016       60005   8.69489741E-03  -7.81237936               1
      150016       70006   1.20453779E-02  -7.75051594               1
      150016       80007   1.77015644E-02  -7.54983902               1
      150016       90008   2.81005017E-02  -7.16567850               1
      150016      100009   4.95230891E-02  -6.61579180               1
      150016      110010   9.82150882E-02  -5.90307331               1
      150016      120011  0.229031444      -5.39643860               1
      150016      130012  0.646570086      -5.01584244               1
      150016      140013   2.62858105      -5.06897116               1
      150016      180017   2.61819601      -5.01821899               1
      150016      190018  0.659613371      -4.80711937               1
      150016      200019  0.234795719      -5.13638735               1
      150016      210020   9.99568924E-02  -5.55430269               1
      150016      220021   4.89658676E-02  -6.33519173               1
      150016      230022   2.69338712E-02  -6.99950027               1
      150016      240023   1.64314210E-02  -7.63933754               1
      150016      250024   1.09531451E-02  -8.02795124               1
      150016      260025   7.70980399E-03  -8.32583523               1
      150016      270026   5.75010153E-03  -8.41568375               1
      150016      280027   4.42774966E-03  -8.48425770               1
      150016      290028   3.49211087E-03  -8.45759678               1
      150016      300029   2.80774105E-03  -8.40514851               1
      150016      310030   2.28913664E-03  -8.35328960               1
      150016      320031   1.89067423E-03  -8.28207970               1
      150016      330032   1.55642349E-03  -8.20921230               1
      160017       20001   2.36322638E-03  -7.79467487               1
      160017       30002   2.92075030E-03  -7.95314360               1
      160017       40003   3.58933327E-03  -8.07587337               1
      160017       50004   4.54233726E-03  -8.15100765               1
      160017       60005   5.87960100E-03  -8.20044994               1
      160017       70006   7.85869919E-03  -8.15353394               1
      160017       80007   1.10443905E-02  -7.96389771               1
      160017       90008   1.65590271E-02  -7.58770180               1
      160017      100009   2.71058343E-02  -7.03335953               1
      160017      110010   4.87291813E-02  -6.28268719               1
      160017      120011   9.96098295E-02  -5.66029787               1
      160017      130012  0.233111024      -5.08714056               1
      160017      140013  0.660151482      -4.87403393               1
      160017      150014   2.62111354      -4.94506931               1
      160017      190018   2.61663508      -4.94447231               1
      160017      200019  0.650304675      -4.98669863               1
      160017      210020  0.229976177      -5.20117760               1
      160017      220021   9.87422317E-02  -5.86096573               1
      160017      230022   4.91439961E-02  -6.48654270               1
      160017      240023   2.77910288E-02  -7.11788464               1
      160017      250024   1.74823329E-02  -7.51645947               1
      160017      260025   1.17611010E-02  -7.82352209               1
      160017      270026   8.46104510E-03  -7.92124796               1
      160017      280027   6.33091945E-03  -7.99454641               1
      160017      290028   4.88025043E-03  -7.97128487               1
      160017      300029   3.85227543E-03  -7.91838837               1
      160017      310030   3.09509900E-03  -7.86022949               1
      160017      320031   2.52621109E-03  -7.77819300               1
      160017      330032   2.06047553E-03  -7.69003820               1
      170018       20001   1.79212040E-03  -8.20508003               1
      170018       30002   2.18849257E-03  -8.35503292               1
      170018       40003   2.64817383E-03  -8.47601986               1
      170018       50004   3.28840199E-03  -8.55475235               1
      170018       60005   4.15649405E-03  -8.61514282               1
      170018       70006   5.39239170E-03  -8.58401489               1
      170018       80007   7.29960296E-03  -8.41285038               1
      170018       90008   1.04304049E-02  -8.06144810               1
      170018      100009   1.60496533E-02  -7.53416061               1
      170018      110010   2.66205370E-02  -6.79855204               1
      170018      120011   4.90888022E-02  -6.13556242               1
      170018      130012  0.100820929      -5.45200825               1
      170018      140013  0.237675697      -5.04295731               1
      170018      150014  0.662449658      -4.85544014               1
      170018      160015   2.61818361      -5.01823664               1
      170018      200019   2.60687637      -5.10856247               1
      170018      210020  0.641251445      -5.04549313               1
      170018      220021  0.227356210      -5.50255585               1
      170018      230022   9.92936194E-02  -6.02737141               1
      170018      240023   5.10896295E-02  -6.60881376               1
      170018      250024   2.99547259E-02  -6.99529600               1
      170018      260025   1.90837886E-02  -7.30112553               1
      170018      270026   1.31447371E-02  -7.40395212               1
      170018      280027   9.49805044E-03  -7.48407030               1
      170018      290028   7.11906888E-03  -7.47004604               1
      170018      300029   5.49288141E-03  -7.42483616               1
      170018      310030   4.33321577E-03  -7.36944771               1
      170018      320031   3.48414294E-03  -7.28662014               1
      170018      330032   2.80830124E-03  -7.19315529               1
      180019       20001   1.40622526E-03  -8.38556004               1
      180019       30002   1.69977313E-03  -8.52657986               1
      180019       40003   2.02989671E-03  -8.64507961               1
      180019       50004   2.48042028E-03  -8.72675800               1
      180019       60005   3.07262968E-03  -8.79763222               1
      180019       70006   3.88665008E-03  -8.78326321               1
      180019       80007   5.09600015E-03  -8.63479042               1
      180019       90008   6.98755449E-03  -8.31803226               1
      180019      100009   1.01934876E-02  -7.83846617               1
      180019      110010   1.57722011E-02  -7.15738964               1
      180019      120011   2.66447794E-02  -6.51679754               1
      180019      130012   4.92570214E-02  -5.79946995               1
      180019      140013  0.102060452      -5.27257967               1
      180019      150014  0.237784430      -4.89271736               1
      180019      160015  0.659570038      -4.80741453               1
      180019      170016   2.61658263      -4.94454384               1
      180019      210020   2.61238408      -4.95325232               1
      180019      220021  0.636753500      -5.11345291               1
      180019      230022  0.229143709      -5.45788956               1
      180019      240023  0.103930056      -5.92961502               1
      180019      250024   5.57592027E-02  -6.26780558               1
      180019      260025   3.32436524E-02  -6.55132389               1
      180019      270026   2.17320975E-02  -6.64797735               1
      180019      280027   1.50577212E-02  -6.72989607               1
      180019      290028   1.09092863E-02  -6.72492027               1
      180019      300029   8.18627235E-03  -6.69020987               1
      180019      310030   6.31391024E-03  -6.64175081               1
      180019      320031   4.98286448E-03  -6.56333733               1
      180019      330032   3.95674305E-03  -6.46977997               1
      190020       20001   1.15073589E-03  -8.72698212               1
      190020       30002   1.37764425E-03  -8.85228825               1
      190020       40003   1.62543613E-03  -8.96183586               1
      190020       50004   1.95766706E-03  -9.04083347               1
      190020       60005   2.38222606E-03  -9.11733150               1
      190020       70006   2.94751604E-03  -9.11642456               1
      190020       80007   3.75916483E-03  -8.99018383               1
      190020       90008   4.97367186E-03  -8.71225071               1
      190020      100009   6.92616962E-03  -8.29385662               1
      190020      110010   1.00806365E-02  -7.69879580               1
      190020      120011   1.57543700E-02  -7.13911009               1
      190020      130012   2.65563950E-02  -6.46755934               1
      190020      140013   4.94812913E-02  -5.90738153               1
      190020      150014  0.101467438      -5.41247749               1
      190020      160015  0.234714314      -5.13728333               1
      190020      170016  0.650204420      -4.98701811               1
      190020      180017   2.60677862      -5.10865641               1
      190020      220021   2.61323142      -4.99393320               1
      190020      230022  0.638681233      -5.10704565               1
      190020      240023  0.238896012      -5.41036844               1
      190020      250024  0.113518298      -5.66276360               1
      190020      260025   6.21961057E-02  -5.90158415               1
      190020      270026   3.81511226E-02  -5.97974586               1
      190020      280027   2.51421444E-02  -6.05728769               1
      190020      290028   1.74941905E-02  -6.06027842               1
      190020      300029   1.26984511E-02  -6.03872204               1
      190020      310030   9.53178946E-03  -6.00208616               1
      190020      320031   7.35398708E-03  -5.93487930               1
      190020      330032   5.73370280E-03  -5.84857988               1
      200021       20001   9.83101665E-04  -8.82274246               1
      200021       30002   1.16569176E-03  -8.93924046               1
      200021       40003   1.35942374E-03  -9.04558468               1
      200021       50004   1.61535037E-03  -9.12578773               1
      200021       60005   1.93419738E-03  -9.20970821               1
      200021       70006   2.34690052E-03  -9.22203827               1
      200021       80007   2.92208861E-03  -9.11615467               1
      200021       90008   3.74935567E-03  -8.87382507               1
      200021      100009   5.01726288E-03  -8.51458073               1
      200021      110010   6.92564948E-03  -8.01192951               1
      200021      120011   1.01049906E-02  -7.56174183               1
      200021      130012   1.56813618E-02  -6.99257040               1
      200021      140013   2.66098827E-02  -6.47434759               1
      200021      150014   4.91288528E-02  -5.94358063               1
      200021      160015   9.98442993E-02  -5.55766582               1
      200021      170016  0.229832053      -5.20270300               1
      200021      180017  0.641095638      -5.04609776               1
      200021      190018   2.61224890      -4.95334244               1
      200021      230022   2.60550404      -4.97113752               1
      200021      240023  0.653035402      -5.02114058               1
      200021      250024  0.255717576      -5.11996460               1
      200021      260025  0.124387436      -5.27022982               1
      200021      270026   7.02541694E-02  -5.30216694               1
      200021      280027   4.35367636E-02  -5.35630035               1
      200021      290028   2.88683735E-02  -5.35431337               1
      200021      300029   2.01487895E-02  -5.33713770               1
      200021      310030   1.46475704E-02  -5.30647755               1
      200021      320031   1.10021206E-02  -5.24707842               1
      200021      330032   8.39332212E-03  -5.16609287               1
      210022       20001   8.65095120E-04  -9.24348831               1
      210022       30002   1.01634127E-03  -9.33796406               1
      210022       40003   1.17245596E-03  -9.42705345               1
      210022       50004   1.37630629E-03  -9.49417400               1
      210022       60005   1.62476627E-03  -9.57024670               1
      210022       70006   1.93877821E-03  -9.57942200               1
      210022       80007   2.36588065E-03  -9.47608280               1
      210022       90008   2.96005420E-03  -9.24887657               1
      210022      100009   3.83455073E-03  -8.92562008               1
      210022      110010   5.06914780E-03  -8.49233723               1
      210022      120011   6.98583899E-03  -8.14131069               1
      210022      130012   1.01014599E-02  -7.69086218               1
      210022      140013   1.58038698E-02  -7.26230478               1
      210022      150014   2.66731717E-02  -6.76247311               1
      210022      160015   4.88396473E-02  -6.34186935               1
      210022      170016   9.85738561E-02  -5.86436701               1
      210022      180017  0.227163315      -5.50400543               1
      210022      190018  0.636568546      -5.11363077               1
      210022      200019   2.61309433      -4.99394274               1
      210022      240023   2.59812856      -5.11469030               1
      210022      250024  0.669679999      -5.04893208               1
      210022      260025  0.267418563      -5.08414555               1
      210022      270026  0.133954734      -5.05306530               1
      210022      280027   7.65104517E-02  -5.07240772               1
      210022      290028   4.77851629E-02  -5.05748081               1
      210022      300029   3.18245664E-02  -5.03843594               1
      210022      310030   2.22813282E-02  -5.00880289               1
      210022      320031   1.62211694E-02  -4.95393324               1
      210022      330032   1.20654758E-02  -4.87613153               1
      220023       20001   7.55514833E-04  -9.59744453               1
      220023       30002   8.80984124E-04  -9.66792393               1
      220023       40003   1.00742665E-03  -9.73655319               1
      220023       50004   1.17105898E-03  -9.78647614               1
      220023       60005   1.36694289E-03  -9.84902382               1
      220023       70006   1.60980667E-03  -9.84761524               1
      220023       80007   1.93395617E-03  -9.73705196               1
      220023       90008   2.37322017E-03  -9.51079750               1
      220023      100009   2.99939048E-03  -9.20297241               1
      220023      110010   3.83725204E-03  -8.81043339               1
      220023      120011   5.06197242E-03  -8.52802563               1
      220023      130012   6.92516519E-03  -8.17593670               1
      220023      140013   1.01487841E-02  -7.84339380               1
      220023      150014   1.59213450E-02  -7.40938663               1
      220023      160015   2.68173516E-02  -7.01281786               1
      220023      170016   4.89820726E-02  -6.49448442               1
      220023      180017   9.91020203E-02  -6.03115034               1
      220023      190018  0.228954107      -5.45844078               1
      220023      200019  0.638535321      -5.10698462               1
      220023      210020   2.60543346      -4.97101688               1
      220023      250024   2.58053303      -5.03731871               1
      220023      260025  0.666468978      -4.96904135               1
      220023      270026  0.271568567      -4.86871958               1
      220023      280027  0.137072340      -4.84862232               1
      220023      290028   7.88229108E-02  -4.81922245               1
      220023      300029   4.94256690E-02  -4.79681778               1
      220023      310030   3.30374613E-02  -4.76588726               1
      220023      320031   2.31652558E-02  -4.71340799               1
      220023      330032   1.67210381E-02  -4.63673306               1
      230024       20001   6.59540528E-04  -10.2520332               1
      230024       30002   7.64226948E-04  -10.2819090               1
      230024       40003   8.67503230E-04  -10.3128853               1
      230024       50004   1.00023975E-03  -10.3288708               1
      230024       60005   1.15678378E-03  -10.3607769               1
      230024       70006   1.34789804E-03  -10.3311148               1
      230024       80007   1.59930740E-03  -10.1944714               1
      230024       90008   1.93310843E-03  -9.94715309               1
      230024      100009   2.39738449E-03  -9.62734032               1
      230024      110010   2.99214036E-03  -9.23925495               1
      230024      120011   3.81970475E-03  -8.98096848               1
      230024      130012   5.01123257E-03  -8.67986679               1
      230024      140013   6.98394468E-03  -8.40798759               1
      230024      150014   1.03493799E-02  -8.02528858               1
      230024      160015   1.63330603E-02  -7.65976954               1
      230024      170016   2.76482049E-02  -7.13082552               1
      230024      180017   5.09167090E-02  -6.61492729               1
      230024      190018  0.103757709      -5.92976379               1
      230024      200019  0.238767058      -5.40928650               1
      230024      210020  0.652985930      -5.02014256               1
      230024      220021   2.59815311      -5.11446285               1
      230024      260025   2.57383323      -5.12748194               1
      230024      270026  0.665923238      -5.00361824               1
      230024      280027  0.270754576      -4.94901752               1
      230024      290028  0.136913300      -4.90595388               1
      230024      300029   7.88050815E-02  -4.87891102               1
      230024      310030   4.95325066E-02  -4.84293795               1
      230024      320031   3.31151709E-02  -4.78891325               1
      230024      330032   2.30324175E-02  -4.70947742               1
      240025       20001   5.86897833E-04  -10.6934748               1
      240025       30002   6.75795891E-04  -10.6941786               1
      240025       40003   7.61669246E-04  -10.6981030               1
      240025       50004   8.71490338E-04  -10.6891985               1
      240025       60005   9.99324722E-04  -10.6980429               1
      240025       70006   1.15337758E-03  -10.6461172               1
      240025       80007   1.35375024E-03  -10.4876032               1
      240025       90008   1.61546597E-03  -10.2208595               1
      240025      100009   1.97252049E-03  -9.88674259               1
      240025      110010   2.41363654E-03  -9.49451256               1
      240025      120011   3.00303614E-03  -9.24440861               1
      240025      130012   3.81398387E-03  -8.97144318               1
      240025      140013   5.11254929E-03  -8.73845291               1
      240025      150014   7.24787638E-03  -8.39417744               1
      240025      160015   1.08728865E-02  -8.05978966               1
      240025      170016   1.73585955E-02  -7.53814363               1
      240025      180017   2.98005864E-02  -7.00616217               1
      240025      190018   5.56038991E-02  -6.26819754               1
      240025      200019  0.113404833      -5.66001844               1
      240025      210020  0.255685508      -5.11691856               1
      240025      220021  0.669729114      -5.04771328               1
      240025      230022   2.58060241      -5.03700399               1
      240025      270026   2.58844066      -4.95867872               1
      240025      280027  0.664173245      -4.91720295               1
      240025      290028  0.269304633      -4.88129854               1
      240025      300029  0.135868564      -4.86207867               1
      240025      310030   7.82763064E-02  -4.82734203               1
      240025      320031   4.91318777E-02  -4.77595901               1
      240025      330032   3.25983055E-02  -4.69655609               1
      250026       20001   5.25123323E-04  -11.1560354               1
      250026       30002   6.01072563E-04  -11.1283407               1
      250026       40003   6.72934926E-04  -11.1054993               1
      250026       50004   7.64502271E-04  -11.0715294               1
      250026       60005   8.69836193E-04  -11.0565758               1
      250026       70006   9.95345647E-04  -10.9810648               1
      250026       80007   1.15709717E-03  -10.7986279               1
      250026       90008   1.36549328E-03  -10.5090551               1
      250026      100009   1.64535036E-03  -10.1549807               1
      250026      110010   1.98039645E-03  -9.74902439               1
      250026      120011   2.41285819E-03  -9.49251652               1
      250026      130012   2.98541016E-03  -9.22744656               1
      250026      140013   3.87939462E-03  -9.01166153               1
      250026      150014   5.30894473E-03  -8.68760204               1
      250026      160015   7.64919026E-03  -8.37257862               1
      250026      170016   1.16586164E-02  -7.85698509               1
      250026      180017   1.89511348E-02  -7.31870604               1
      250026      190018   3.31080593E-02  -6.55239534               1
      250026      200019   6.20995238E-02  -5.89612770               1
      250026      210020  0.124371625      -5.26326704               1
      250026      220021  0.267488986      -5.08036566               1
      250026      230022  0.666570425      -4.96740341               1
      250026      240023   2.57391524      -5.12720919               1
      250026      280027   2.58329177      -4.98770618               1
      250026      290028  0.659894228      -4.97871923               1
      250026      300029  0.266277939      -4.97145367               1
      250026      310030  0.134273529      -4.93538713               1
      250026      320031   7.71192610E-02  -4.88320303               1
      250026      330032   4.80705351E-02  -4.79988289               1
      260027       20001   4.88116231E-04  -11.2316160               1
      260027       30002   5.54760860E-04  -11.2046061               1
      260027       40003   6.16308360E-04  -11.1829786               1
      260027       50004   6.94613438E-04  -11.1489592               1
      260027       60005   7.83653581E-04  -11.1330051               1
      260027       70006   8.88649083E-04  -11.0543880               1
      260027       80007   1.02296413E-03  -10.8663244               1
      260027       90008   1.19394856E-03  -10.5702744               1
      260027      100009   1.42049917E-03  -10.2102489               1
      260027      110010   1.68389152E-03  -9.80155659               1
      260027      120011   2.01346958E-03  -9.54555225               1
      260027      130012   2.43534287E-03  -9.28970051               1
      260027      140013   3.08225304E-03  -9.08791924               1
      260027      150014   4.09575226E-03  -8.77909660               1
      260027      160015   5.70817618E-03  -8.47942734               1
      260027      170016   8.37661792E-03  -7.97062588               1
      260027      180017   1.30276950E-02  -7.43257284               1
      260027      190018   2.16068290E-02  -6.65292072               1
      260027      200019   3.80570404E-02  -5.97271872               1
      260027      210020   7.02334195E-02  -5.29066086               1
      260027      220021  0.134018034      -5.04544258               1
      260027      230022  0.271668702      -4.86445522               1
      260027      240023  0.666012347      -5.00236225               1
      260027      250024   2.58850098      -4.95845222               1
      260027      290028   2.57920432      -4.99241352               1
      260027      300029  0.658854246      -5.00283766               1
      260027      310030  0.266158342      -4.96327114               1
      260027      320031  0.133843347      -4.90827847               1
      260027      330032   7.65206143E-02  -4.81947947               1
      270028       20001   4.58139693E-04  -11.2364769               1
      270028       30002   5.17040666E-04  -11.2190065               1
      270028       40003   5.70054981E-04  -11.2072277               1
      270028       50004   6.37505087E-04  -11.1810827               1
      270028       60005   7.13355141E-04  -11.1715231               1
      270028       70006   8.01948481E-04  -11.0966482               1
      270028       80007   9.14607779E-04  -10.9092665               1
      270028       90008   1.05651794E-03  -10.6124315               1
      270028      100009   1.24238653E-03  -10.2512112               1
      270028      110010   1.45259919E-03  -9.84305763               1
      270028      120011   1.70825457E-03  -9.58883190               1
      270028      130012   2.02577328E-03  -9.34051418               1
      270028      140013   2.50672689E-03  -9.14888954               1
      270028      150014   3.24947154E-03  -8.85076714               1
      270028      160015   4.40514879E-03  -8.56261063               1
      270028      170016   6.26545493E-03  -8.05992317               1
      270028      180017   9.39774327E-03  -7.52499819               1
      270028      190018   1.49437562E-02  -6.74009466               1
      270028      200019   2.50504259E-02  -6.04882860               1
      270028      210020   4.35082540E-02  -5.33895540               1
      270028      220021   7.65602365E-02  -5.05891943               1
      270028      230022  0.137162417      -4.83966732               1
      270028      240023  0.270841986      -4.94538355               1
      270028      250024  0.664239466      -4.91601086               1
      270028      260025   2.58331871      -4.98753881               1
      270028      300029   2.58650780      -5.06774473               1
      270028      310030  0.657804132      -5.05208254               1
      270028      320031  0.264659673      -4.99914122               1
      270028      330032  0.132826716      -4.90374947               1
      280029       20001   4.32469882E-04  -10.9966288               1
      280029       30002   4.84771241E-04  -11.0025330               1
      280029       40003   5.30588790E-04  -11.0144863               1
      280029       50004   5.88968629E-04  -11.0094032               1
      280029       60005   6.53920695E-04  -11.0190048               1
      280029       70006   7.29122432E-04  -10.9602156               1
      280029       80007   8.24305753E-04  -10.7854948               1
      280029       90008   9.43084422E-04  -10.4995537               1
      280029      100009   1.09710637E-03  -10.1483307               1
      280029      110010   1.26674830E-03  -9.75121021               1
      280029      120011   1.46762899E-03  -9.50826168               1
      280029      130012   1.71031675E-03  -9.27487183               1
      280029      140013   2.07528286E-03  -9.09859467               1
      280029      150014   2.63374904E-03  -8.81465912               1
      280029      160015   3.48807103E-03  -8.54078579               1
      280029      170016   4.83335368E-03  -8.04828358               1
      280029      180017   7.03553809E-03  -7.52243233               1
      280029      190018   1.08070029E-02  -6.74152136               1
      280029      200019   1.74049828E-02  -6.05136490               1
      280029      210020   2.88308430E-02  -5.33096313               1
      280029      220021   4.78177220E-02  -5.03681421               1
      280029      230022   7.88971260E-02  -4.80374956               1
      280029      240023  0.136992484      -4.89834261               1
      280029      250024  0.269370854      -4.87797403               1
      280029      260025  0.659928381      -4.97785950               1
      280029      270026   2.57922864      -4.99225664               1
      280029      310030   2.58864164      -5.00138664               1
      280029      320031  0.654241204      -5.00547791               1
      280029      330032  0.263598621      -4.91540384               1
      290030       20001   4.10869136E-04  -10.6212234               1
      290030       30002   4.57544258E-04  -10.6587305               1
      290030       40003   4.97270084E-04  -10.7028961               1
      290030       50004   5.48041658E-04  -10.7271500               1
      290030       60005   6.03941327E-04  -10.7641220               1
      290030       70006   6.68135064E-04  -10.7295361               1
      290030       80007   7.49101047E-04  -10.5755157               1
      290030       90008   8.49290285E-04  -10.3084412               1
      290030      100009   9.78069846E-04  -9.97497368               1
      290030      110010   1.11624994E-03  -9.59624767               1
      290030      120011   1.27569959E-03  -9.37134552               1
      290030      130012   1.46335887E-03  -9.15824795               1
      290030      140013   1.74482935E-03  -9.00110435               1
      290030      150014   2.17350083E-03  -8.73372555               1
      290030      160015   2.82099517E-03  -8.47563553               1
      290030      170016   3.82293947E-03  -7.99529696               1
      290030      180017   5.42553654E-03  -7.48133183               1
      290030      190018   8.09562020E-03  -6.70913839               1
      290030      200019   1.26120830E-02  -6.02646971               1
      290030      210020   2.01022401E-02  -5.30487585               1
      290030      220021   3.18385810E-02  -5.00707531               1
      290030      230022   4.94809709E-02  -4.77118444               1
      290030      240023   7.88718536E-02  -4.86416817               1
      290030      250024  0.135930240      -4.85420942               1
      290030      260025  0.266315311      -4.96850204               1
      290030      270026  0.658885539      -5.00184917               1
      290030      280027   2.58652830      -5.06758785               1
      290030      320031   2.58506846      -4.97560740               1
      290030      330032  0.659038186      -4.97331333               1
      300031       20001   3.90265253E-04  -10.1879559               1
      300031       30002   4.31960332E-04  -10.2593756               1
      300031       40003   4.66401980E-04  -10.3384094               1
      300031       50004   5.10612503E-04  -10.3949356               1
      300031       60005   5.58798551E-04  -10.4624882               1
      300031       70006   6.13717828E-04  -10.4555998               1
      300031       80007   6.82818063E-04  -10.3260412               1
      300031       90008   7.67684949E-04  -10.0817604               1
      300031      100009   8.75938800E-04  -9.76997471               1
      300031      110010   9.89148277E-04  -9.41334057               1
      300031      120011   1.11654203E-03  -9.20981026               1
      300031      130012   1.26277935E-03  -9.01927280               1
      300031      140013   1.48247811E-03  -8.88240528               1
      300031      150014   1.81681931E-03  -8.63162327               1
      300031      160015   2.31732707E-03  -8.38842678               1
      300031      170016   3.08143068E-03  -7.91934681               1
      300031      180017   4.28088801E-03  -7.41637421               1
      300031      190018   6.23479718E-03  -6.65285778               1
      300031      200019   9.44950432E-03  -5.97832060               1
      300031      210020   1.45944180E-02  -5.25804472               1
      300031      220021   2.22796854E-02  -4.95947790               1
      300031      230022   3.30764502E-02  -4.72309875               1
      300031      240023   4.95893136E-02  -4.81478596               1
      300031      250024   7.83365890E-02  -4.80975389               1
      300031      260025  0.134318784      -4.92667198               1
      300031      270026  0.266203135      -4.95913219               1
      300031      280027  0.657841623      -5.05068874               1
      300031      290028   2.58866715      -5.00106192               1
      300031      330032   2.58545423      -5.00113440               1
      310032       20001   3.73812218E-04  -9.60256577               1
      310032       30002   4.11256537E-04  -9.71500015               1
      310032       40003   4.41179931E-04  -9.83641052               1
      310032       50004   4.79837501E-04  -9.93268967               1
      310032       60005   5.21542330E-04  -10.0383968               1
      310032       70006   5.68735180E-04  -10.0668211               1
      310032       80007   6.28040638E-04  -9.96939468               1
      310032       90008   7.00382516E-04  -9.75569534               1
      310032      100009   7.92039675E-04  -9.47342110               1
      310032      110010   8.85381538E-04  -9.14671993               1
      310032      120011   9.87757114E-04  -8.97231197               1
      310032      130012   1.10237754E-03  -8.81136990               1
      310032      140013   1.27567188E-03  -8.70060444               1
      310032      150014   1.54023769E-03  -8.47072887               1
      310032      160015   1.93400797E-03  -8.24540424               1
      310032      170016   2.52895057E-03  -7.78995132               1
      310032      180017   3.44856875E-03  -7.29993963               1
      310032      190018   4.91876341E-03  -6.54733849               1
      310032      200019   7.28190131E-03  -5.88342810               1
      310032      210020   1.09518087E-02  -5.16823578               1
      310032      220021   1.62164420E-02  -4.87316084               1
      310032      230022   2.32023820E-02  -4.64083862               1
      310032      240023   3.31775993E-02  -4.73587179               1
      310032      250024   4.92075942E-02  -4.73873758               1
      310032      260025   7.71905109E-02  -4.86090422               1
      310032      270026  0.133921325      -4.89522266               1
      310032      280027  0.264734119      -4.99287939               1
      310032      290028  0.654303074      -5.00289536               1
      310032      300029   2.58512521      -4.97499132               1
      320033       20001   3.50873102E-04  -9.00003719               1
      320033       30002   3.84042301E-04  -9.15012074               1
      320033       40003   4.09713219E-04  -9.31075764               1
      320033       50004   4.43111610E-04  -9.44428253               1
      320033       60005   4.78800590E-04  -9.58615017               1
      320033       70006   5.18927176E-04  -9.64852619               1
      320033       80007   5.69332391E-04  -9.58251476               1
      320033       90008   6.30456198E-04  -9.39913082               1
      320033      100009   7.07462779E-04  -9.14642811               1
      320033      110010   7.83917669E-04  -8.84981918               1
      320033      120011   8.65724985E-04  -8.70487118               1
      320033      130012   9.55144758E-04  -8.57359028               1
      320033      140013   1.09165267E-03  -8.48888397               1
      320033      150014   1.30129617E-03  -8.27960587               1
      320033      160015   1.61231693E-03  -8.07129574               1
      320033      170016   2.07866798E-03  -7.62842560               1
      320033      180017   2.79075676E-03  -7.14981318               1
      320033      190018   3.91211128E-03  -6.40651178               1
      320033      200019   5.68070030E-03  -5.75145054               1
      320033      210020   8.36033374E-03  -5.04047680               1
      320033      220021   1.20779974E-02  -4.74833012               1
      320033      230022   1.67814586E-02  -4.51957512               1
      320033      240023   2.31301207E-02  -4.61757374               1
      320033      250024   3.27248126E-02  -4.62678337               1
      320033      260025   4.82107289E-02  -4.75271416               1
      320033      270026   7.66862780E-02  -4.78798008               1
      320033      280027  0.133008033      -4.88530064               1
      320033      290028  0.263788223      -4.90529776               1
      320033      300029  0.659256399      -4.96906281               1
      320033      310030   2.58567739      -5.00024843               1
