         930
       10002       40003   2.60407376      -4.99298191               1
       10002       50004  0.664718866      -4.95142078               1
       10002       60005  0.267487943      -4.93204927               1
       10002       70006  0.135713831      -4.84307957               1
       10002       80007   7.97907934E-02  -4.71399546               1
       10002       90008   5.13274148E-02  -4.55767918               1
       10002      100009   3.50898206E-02  -4.41750383               1
       10002      110010   2.40676776E-02  -4.43008184               1
       10002      120011   1.60318837E-02  -4.73842049               1
       10002      130012   1.02455299E-02  -5.43643999               1
       10002      140013   6.59919996E-03  -6.33861494               1
       10002      150014   4.46578441E-03  -7.23355675               1
       10002      160015   3.17561417E-03  -7.99530792               1
       10002      170016   2.38150079E-03  -8.59123039               1
       10002      180017   1.86568149E-03  -8.98532200               1
       10002      190018   1.55476015E-03  -9.11512280               1
       10002      200019   1.38700777E-03  -8.98085213               1
       10002      210020   1.31299463E-03  -8.68697453               1
       10002      220021   1.27385603E-03  -8.46948719               1
       10002      230022   1.20197318E-03  -8.41454887               1
       10002      240023   1.10392889E-03  -8.47723579               1
       10002      250024   1.00365595E-03  -8.52335548               1
       10002      260025   8.99958308E-04  -8.54713440               1
       10002      270026   8.17524677E-04  -8.50434780               1
       10002      280027   7.42059317E-04  -8.42206192               1
       10002      290028   6.73096103E-04  -8.33532524               1
       10002      300029   6.15292462E-04  -8.24219131               1
       10002      310030   5.63349458E-04  -8.15556335               1
       10002      320031   5.16547181E-04  -8.11546040               1
       10002      330032   4.74999513E-04  -8.07105541               1
       20003       50004   2.59252954      -5.03599358               1
       20003       60005  0.658923626      -5.04596567               1
       20003       70006  0.266484648      -4.98614645               1
       20003       80007  0.136514440      -4.87333584               1
       20003       90008   8.02024975E-02  -4.72738791               1
       20003      100009   5.15122116E-02  -4.58706236               1
       20003      110010   3.37773785E-02  -4.58920288               1
       20003      120011   2.17315555E-02  -4.88060999               1
       20003      130012   1.34906741E-02  -5.55822372               1
       20003      140013   8.46770499E-03  -6.44150448               1
       20003      150014   5.59691107E-03  -7.32583046               1
       20003      160015   3.89475818E-03  -8.08741570               1
       20003      170016   2.86360038E-03  -8.69421387               1
       20003      180017   2.20211339E-03  -9.10956860               1
       20003      190018   1.80250045E-03  -9.27008057               1
       20003      200019   1.58048887E-03  -9.17469788               1
       20003      210020   1.47239503E-03  -8.92198753               1
       20003      220021   1.40920957E-03  -8.74057484               1
       20003      230022   1.31494110E-03  -8.71513939               1
       20003      240023   1.19632925E-03  -8.80361748               1
       20003      250024   1.07855606E-03  -8.87401581               1
       20003      260025   9.59551951E-04  -8.92219925               1
       20003      270026   8.65158276E-04  -8.90461731               1
       20003      280027   7.79752329E-04  -8.84795284               1
       20003      290028   7.02548772E-04  -8.78741646               1
       20003      300029   6.38033147E-04  -8.72143555               1
       20003      310030   5.80558088E-04  -8.66170311               1
       20003      320031   5.29130513E-04  -8.64817047               1
       20003      330032   4.83769167E-04  -8.62981892               1
       30004       20001   2.60360813      -4.99426699               1
       30004       60005   2.58880925      -5.09070444               1
       30004       70006  0.658299625      -5.04253817               1
       30004       80007  0.267838120      -4.94303513               1
       30004       90008  0.137095690      -4.81137800               1
       30004      100009   8.06468949E-02  -4.67336130               1
       30004      110010   4.98341396E-02  -4.66458321               1
       30004      120011   3.06903888E-02  -4.93675995               1
       30004      130012   1.83895938E-02  -5.59104776               1
       30004      140013   1.11912731E-02  -6.45261526               1
       30004      150014   7.19445432E-03  -7.32474518               1
       30004      160015   4.88182623E-03  -8.08589554               1
       30004      170016   3.50881019E-03  -8.70409298               1
       30004      180017   2.64253351E-03  -9.14106846               1
       30004      190018   2.12062709E-03  -9.33163071               1
       30004      200019   1.82494917E-03  -9.27313995               1
       30004      210020   1.67125813E-03  -9.05844307               1
       30004      220021   1.57665124E-03  -8.90938377               1
       30004      230022   1.45407161E-03  -8.90957832               1
       30004      240023   1.30999763E-03  -9.02005863               1
       30004      250024   1.17085094E-03  -9.11108303               1
       30004      260025   1.03332312E-03  -9.18011284               1
       30004      270026   9.24595515E-04  -9.18430042               1
       30004      280027   8.27354146E-04  -9.15001583               1
       30004      290028   7.40389572E-04  -9.11264038               1
       30004      300029   6.67983491E-04  -9.07092667               1
       30004      310030   6.04030851E-04  -9.03544712               1
       30004      320031   5.47208474E-04  -9.04602432               1
       30004      330032   4.97413392E-04  -9.05148220               1
       40005       20001  0.664171040      -4.95684862               1
       40005       30002   2.59228277      -5.03682756               1
       40005       70006   2.58258653      -5.07495070               1
       40005       80007  0.662029147      -4.98117352               1
       40005       90008  0.270048529      -4.87231255               1
       40005      100009  0.139270559      -4.74444246               1
       40005      110010   7.92921335E-02  -4.72682953               1
       40005      120011   4.61572595E-02  -4.97837067               1
       40005      130012   2.64793634E-02  -5.60701704               1
       40005      140013   1.55278649E-02  -6.44497490               1
       40005      150014   9.65938997E-03  -7.30499411               1
       40005      160015   6.36378909E-03  -8.06807995               1
       40005      170016   4.45566699E-03  -8.70175743               1
       40005      180017   3.27724498E-03  -9.16490936               1
       40005      190018   2.57304520E-03  -9.38925743               1
       40005      200019   2.16991804E-03  -9.36965561               1
       40005      210020   1.95141253E-03  -9.19293785               1
       40005      220021   1.81349646E-03  -9.07454395               1
       40005      230022   1.65257312E-03  -9.09769535               1
       40005      240023   1.47417735E-03  -9.22707748               1
       40005      250024   1.30629435E-03  -9.33544159               1
       40005      260025   1.14378694E-03  -9.42188454               1
       40005      270026   1.01587141E-03  -9.44430542               1
       40005      280027   9.02748201E-04  -9.42884636               1
       40005      290028   8.02621245E-04  -9.41107559               1
       40005      300029   7.19610834E-04  -9.39001751               1
       40005      310030   6.46895904E-04  -9.37526321               1
       40005      320031   5.82731795E-04  -9.40649033               1
       40005      330032   5.26859716E-04  -9.43240929               1
       50006       20001  0.266946882      -4.94513130               1
       50006       30002  0.658641636      -5.04957438               1
       50006       40003   2.58865094      -5.09119749               1
       50006       80007   2.60369778      -4.99829960               1
       50006       90008  0.664883733      -4.92657566               1
       50006      100009  0.274262220      -4.81752443               1
       50006      110010  0.137787730      -4.78786612               1
       50006      120011   7.41468817E-02  -5.00894642               1
       50006      130012   4.01982293E-02  -5.60111904               1
       50006      140013   2.25052815E-02  -6.40593100               1
       50006      150014   1.34448521E-02  -7.24786472               1
       50006      160015   8.54396448E-03  -8.01124191               1
       50006      170016   5.79476915E-03  -8.66290665               1
       50006      180017   4.14289627E-03  -9.15751648               1
       50006      190018   3.16949398E-03  -9.42195988               1
       50006      200019   2.61061103E-03  -9.44708729               1
       50006      210020   2.29924684E-03  -9.31251907               1
       50006      220021   2.10063322E-03  -9.22669411               1
       50006      230022   1.88871403E-03  -9.27289677               1
       50006      240023   1.66650617E-03  -9.42038631               1
       50006      250024   1.46286888E-03  -9.54496574               1
       50006      260025   1.26993645E-03  -9.64761639               1
       50006      270026   1.11890037E-03  -9.68712521               1
       50006      280027   9.86901228E-04  -9.68946075               1
       50006      290028   8.71328404E-04  -9.69041348               1
       50006      300029   7.75984954E-04  -9.68928623               1
       50006      310030   6.93190144E-04  -9.69467926               1
       50006      320031   6.20664796E-04  -9.74607849               1
       50006      330032   5.57938241E-04  -9.79210472               1
       60007       20001  0.135185674      -4.86840439               1
       60007       30002  0.266180247      -4.99573183               1
       60007       40003  0.658103049      -5.04503632               1
       60007       50004   2.58247423      -5.07532930               1
       60007       90008   2.60818338      -4.96896410               1
       60007      100009  0.671156824      -4.90218782               1
       60007      110010  0.272563666      -4.85016251               1
       60007      120011  0.130353153      -5.01691151               1
       60007      130012   6.54509291E-02  -5.54878092               1
       60007      140013   3.45463343E-02  -6.30023956               1
       60007      150014   1.96344107E-02  -7.10959387               1
       60007      160015   1.19406739E-02  -7.86504030               1
       60007      170016   7.79185817E-03  -8.53285217               1
       60007      180017   5.38361864E-03  -9.06185246               1
       60007      190018   3.99378967E-03  -9.37158012               1
       60007      200019   3.20002576E-03  -9.44637680               1
       60007      210020   2.75149499E-03  -9.35656548               1
       60007      220021   2.46578525E-03  -9.30279922               1
       60007      230022   2.18423223E-03  -9.36915207               1
       60007      240023   1.90441206E-03  -9.53067589               1
       60007      250024   1.65486080E-03  -9.66688919               1
       60007      260025   1.42356684E-03  -9.78086662               1
       60007      270026   1.24370132E-03  -9.83241081               1
       60007      280027   1.08842913E-03  -9.84744358               1
       60007      290028   9.53997311E-04  -9.86202717               1
       60007      300029   8.43716261E-04  -9.87565899               1
       60007      310030   7.48806109E-04  -9.89608479               1
       60007      320031   6.66300126E-04  -9.96249104               1
       60007      330032   5.95442776E-04  -10.0234919               1
       70008       20001   7.92765543E-02  -4.75610781               1
       70008       30002  0.136192307      -4.89289904               1
       70008       40003  0.267606288      -4.95025969               1
       70008       50004  0.661865711      -4.98325014               1
       70008       60005   2.60358262      -4.99866152               1
       70008      100009   2.59666395      -4.98430443               1
       70008      110010  0.670275331      -4.95015240               1
       70008      120011  0.262922525      -5.03141022               1
       70008      130012  0.117971137      -5.46504164               1
       70008      140013   5.75410984E-02  -6.13092041               1
       70008      150014   3.06931660E-02  -6.88460445               1
       70008      160015   1.76713970E-02  -7.61831760               1
       70008      170016   1.09929740E-02  -8.29834843               1
       70008      180017   7.28190877E-03  -8.86634827               1
       70008      190018   5.20208431E-03  -9.23140717               1
       70008      200019   4.03148867E-03  -9.36732769               1
       70008      210020   3.36897885E-03  -9.33098412               1
       70008      220021   2.95218104E-03  -9.31284237               1
       70008      230022   2.57130852E-03  -9.39843750               1
       70008      240023   2.21259659E-03  -9.57065201               1
       70008      250024   1.90177071E-03  -9.71397686               1
       70008      260025   1.62023376E-03  -9.83405781               1
       70008      270026   1.40306703E-03  -9.89193726               1
       70008      280027   1.21800578E-03  -9.91366959               1
       70008      290028   1.05964334E-03  -9.93566990               1
       70008      300029   9.30553535E-04  -9.95752621               1
       70008      310030   8.20479298E-04  -9.98632622               1
       70008      320031   7.25545513E-04  -10.0608444               1
       70008      330032   6.44607178E-04  -10.1297922               1
       80009       20001   5.08565456E-02  -4.62058592               1
       80009       30002   7.98928589E-02  -4.76123905               1
       80009       40003  0.136857435      -4.82710218               1
       80009       50004  0.269860744      -4.87872314               1
       80009       60005  0.664731443      -4.92867756               1
       80009       70006   2.60807061      -4.96935463               1
       80009      110010   2.59554958      -5.04111576               1
       80009      120011  0.660931408      -5.03983068               1
       80009      130012  0.245928451      -5.31521511               1
       80009      140013  0.106916197      -5.84184408               1
       80009      150014   5.23566380E-02  -6.50044012               1
       80009      160015   2.80799698E-02  -7.18689919               1
       80009      170016   1.64304189E-02  -7.86868382               1
       80009      180017   1.03121465E-02  -8.48002625               1
       80009      190018   7.01893354E-03  -8.91672707               1
       80009      200019   5.21230511E-03  -9.13646317               1
       80009      210020   4.20095772E-03  -9.17487144               1
       80009      220021   3.57948919E-03  -9.20585823               1
       80009      230022   3.05418787E-03  -9.31597328               1
       80009      240023   2.58743996E-03  -9.49925137               1
       80009      250024   2.19601276E-03  -9.64763546               1
       80009      260025   1.85048208E-03  -9.77049351               1
       80009      270026   1.58664770E-03  -9.83064938               1
       80009      280027   1.36504590E-03  -9.85457230               1
       80009      290028   1.17784145E-03  -9.87920189               1
       80009      300029   1.02636626E-03  -9.90418625               1
       80009      310030   8.98500904E-04  -9.93610573               1
       80009      320031   7.89173762E-04  -10.0132017               1
       80009      330032   6.96701522E-04  -10.0843983               1
       90010       20001   3.46866399E-02  -4.50231981               1
       90010       30002   5.12423813E-02  -4.63779449               1
       90010       40003   8.04312453E-02  -4.70084763               1
       90010       50004  0.139088795      -4.75831366               1
       90010       60005  0.274102390      -4.82377863               1
       90010       70006  0.671023786      -4.90434408               1
       90010       80007   2.59657836      -4.98472929               1
       90010      120011   2.57695794      -5.13446474               1
       90010      130012  0.645876348      -5.19082546               1
       90010      140013  0.233537063      -5.49732733               1
       90010      150014  0.101320744      -5.99616671               1
       90010      160015   4.94501740E-02  -6.58669472               1
       90010      170016   2.67246962E-02  -7.24080324               1
       90010      180017   1.56408027E-02  -7.88838720               1
       90010      190018   9.99247376E-03  -8.41243362               1
       90010      200019   7.01323431E-03  -8.74953079               1
       90010      210020   5.38728619E-03  -8.90159225               1
       90010      220021   4.42403741E-03  -9.01162815               1
       90010      230022   3.67640401E-03  -9.16255283               1
       90010      240023   3.05488240E-03  -9.36401558               1
       90010      250024   2.55365390E-03  -9.51983261               1
       90010      260025   2.12436356E-03  -9.64544582               1
       90010      270026   1.80086470E-03  -9.70653439               1
       90010      280027   1.53366127E-03  -9.73043728               1
       90010      290028   1.31121511E-03  -9.75492954               1
       90010      300029   1.13280641E-03  -9.77982235               1
       90010      310030   9.83888400E-04  -9.81130505               1
       90010      320031   8.57781153E-04  -9.88703442               1
       90010      330032   7.52047345E-04  -9.95627689               1
      100011       20001   2.37825271E-02  -4.53096247               1
      100011       30002   3.36013623E-02  -4.65404892               1
      100011       40003   4.97013927E-02  -4.70340300               1
      100011       50004   7.91845843E-02  -4.74918556               1
      100011       60005  0.137695402      -4.79996109               1
      100011       70006  0.272490472      -4.85571051               1
      100011       80007  0.670239687      -4.95207453               1
      100011       90008   2.59555411      -5.04145432               1
      100011      130012   2.55618882      -5.26956654               1
      100011      140013  0.635515392      -5.25534868               1
      100011      150014  0.229181200      -5.50944948               1
      100011      160015   9.84155238E-02  -5.92823982               1
      100011      170016   4.79936637E-02  -6.49299383               1
      100011      180017   2.56881155E-02  -7.13835859               1
      100011      190018   1.51146045E-02  -7.74399042               1
      100011      200019   9.83613357E-03  -8.23036766               1
      100011      210020   7.07151275E-03  -8.55398369               1
      100011      220021   5.51472558E-03  -8.80033684               1
      100011      230022   4.41771839E-03  -9.03125477               1
      100011      240023   3.57589615E-03  -9.27452564               1
      100011      250024   2.92992406E-03  -9.45275784               1
      100011      260025   2.39730906E-03  -9.59201431               1
      100011      270026   2.00306461E-03  -9.66305923               1
      100011      280027   1.68414798E-03  -9.69485378               1
      100011      290028   1.42337475E-03  -9.72662258               1
      100011      300029   1.21653534E-03  -9.75889111               1
      100011      310030   1.04620634E-03  -9.79725647               1
      100011      320031   9.03624925E-04  -9.87892532               1
      100011      330032   7.85322161E-04  -9.95356846               1
      110012       20001   1.58814676E-02  -4.84033632               1
      110012       30002   2.16718521E-02  -4.94876862               1
      110012       40003   3.06710899E-02  -4.97989750               1
      110012       50004   4.61645164E-02  -5.00525904               1
      110012       60005   7.41727650E-02  -5.02524614               1
      110012       70006  0.130399868      -5.02567339               1
      110012       80007  0.263004124      -5.03529644               1
      110012       90008  0.661048591      -5.04095125               1
      110012      100009   2.57710147      -5.13459969               1
      110012      140013   2.57978201      -5.20956373               1
      110012      150014  0.647464216      -5.14781904               1
      110012      160015  0.231171563      -5.32236528               1
      110012      170016   9.88615453E-02  -5.71693230               1
      110012      180017   4.74626608E-02  -6.28226233               1
      110012      190018   2.52623614E-02  -6.91211128               1
      110012      200019   1.49432719E-02  -7.53579712               1
      110012      210020   9.83728655E-03  -8.07367134               1
      110012      220021   7.14016985E-03  -8.52716637               1
      110012      230022   5.43191191E-03  -8.89803886               1
      110012      240023   4.23994893E-03  -9.22270012               1
      110012      250024   3.38160223E-03  -9.44884014               1
      110012      260025   2.70756474E-03  -9.61961555               1
      110012      270026   2.22094310E-03  -9.71448803               1
      110012      280027   1.83764717E-03  -9.76542091               1
      110012      290028   1.53119792E-03  -9.81415081               1
      110012      300029   1.29160902E-03  -9.86286259               1
      110012      310030   1.09752873E-03  -9.91649055               1
      110012      320031   9.37315112E-04  -10.0121174               1
      110012      330032   8.06029653E-04  -10.1000118               1
      120013       20001   1.02040041E-02  -5.51251602               1
      120013       30002   1.35269463E-02  -5.60750580               1
      120013       40003   1.84690468E-02  -5.62110043               1
      120013       50004   2.65934598E-02  -5.62558651               1
      120013       60005   4.03418243E-02  -5.61301851               1
      120013       70006   6.56251907E-02  -5.55570412               1
      120013       80007  0.118185796      -5.46844625               1
      120013       90008  0.246181324      -5.31622028               1
      120013      100009  0.646156251      -5.19084167               1
      120013      110010   2.55643582      -5.26947784               1
      120013      150014   2.59661293      -5.11327648               1
      120013      160015  0.652870655      -5.02337265               1
      120013      170016  0.233630344      -5.19108105               1
      120013      180017   9.87876803E-02  -5.58970165               1
      120013      190018   4.70911339E-02  -6.13671589               1
      120013      200019   2.50612795E-02  -6.79824877               1
      120013      210020   1.48857264E-02  -7.49958992               1
      120013      220021   9.87736881E-03  -8.17486954               1
      120013      230022   7.02476688E-03  -8.72745800               1
      120013      240023   5.22793643E-03  -9.16995716               1
      120013      250024   4.02720738E-03  -9.46921444               1
      120013      260025   3.13815894E-03  -9.68862247               1
      120013      270026   2.51705269E-03  -9.81935406               1
      120013      280027   2.04356085E-03  -9.89770889               1
      120013      290028   1.67513150E-03  -9.96906090               1
      120013      300029   1.39226019E-03  -10.0382042               1
      120013      310030   1.16747827E-03  -10.1096115               1
      120013      320031   9.84890503E-04  -10.2206326               1
      120013      330032   8.37375817E-04  -10.3224659               1
      130014       20001   6.60257833E-03  -6.36916256               1
      130014       30002   8.53864290E-03  -6.45236015               1
      130014       40003   1.13069955E-02  -6.45124626               1
      130014       50004   1.56838074E-02  -6.43896008               1
      130014       60005   2.26991270E-02  -6.40015984               1
      130014       70006   3.47793177E-02  -6.29560232               1
      130014       80007   5.78203201E-02  -6.12761402               1
      130014       90008  0.107238583      -5.83940029               1
      130014      100009  0.233891338      -5.49579811               1
      130014      110010  0.635847747      -5.25465631               1
      130014      120011   2.58002853      -5.20939684               1
      130014      160015   2.62887740      -5.03705597               1
      130014      170016  0.660661340      -4.97591543               1
      130014      180017  0.235121295      -5.16174936               1
      130014      190018   9.90084186E-02  -5.54073143               1
      130014      200019   4.72181439E-02  -6.11940575               1
      130014      210020   2.52095144E-02  -6.85608768               1
      130014      220021   1.51602952E-02  -7.67288065               1
      130014      230022   9.97289363E-03  -8.38305950               1
      130014      240023   7.01421080E-03  -8.94234753               1
      130014      250024   5.18704997E-03  -9.31596756               1
      130014      260025   3.91855463E-03  -9.58179474               1
      130014      270026   3.06643429E-03  -9.74195004               1
      130014      280027   2.44047912E-03  -9.83714771               1
      130014      290028   1.96799147E-03  -9.91674232               1
      130014      300029   1.61284162E-03  -9.98807240               1
      130014      310030   1.33640564E-03  -10.0559759               1
      130014      320031   1.11567066E-03  -10.1581039               1
      130014      330032   9.39923688E-04  -10.2470770               1
      140015       20001   4.46199626E-03  -7.23101902               1
      140015       30002   5.65144885E-03  -7.30316162               1
      140015       40003   7.29210488E-03  -7.29095364               1
      140015       50004   9.79751814E-03  -7.26906395               1
      140015       60005   1.36232730E-02  -7.21661139               1
      140015       70006   1.98547374E-02  -7.08516407               1
      140015       80007   3.09610497E-02  -6.86748123               1
      140015       90008   5.26697189E-02  -6.48949862               1
      140015      100009  0.101669639      -5.99024200               1
      140015      110010  0.229521036      -5.50692129               1
      140015      120011  0.647738695      -5.14705849               1
      140015      130012   2.59677601      -5.11314201               1
      140015      170016   2.61038375      -5.00848198               1
      140015      180017  0.659182429      -4.98281145               1
      140015      190018  0.234840482      -5.15138960               1
      140015      200019   9.91643369E-02  -5.56564331               1
      140015      210020   4.74850312E-02  -6.21703243               1
      140015      220021   2.58021168E-02  -7.05609989               1
      140015      230022   1.56048853E-02  -7.85051537               1
      140015      240023   1.03059011E-02  -8.49210072               1
      140015      250024   7.27990083E-03  -8.92253494               1
      140015      260025   5.31389518E-03  -9.22205830               1
      140015      270026   4.04924667E-03  -9.39906216               1
      140015      280027   3.15674813E-03  -9.49686432               1
      140015      290028   2.50480766E-03  -9.56809521               1
      140015      300029   2.02623080E-03  -9.62189007               1
      140015      310030   1.66176364E-03  -9.66417217               1
      140015      320031   1.37586216E-03  -9.73282909               1
      140015      330032   1.15156185E-03  -9.78236866               1
      150016       20001   3.13703553E-03  -8.01325226               1
      150016       30002   3.90609051E-03  -8.07145500               1
      150016       40003   4.93267272E-03  -8.04805470               1
      150016       50004   6.45210221E-03  -8.02016449               1
      150016       60005   8.67104344E-03  -7.96363211               1
      150016       70006   1.21084526E-02  -7.82358932               1
      150016       80007   1.78845320E-02  -7.58619308               1
      150016       90008   2.83374228E-02  -7.16457319               1
      150016      100009   4.97452207E-02  -6.57360268               1
      150016      110010   9.87132415E-02  -5.92219162               1
      150016      120011  0.231425196      -5.32031775               1
      150016      130012  0.653037846      -5.02286291               1
      150016      140013   2.62895918      -5.03698015               1
      150016      180017   2.60432076      -5.02718973               1
      150016      190018  0.657946348      -4.98106956               1
      150016      200019  0.234418601      -5.18479872               1
      150016      210020   9.90474746E-02  -5.66672421               1
      150016      220021   4.82220575E-02  -6.42050695               1
      150016      230022   2.66013592E-02  -7.21235037               1
      150016      240023   1.63671132E-02  -7.88612604               1
      150016      250024   1.09692374E-02  -8.34798336               1
      150016      260025   7.69510074E-03  -8.66813755               1
      150016      270026   5.68636740E-03  -8.85482597               1
      150016      280027   4.32926742E-03  -8.95059872               1
      150016      290028   3.37316608E-03  -9.00978470               1
      150016      300029   2.68979650E-03  -9.04242325               1
      150016      310030   2.18180171E-03  -9.05542850               1
      150016      320031   1.79105741E-03  -9.08693695               1
      150016      330032   1.48939528E-03  -9.09361649               1
      160017       20001   2.29540258E-03  -8.72337723               1
      160017       30002   2.81994021E-03  -8.76135254               1
      160017       40003   3.50016798E-03  -8.72269917               1
      160017       50004   4.47970070E-03  -8.68774223               1
      160017       60005   5.85370371E-03  -8.63126564               1
      160017       70006   7.88773969E-03  -8.49515724               1
      160017       80007   1.11295683E-02  -8.26261425               1
      160017       90008   1.66080520E-02  -7.83940363               1
      160017      100009   2.69393194E-02  -7.22075796               1
      160017      110010   4.82201241E-02  -6.48221397               1
      160017      120011   9.90630984E-02  -5.71269846               1
      160017      130012  0.233769879      -5.18983555               1
      160017      140013  0.660733521      -4.97564936               1
      160017      150014   2.61040974      -5.00845480               1
      160017      190018   2.61575818      -5.01544094               1
      160017      200019  0.655659318      -5.00318527               1
      160017      210020  0.232454881      -5.26539946               1
      160017      220021   9.92474705E-02  -5.85155630               1
      160017      230022   4.92822230E-02  -6.55863380               1
      160017      240023   2.79605668E-02  -7.20800734               1
      160017      250024   1.76325012E-02  -7.66967535               1
      160017      260025   1.18071819E-02  -7.99502516               1
      160017      270026   8.41320772E-03  -8.18594360               1
      160017      280027   6.22639665E-03  -8.28008175               1
      160017      290028   4.74605104E-03  -8.33112812               1
      160017      300029   3.71935475E-03  -8.34878731               1
      160017      310030   2.97668902E-03  -8.34003925               1
      160017      320031   2.41803098E-03  -8.34308434               1
      160017      330032   1.99454697E-03  -8.31671143               1
      170018       20001   1.72904902E-03  -9.34694958               1
      170018       30002   2.10183021E-03  -9.35721684               1
      170018       40003   2.57313484E-03  -9.29729271               1
      170018       50004   3.23570031E-03  -9.25108051               1
      170018       60005   4.13207011E-03  -9.19383812               1
      170018       70006   5.40555548E-03  -9.06695938               1
      170018       80007   7.33953202E-03  -8.85435009               1
      170018       90008   1.04069496E-02  -8.46068096               1
      170018      100009   1.57709867E-02  -7.86956072               1
      170018      110010   2.58372240E-02  -7.12517214               1
      170018      120011   4.76030409E-02  -6.27588463               1
      170018      130012   9.88875180E-02  -5.58758354               1
      170018      140013  0.235169858      -5.16130114               1
      170018      150014  0.659192085      -4.98280096               1
      170018      160015   2.60430765      -5.02721119               1
      170018      200019   2.60151887      -5.05933809               1
      170018      210020  0.649585366      -5.07296324               1
      170018      220021  0.230494469      -5.42176580               1
      170018      230022  0.100397356      -5.96194220               1
      170018      240023   5.16849458E-02  -6.52041626               1
      170018      250024   3.03270631E-02  -6.93845081               1
      170018      260025   1.92191135E-02  -7.24354315               1
      170018      270026   1.31113008E-02  -7.42597342               1
      170018      280027   9.37546231E-03  -7.51430273               1
      170018      290028   6.95599476E-03  -7.55879354               1
      170018      300029   5.33415982E-03  -7.56695747               1
      170018      310030   4.19687899E-03  -7.54429436               1
      170018      320031   3.36306752E-03  -7.52835083               1
      170018      330032   2.74426863E-03  -7.47968817               1
      180019       20001   1.37195620E-03  -9.79196930               1
      180019       30002   1.65194715E-03  -9.77331638               1
      180019       40003   1.99787063E-03  -9.69138527               1
      180019       50004   2.47400021E-03  -9.63354206               1
      180019       60005   3.09731951E-03  -9.57613182               1
      180019       70006   3.95029457E-03  -9.46170330               1
      180019       80007   5.18919202E-03  -9.27776241               1
      180019       90008   7.03881169E-03  -8.93383598               1
      180019      100009   1.00447256E-02  -8.41240406               1
      180019      110010   1.51896821E-02  -7.73700762               1
      180019      120011   2.53397953E-02  -6.90620947               1
      180019      130012   4.71432880E-02  -6.13435459               1
      180019      140013   9.90195125E-02  -5.54047298               1
      180019      150014  0.234814376      -5.15168810               1
      180019      160015  0.657893598      -4.98128271               1
      180019      170016   2.61569571      -5.01550817               1
      180019      210020   2.59244943      -5.16783810               1
      180019      220021  0.641452670      -5.21598148               1
      180019      230022  0.231839180      -5.51202297               1
      180019      240023  0.105434157      -5.90841150               1
      180019      250024   5.66931404E-02  -6.22998571               1
      180019      260025   3.36716846E-02  -6.47916412               1
      180019      270026   2.18320191E-02  -6.63058424               1
      180019      280027   1.49929337E-02  -6.70026684               1
      180019      290028   1.07720876E-02  -6.73264456               1
      180019      300029   8.04725382E-03  -6.73099661               1
      180019      310030   6.20102976E-03  -6.69769430               1
      180019      320031   4.88584116E-03  -6.66849184               1
      180019      330032   3.93293472E-03  -6.60508537               1
      190020       20001   1.16955931E-03  -9.94541740               1
      190020       30002   1.39365194E-03  -9.91251850               1
      190020       40003   1.66449754E-03  -9.82219982               1
      190020       50004   2.03050044E-03  -9.76483154               1
      190020       60005   2.49538943E-03  -9.71789932               1
      190020       70006   3.11037851E-03  -9.62555027               1
      190020       80007   3.96819552E-03  -9.48061752               1
      190020       90008   5.17764874E-03  -9.20183754               1
      190020      100009   7.00726127E-03  -8.78076649               1
      190020      110010   9.85402521E-03  -8.23861980               1
      190020      120011   1.49692558E-02  -7.53441143               1
      190020      130012   2.50700135E-02  -6.79707813               1
      190020      140013   4.71886508E-02  -6.12044001               1
      190020      150014   9.90921706E-02  -5.56720972               1
      190020      160015  0.234308541      -5.18583107               1
      190020      170016  0.655524850      -5.00363541               1
      190020      180017   2.60138178      -5.05944920               1
      190020      220021   2.56773019      -5.23956251               1
      190020      230022  0.638899386      -5.22173834               1
      190020      240023  0.241212502      -5.39573574               1
      190020      250024  0.115462996      -5.57444334               1
      190020      260025   6.32872134E-02  -5.73583841               1
      190020      270026   3.86346355E-02  -5.83555651               1
      190020      280027   2.53104120E-02  -5.87357998               1
      190020      290028   1.75162181E-02  -5.88674545               1
      190020      300029   1.26895737E-02  -5.87267351               1
      190020      310030   9.53936297E-03  -5.82943201               1
      190020      320031   7.36505305E-03  -5.78995609               1
      190020      330032   5.83099760E-03  -5.71646690               1
      200021       20001   1.07802602E-03  -9.79223728               1
      200021       30002   1.26904692E-03  -9.76748657               1
      200021       40003   1.49497029E-03  -9.68892479               1
      200021       50004   1.79557351E-03  -9.64933300               1
      200021       60005   2.16684747E-03  -9.62699127               1
      200021       70006   2.64342409E-03  -9.56715488               1
      200021       80007   3.28487670E-03  -9.46824837               1
      200021       90008   4.14278544E-03  -9.25971699               1
      200021      100009   5.35470387E-03  -8.94808769               1
      200021      110010   7.06224097E-03  -8.56994915               1
      200021      120011   9.83766653E-03  -8.07318306               1
      200021      130012   1.48706054E-02  -7.49809647               1
      200021      140013   2.51524169E-02  -6.85943413               1
      200021      150014   4.73733358E-02  -6.22201824               1
      200021      160015   9.88797769E-02  -5.67037725               1
      200021      170016  0.232240424      -5.26726532               1
      200021      180017  0.649345338      -5.07364273               1
      200021      190018   2.59223104      -5.16800117               1
      200021      230022   2.56854534      -5.17848682               1
      200021      240023  0.652894139      -5.10569000               1
      200021      250024  0.259179056      -5.10558558               1
      200021      260025  0.126904175      -5.15320683               1
      200021      270026   7.16972500E-02  -5.18497992               1
      200021      280027   4.43538390E-02  -5.18064260               1
      200021      290028   2.93638743E-02  -5.16768646               1
      200021      300029   2.05201097E-02  -5.13710451               1
      200021      310030   1.49842724E-02  -5.08209610               1
      200021      320031   1.12948762E-02  -5.03211927               1
      200021      330032   8.76748096E-03  -4.94955683               1
      210022       20001   1.04065496E-03  -9.60650253               1
      210022       30002   1.21012621E-03  -9.59613991               1
      210022       40003   1.40655192E-03  -9.53390408               1
      210022       50004   1.66479731E-03  -9.51438427               1
      210022       60005   1.97604136E-03  -9.51595402               1
      210022       70006   2.36574444E-03  -9.48418140               1
      210022       80007   2.87538208E-03  -9.42172813               1
      210022       90008   3.52734770E-03  -9.26678562               1
      210022      100009   4.39540576E-03  -9.03985119               1
      210022      110010   5.50823379E-03  -8.79961967               1
      210022      120011   7.14261830E-03  -8.51060963               1
      210022      130012   9.86286998E-03  -8.16228294               1
      210022      140013   1.50979301E-02  -7.67499304               1
      210022      150014   2.56725885E-02  -7.06617403               1
      210022      160015   4.80185300E-02  -6.42985821               1
      210022      170016   9.89749506E-02  -5.85710049               1
      210022      180017  0.230172336      -5.42411137               1
      210022      190018  0.641128182      -5.21671867               1
      210022      200019   2.56746912      -5.23968601               1
      210022      240023   2.59179902      -5.08986712               1
      210022      250024  0.671843588      -4.97072697               1
      210022      260025  0.270882368      -4.90412664               1
      210022      270026  0.136358663      -4.86672640               1
      210022      280027   7.80769587E-02  -4.81910658               1
      210022      290028   4.88803536E-02  -4.77919340               1
      210022      300029   3.27021852E-02  -4.73126221               1
      210022      310030   2.30695959E-02  -4.66370010               1
      210022      320031   1.69048738E-02  -4.60248804               1
      210022      330032   1.28212292E-02  -4.51026583               1
      220023       20001   9.82399564E-04  -9.60092068               1
      220023       30002   1.13118743E-03  -9.59435844               1
      220023       40003   1.30073784E-03  -9.53721046               1
      220023       50004   1.52169995E-03  -9.52539158               1
      220023       60005   1.78279413E-03  -9.53682804               1
      220023       70006   2.10349238E-03  -9.51694202               1
      220023       80007   2.51396094E-03  -9.47077751               1
      220023       90008   3.02134035E-03  -9.34185028               1
      220023      100009   3.66646540E-03  -9.15961838               1
      220023      110010   4.42991871E-03  -8.99997997               1
      220023      120011   5.45365922E-03  -8.85098362               1
      220023      130012   7.03048240E-03  -8.68990803               1
      220023      140013   9.92986746E-03  -8.37514591               1
      220023      150014   1.54901119E-02  -7.86416864               1
      220023      160015   2.64046453E-02  -7.23026800               1
      220023      170016   4.90055270E-02  -6.57123899               1
      220023      180017  0.100057974      -5.96792412               1
      220023      190018  0.231482655      -5.51394844               1
      220023      200019  0.638593018      -5.22198009               1
      220023      210020   2.56836009      -5.17842007               1
      220023      250024   2.59497094      -5.00851488               1
      220023      260025  0.668460429      -4.92089415               1
      220023      270026  0.273446620      -4.84169245               1
      220023      280027  0.138533160      -4.76449490               1
      220023      290028   8.00261647E-02  -4.70567417               1
      220023      300029   5.05064875E-02  -4.64522409               1
      220023      310030   3.40878926E-02  -4.56751347               1
      220023      320031   2.41125245E-02  -4.49573803               1
      220023      330032   1.77732166E-02  -4.39344692               1
      230024       20001   9.03907639E-04  -9.75187588               1
      230024       30002   1.03264500E-03  -9.74110126               1
      230024       40003   1.17725926E-03  -9.68067646               1
      230024       50004   1.36449130E-03  -9.66754913               1
      230024       60005   1.58218073E-03  -9.67894173               1
      230024       70006   1.84558716E-03  -9.65995121               1
      230024       80007   2.17731972E-03  -9.61681557               1
      230024       90008   2.57666735E-03  -9.49600410               1
      230024      100009   3.06687923E-03  -9.33185196               1
      230024      110010   3.61036952E-03  -9.21076107               1
      230024      120011   4.28522006E-03  -9.13904095               1
      230024      130012   5.25972899E-03  -9.09714222               1
      230024      140013   7.00019905E-03  -8.91368389               1
      230024      150014   1.02218948E-02  -8.50319004               1
      230024      160015   1.62015259E-02  -7.91183996               1
      230024      170016   2.77137216E-02  -7.22958660               1
      230024      180017   5.13725206E-02  -6.53174257               1
      230024      190018  0.105099089      -5.91185904               1
      230024      200019  0.240921512      -5.39547205               1
      230024      210020  0.652721643      -5.10485172               1
      230024      220021   2.59176254      -5.08957195               1
      230024      260025   2.58893585      -4.96855450               1
      230024      270026  0.666069448      -4.93224049               1
      230024      280027  0.270674348      -4.86159754               1
      230024      290028  0.137296826      -4.80449247               1
      230024      300029   7.94885680E-02  -4.74456215               1
      230024      310030   5.04600778E-02  -4.66452789               1
      230024      320031   3.40629034E-02  -4.58663034               1
      230024      330032   2.42000800E-02  -4.47667885               1
      240025       20001   8.26248783E-04  -9.86122513               1
      240025       30002   9.37441771E-04  -9.84763241               1
      240025       40003   1.06074626E-03  -9.78498936               1
      240025       50004   1.21958321E-03  -9.77104568               1
      240025       60005   1.40167202E-03  -9.78226757               1
      240025       70006   1.61927566E-03  -9.76325989               1
      240025       80007   1.88981835E-03  -9.72089958               1
      240025       90008   2.20852322E-03  -9.60344982               1
      240025      100009   2.58882111E-03  -9.44790840               1
      240025      110010   2.98766559E-03  -9.34692287               1
      240025      120011   3.45105142E-03  -9.31915474               1
      240025      130012   4.08562273E-03  -9.35056782               1
      240025      140013   5.20346873E-03  -9.25577736               1
      240025      150014   7.23026413E-03  -8.92328835               1
      240025      160015   1.08415866E-02  -8.37839031               1
      240025      170016   1.74262803E-02  -7.70061111               1
      240025      180017   3.00564915E-02  -6.95641661               1
      240025      190018   5.63979335E-02  -6.23522472               1
      240025      200019  0.115207486      -5.57263613               1
      240025      210020  0.259038657      -5.10244560               1
      240025      220021  0.671841085      -4.96900463               1
      240025      230022   2.59503245      -5.00810909               1
      240025      270026   2.59095454      -4.98198128               1
      240025      280027  0.662350237      -4.94847202               1
      240025      290028  0.268305838      -4.91223669               1
      240025      300029  0.135704264      -4.86699104               1
      240025      310030   7.88114294E-02  -4.79391575               1
      240025      320031   4.99091484E-02  -4.71559811               1
      240025      330032   3.37825865E-02  -4.60148525               1
      250026       20001   7.43784360E-04  -9.93997383               1
      250026       30002   8.38901382E-04  -9.92370033               1
      250026       40003   9.43150488E-04  -9.85886192               1
      250026       50004   1.07689237E-03  -9.84387589               1
      250026       60005   1.22828910E-03  -9.85450172               1
      250026       70006   1.40727102E-03  -9.83482933               1
      250026       80007   1.62740122E-03  -9.79210472               1
      250026       90008   1.88190583E-03  -9.67579556               1
      250026      100009   2.17832951E-03  -9.52446079               1
      250026      110010   2.47399346E-03  -9.43472385               1
      250026      120011   2.79707997E-03  -9.43383789               1
      250026      130012   3.21961241E-03  -9.51267815               1
      250026      140013   3.96298571E-03  -9.47848320               1
      250026      150014   5.29821729E-03  -9.20358658               1
      250026      160015   7.60763232E-03  -8.69874001               1
      250026      170016   1.16469376E-02  -8.03470516               1
      250026      180017   1.89989060E-02  -7.26929379               1
      250026      190018   3.34274806E-02  -6.48679876               1
      250026      200019   6.30794019E-02  -5.73158979               1
      250026      210020  0.126806751      -5.14581966               1
      250026      220021  0.270922840      -4.89902210               1
      250026      230022  0.668573737      -4.91880703               1
      250026      240023   2.58904505      -4.96816778               1
      250026      280027   2.57936573      -4.99833632               1
      250026      290028  0.657952905      -4.99042988               1
      250026      300029  0.265174538      -4.97193146               1
      250026      310030  0.134362549      -4.91720724               1
      250026      320031   7.77032450E-02  -4.84713507               1
      250026      330032   4.92825620E-02  -4.73517323               1
      260027       20001   6.84495026E-04  -9.84970284               1
      260027       30002   7.67321908E-04  -9.84013081               1
      260027       40003   8.57025967E-04  -9.78220367               1
      260027       50004   9.71751870E-04  -9.77486897               1
      260027       60005   1.10001746E-03  -9.79323292               1
      260027       70006   1.25013897E-03  -9.78065586               1
      260027       80007   1.43300171E-03  -9.74469471               1
      260027       90008   1.64073799E-03  -9.63589096               1
      260027      100009   1.87732396E-03  -9.49389172               1
      260027      110010   2.10190401E-03  -9.41825104               1
      260027      120011   2.33270018E-03  -9.44266319               1
      260027      130012   2.62210169E-03  -9.56139469               1
      260027      140013   3.13754287E-03  -9.57619953               1
      260027      150014   4.06428659E-03  -9.34832096               1
      260027      160015   5.63387712E-03  -8.87886333               1
      260027      170016   8.29164591E-03  -8.23269081               1
      260027      180017   1.29317101E-02  -7.46069098               1
      260027      190018   2.16259975E-02  -6.64202118               1
      260027      200019   3.84572484E-02  -5.82885599               1
      260027      210020   7.16189593E-02  -5.17179966               1
      260027      220021  0.136410862      -4.85605192               1
      260027      230022  0.273575515      -4.83598137               1
      260027      240023  0.666204214      -4.93032694               1
      260027      250024   2.59105778      -4.98165560               1
      260027      290028   2.57510114      -5.02919340               1
      260027      300029  0.657981873      -5.01999521               1
      260027      310030  0.266483635      -4.98248148               1
      260027      320031  0.134667248      -4.92576790               1
      260027      330032   7.80739486E-02  -4.82194471               1
      270028       20001   6.31333271E-04  -9.66123295               1
      270028       30002   7.03683356E-04  -9.66226959               1
      270028       40003   7.81140465E-04  -9.61513138               1
      270028       50004   8.79976607E-04  -9.61919785               1
      270028       60005   9.89172491E-04  -9.64900684               1
      270028       70006   1.11580279E-03  -9.64712906               1
      270028       80007   1.26873597E-03  -9.62137222               1
      270028       90008   1.43964484E-03  -9.52322102               1
      270028      100009   1.63026608E-03  -9.39309883               1
      270028      110010   1.80250313E-03  -9.33280468               1
      270028      120011   1.96861778E-03  -9.38099766               1
      270028      130012   2.16870033E-03  -9.53419209               1
      270028      140013   2.53435178E-03  -9.58948421               1
      270028      150014   3.19840480E-03  -9.39987183               1
      270028      160015   4.30763327E-03  -8.95991802               1
      270028      170016   6.13947818E-03  -8.33086014               1
      270028      180017   9.23250895E-03  -7.55846882               1
      270028      190018   1.48210451E-02  -6.71714926               1
      270028      200019   2.51586176E-02  -5.86522913               1
      270028      210020   4.42875102E-02  -5.16086292               1
      270028      220021   7.81304091E-02  -4.80093718               1
      270028      230022  0.138665155      -4.75295591               1
      270028      240023  0.270823002      -4.85638285               1
      270028      250024  0.662479401      -4.94685650               1
      270028      260025   2.57944131      -4.99808455               1
      270028      300029   2.58181977      -5.06393242               1
      270028      310030  0.657156229      -5.02239752               1
      270028      320031  0.265603811      -4.97629023               1
      270028      330032  0.134744793      -4.88440466               1
      280029       20001   5.83135581E-04  -9.42762566               1
      280029       30002   6.46502129E-04  -9.44128895               1
      280029       40003   7.13585294E-04  -9.40699673               1
      280029       50004   7.99050846E-04  -9.42449760               1
      280029       60005   8.92406504E-04  -9.46783829               1
      280029       70006   9.99751384E-04  -9.47878742               1
      280029       80007   1.12840603E-03  -9.46536350               1
      280029       90008   1.26997277E-03  -9.37990952               1
      280029      100009   1.42477802E-03  -9.26344490               1
      280029      110010   1.55780569E-03  -9.21958256               1
      280029      120011   1.67764432E-03  -9.29098606               1
      280029      130012   1.81626366E-03  -9.47559357               1
      280029      140013   2.08017766E-03  -9.56616974               1
      280029      150014   2.56840000E-03  -9.40901089               1
      280029      160015   3.37758660E-03  -8.99408054               1
      280029      170016   4.68895677E-03  -8.38063622               1
      280029      180017   6.84492337E-03  -7.61098099               1
      280029      190018   1.06297908E-02  -6.75553036               1
      280029      200019   1.73854902E-02  -5.87729216               1
      280029      210020   2.93041356E-02  -5.14061594               1
      280029      220021   4.89277951E-02  -4.75159931               1
      280029      230022   8.01522136E-02  -4.68580151               1
      280029      240023  0.137450337      -4.79357290               1
      280029      250024  0.268454134      -4.90756512               1
      280029      260025  0.658062220      -4.98905325               1
      280029      270026   2.57518721      -5.02895498               1
      280029      310030   2.59214687      -5.03927040               1
      280029      320031  0.656153440      -5.00111341               1
      280029      330032  0.265917838      -4.92921352               1
      290030       20001   5.45764342E-04  -9.11633205               1
      290030       30002   6.01866166E-04  -9.14658165               1
      290030       40003   6.60582096E-04  -9.12912750               1
      290030       50004   7.35332607E-04  -9.16403770               1
      290030       60005   8.16056330E-04  -9.22492218               1
      290030       70006   9.08124726E-04  -9.25267696               1
      290030       80007   1.01769622E-03  -9.25552845               1
      290030       90008   1.13642879E-03  -9.18669128               1
      290030      100009   1.26373279E-03  -9.08770943               1
      290030      110010   1.36734510E-03  -9.06385994               1
      290030      120011   1.45355321E-03  -9.16133881               1
      290030      130012   1.54888979E-03  -9.37886524               1
      290030      140013   1.74215459E-03  -9.50457096               1
      290030      150014   2.10984494E-03  -9.37851429               1
      290030      160015   2.71765445E-03  -8.98711681               1
      290030      170016   3.68884532E-03  -8.38879681               1
      290030      180017   5.25126141E-03  -7.62374020               1
      290030      190018   7.93074444E-03  -6.75923347               1
      290030      200019   1.25762951E-02  -5.86210442               1
      290030      210020   2.04633325E-02  -5.10179758               1
      290030      220021   3.27390544E-02  -4.69197512               1
      290030      230022   5.06200194E-02  -4.61391926               1
      290030      240023   7.96383396E-02  -4.72466564               1
      290030      250024  0.135861814      -4.85642385               1
      290030      260025  0.265307635      -4.96750975               1
      290030      270026  0.658102214      -5.01855516               1
      290030      280027   2.58190989      -5.06365824               1
      290030      320031   2.58875680      -4.99634266               1
      290030      330032  0.663766026      -4.94431639               1
      300031       20001   5.14165498E-04  -8.75332832               1
      300031       30002   5.64135902E-04  -8.80191422               1
      300031       40003   6.15836878E-04  -8.80313873               1
      300031       50004   6.81659672E-04  -8.85734844               1
      300031       60005   7.51942920E-04  -8.93777180               1
      300031       70006   8.31489335E-04  -8.98441410               1
      300031       80007   9.25554428E-04  -9.00570011               1
      300031       90008   1.02595787E-03  -8.95568848               1
      300031      100009   1.13152433E-03  -8.87639332               1
      300031      110010   1.21252507E-03  -8.87460899               1
      300031      120011   1.27377757E-03  -8.99966335               1
      300031      130012   1.33798621E-03  -9.25059700               1
      300031      140013   1.48080685E-03  -9.41069317               1
      300031      150014   1.76307233E-03  -9.31401539               1
      300031      160015   2.23063817E-03  -8.94406700               1
      300031      170016   2.97039025E-03  -8.35916042               1
      300031      180017   4.14021080E-03  -7.59840345               1
      300031      190018   6.10951986E-03  -6.72687149               1
      300031      200019   9.44474619E-03  -5.81465340               1
      300031      210020   1.49342231E-02  -5.03531694               1
      300031      220021   2.31016036E-02  -4.60863543               1
      300031      230022   3.41948383E-02  -4.52000093               1
      300031      240023   5.06115407E-02  -4.63065290               1
      300031      250024   7.89837688E-02  -4.77279902               1
      300031      260025  0.134526342      -4.90601206               1
      300031      270026  0.266648412      -4.97732401               1
      300031      280027  0.657301605      -5.02055597               1
      300031      290028   2.59225082      -5.03890133               1
      300031      330032   2.58728266      -4.98475933               1
      310032       20001   4.88544407E-04  -8.38627434               1
      310032       30002   5.33331593E-04  -8.45377636               1
      310032       40003   5.79122221E-04  -8.47434616               1
      310032       50004   6.37473830E-04  -8.54860497               1
      310032       60005   6.99065567E-04  -8.64941692               1
      310032       70006   7.68257305E-04  -8.71589184               1
      310032       80007   8.49594944E-04  -8.75663280               1
      310032       90008   9.35092627E-04  -8.72653294               1
      310032      100009   1.02319370E-03  -8.66801739               1
      310032      110010   1.08640734E-03  -8.68930054               1
      310032      120011   1.12859346E-03  -8.84259319               1
      310032      130012   1.16967747E-03  -9.12698078               1
      310032      140013   1.27529411E-03  -9.32074833               1
      310032      150014   1.49493723E-03  -9.25196266               1
      310032      160015   1.86114467E-03  -8.90145969               1
      310032      170016   2.43678759E-03  -8.32783985               1
      310032      180017   3.33463657E-03  -7.56978750               1
      310032      190018   4.82364651E-03  -6.69089651               1
      310032      200019   7.29728024E-03  -5.76428938               1
      310032      210020   1.12651689E-02  -4.96704245               1
      310032      220021   1.69511419E-02  -4.52407789               1
      310032      230022   2.42353566E-02  -4.42383909               1
      310032      240023   3.42400447E-02  -4.53037977               1
      310032      250024   5.01214378E-02  -4.67587614               1
      310032      260025   7.79242367E-02  -4.82210875               1
      310032      270026  0.134905845      -4.91129494               1
      310032      280027  0.265837401      -4.96905422               1
      310032      290028  0.656356394      -4.99835014               1
      310032      300029   2.58894253      -4.99570227               1
      320033       20001   4.72832675E-04  -7.93298864               1
      320033       30002   5.13484410E-04  -8.02207088               1
      320033       40003   5.54513943E-04  -8.06479263               1
      320033       50004   6.06910966E-04  -8.16204071               1
      320033       60005   6.61543163E-04  -8.28633308               1
      320033       70006   7.22463010E-04  -8.37581158               1
      320033       80007   7.93682761E-04  -8.43927288               1
      320033       90008   8.67340306E-04  -8.43248940               1
      320033      100009   9.41611943E-04  -8.39832115               1
      320033      110010   9.90746310E-04  -8.44646168               1
      320033      120011   1.01801113E-03  -8.63201809               1
      320033      130012   1.04142516E-03  -8.95388985               1
      320033      140013   1.11926883E-03  -9.18477917               1
      320033      150014   1.29287422E-03  -9.14623737               1
      320033      160015   1.58568099E-03  -8.81638813               1
      320033      170016   2.04444095E-03  -8.25441837               1
      320033      180017   2.75225751E-03  -7.49922228               1
      320033      190018   3.91216204E-03  -6.61358833               1
      320033      200019   5.80872316E-03  -5.67366123               1
      320033      210020   8.78630020E-03  -4.85971069               1
      320033      220021   1.29204774E-02  -4.40121174               1
      320033      230022   1.79585274E-02  -4.28903246               1
      320033      240023   2.44545992E-02  -4.38926506               1
      320033      250024   3.40909697E-02  -4.53404760               1
      320033      260025   4.96213771E-02  -4.68743896               1
      320033      270026   7.84548074E-02  -4.79003048               1
      320033      280027  0.135144114      -4.86496305               1
      320033      290028  0.266307801      -4.91905212               1
      320033      300029  0.664171875      -4.94006300               1
      320033      310030   2.58763313      -4.98370934               1
