    783      3     43
      8    728      4
     12     26      2
     11     82      2
     17   -3.25000       0.000000
     18   -3.00000       0.000000
     16   -2.75000       0.000000
     45   -2.50000       0.000000
     44   -2.25000       0.000000
     43   -2.00000       0.000000
     19   -1.75000       0.000000
     46   -1.50000       0.000000
     15   -1.25000       0.000000
     42   -1.00000       0.000000
     73  -0.750000       0.000000
     72  -0.500000       0.000000
     71  -0.250000       0.000000
     70   0.000000       0.000000
     69   0.250000       0.000000
     20   0.500000       0.000000
     47   0.750000       0.000000
     74    1.00000       0.000000
     14    1.25000       0.000000
     41    1.50000       0.000000
     68    1.75000       0.000000
    101    2.00000       0.000000
    100    2.25000       0.000000
     99    2.50000       0.000000
     98    2.75000       0.000000
     97    3.00000       0.000000
     96    3.25000       0.000000
     95   -3.25000      -0.250000
     21   -3.00000      -0.250000
     48   -2.75000      -0.250000
     75   -2.50000      -0.250000
    102   -2.25000      -0.250000
     13   -2.00000      -0.250000
     40   -1.75000      -0.250000
     67   -1.50000      -0.250000
     94   -1.25000      -0.250000
    129   -1.00000      -0.250000
    128  -0.750000      -0.250000
    127  -0.500000      -0.250000
    126  -0.250000      -0.250000
    125   0.000000      -0.250000
    124   0.250000      -0.250000
    123   0.500000      -0.250000
    122   0.750000      -0.250000
    121    1.00000      -0.250000
     22    1.25000      -0.250000
     49    1.50000      -0.250000
     76    1.75000      -0.250000
    103    2.00000      -0.250000
    130    2.25000      -0.250000
     12    2.50000      -0.250000
     39    2.75000      -0.250000
     66    3.00000      -0.250000
     93    3.25000      -0.250000
    120   -3.25000      -0.500000
    157   -3.00000      -0.500000
    156   -2.75000      -0.500000
    155   -2.50000      -0.500000
    154   -2.25000      -0.500000
    153   -2.00000      -0.500000
    152   -1.75000      -0.500000
    151   -1.50000      -0.500000
    150   -1.25000      -0.500000
    149   -1.00000      -0.500000
    148  -0.750000      -0.500000
    147  -0.500000      -0.500000
     23  -0.250000      -0.500000
     50   0.000000      -0.500000
     77   0.250000      -0.500000
    104   0.500000      -0.500000
    131   0.750000      -0.500000
    158    1.00000      -0.500000
     11    1.25000      -0.500000
     38    1.50000      -0.500000
     65    1.75000      -0.500000
     92    2.00000      -0.500000
    119    2.25000      -0.500000
    146    2.50000      -0.500000
    185    2.75000      -0.500000
    184    3.00000      -0.500000
    183    3.25000      -0.500000
    182   -3.25000      -0.750000
    181   -3.00000      -0.750000
    180   -2.75000      -0.750000
    179   -2.50000      -0.750000
    178   -2.25000      -0.750000
    177   -2.00000      -0.750000
    176   -1.75000      -0.750000
    175   -1.50000      -0.750000
    174   -1.25000      -0.750000
    173   -1.00000      -0.750000
     24  -0.750000      -0.750000
     51  -0.500000      -0.750000
     78  -0.250000      -0.750000
    105   0.000000      -0.750000
    132   0.250000      -0.750000
    159   0.500000      -0.750000
    186   0.750000      -0.750000
     10    1.00000      -0.750000
     37    1.25000      -0.750000
     64    1.50000      -0.750000
     91    1.75000      -0.750000
    118    2.00000      -0.750000
    145    2.25000      -0.750000
    172    2.50000      -0.750000
    213    2.75000      -0.750000
    212    3.00000      -0.750000
    211    3.25000      -0.750000
    210   -3.25000       -1.00000
    209   -3.00000       -1.00000
    208   -2.75000       -1.00000
    207   -2.50000       -1.00000
    206   -2.25000       -1.00000
    205   -2.00000       -1.00000
    204   -1.75000       -1.00000
    203   -1.50000       -1.00000
    202   -1.25000       -1.00000
    201   -1.00000       -1.00000
    200  -0.750000       -1.00000
    199  -0.500000       -1.00000
     25  -0.250000       -1.00000
     52   0.000000       -1.00000
     79   0.250000       -1.00000
    106   0.500000       -1.00000
    133   0.750000       -1.00000
    160    1.00000       -1.00000
    187    1.25000       -1.00000
    214    1.50000       -1.00000
      9    1.75000       -1.00000
     36    2.00000       -1.00000
     63    2.25000       -1.00000
     90    2.50000       -1.00000
    117    2.75000       -1.00000
    144    3.00000       -1.00000
    171    3.25000       -1.00000
    198   -3.25000       -1.25000
    241   -3.00000       -1.25000
    240   -2.75000       -1.25000
    239   -2.50000       -1.25000
    238   -2.25000       -1.25000
    237   -2.00000       -1.25000
    236   -1.75000       -1.25000
    235   -1.50000       -1.25000
    234   -1.25000       -1.25000
    233   -1.00000       -1.25000
    232  -0.750000       -1.25000
    231  -0.500000       -1.25000
    230  -0.250000       -1.25000
    229   0.000000       -1.25000
    228   0.250000       -1.25000
    227   0.500000       -1.25000
    226   0.750000       -1.25000
    225    1.00000       -1.25000
     26    1.25000       -1.25000
     53    1.50000       -1.25000
     80    1.75000       -1.25000
    107    2.00000       -1.25000
    134    2.25000       -1.25000
    161    2.50000       -1.25000
    188    2.75000       -1.25000
    215    3.00000       -1.25000
    242    3.25000       -1.25000
      8   -3.25000       -1.50000
     35   -3.00000       -1.50000
     62   -2.75000       -1.50000
     89   -2.50000       -1.50000
    116   -2.25000       -1.50000
    143   -2.00000       -1.50000
    170   -1.75000       -1.50000
    197   -1.50000       -1.50000
    224   -1.25000       -1.50000
    269   -1.00000       -1.50000
    268  -0.750000       -1.50000
    267  -0.500000       -1.50000
    266  -0.250000       -1.50000
    265   0.000000       -1.50000
    264   0.250000       -1.50000
    263   0.500000       -1.50000
    262   0.750000       -1.50000
    261    1.00000       -1.50000
    260    1.25000       -1.50000
    259    1.50000       -1.50000
    258    1.75000       -1.50000
    257    2.00000       -1.50000
    256    2.25000       -1.50000
    255    2.50000       -1.50000
    254    2.75000       -1.50000
    253    3.00000       -1.50000
    252    3.25000       -1.50000
    251   -3.25000       -1.75000
     27   -3.00000       -1.75000
     54   -2.75000       -1.75000
     81   -2.50000       -1.75000
    108   -2.25000       -1.75000
    135   -2.00000       -1.75000
    162   -1.75000       -1.75000
    189   -1.50000       -1.75000
    216   -1.25000       -1.75000
    243   -1.00000       -1.75000
    270  -0.750000       -1.75000
      7  -0.500000       -1.75000
     34  -0.250000       -1.75000
     61   0.000000       -1.75000
     88   0.250000       -1.75000
    115   0.500000       -1.75000
    142   0.750000       -1.75000
    169    1.00000       -1.75000
    196    1.25000       -1.75000
    223    1.50000       -1.75000
    250    1.75000       -1.75000
    297    2.00000       -1.75000
    296    2.25000       -1.75000
    295    2.50000       -1.75000
    294    2.75000       -1.75000
    293    3.00000       -1.75000
    292    3.25000       -1.75000
    291   -3.25000       -2.00000
    290   -3.00000       -2.00000
    289   -2.75000       -2.00000
    288   -2.50000       -2.00000
    287   -2.25000       -2.00000
    286   -2.00000       -2.00000
    285   -1.75000       -2.00000
    284   -1.50000       -2.00000
    283   -1.25000       -2.00000
    282   -1.00000       -2.00000
    281  -0.750000       -2.00000
    280  -0.500000       -2.00000
    279  -0.250000       -2.00000
    278   0.000000       -2.00000
    277   0.250000       -2.00000
      6   0.500000       -2.00000
     33   0.750000       -2.00000
     60    1.00000       -2.00000
     87    1.25000       -2.00000
    114    1.50000       -2.00000
    141    1.75000       -2.00000
    168    2.00000       -2.00000
    195    2.25000       -2.00000
    222    2.50000       -2.00000
    249    2.75000       -2.00000
    276    3.00000       -2.00000
    324    3.25000       -2.00000
    323   -3.25000       -2.25000
    322   -3.00000       -2.25000
    321   -2.75000       -2.25000
    320   -2.50000       -2.25000
    319   -2.25000       -2.25000
    318   -2.00000       -2.25000
    317   -1.75000       -2.25000
    316   -1.50000       -2.25000
    315   -1.25000       -2.25000
    314   -1.00000       -2.25000
    313  -0.750000       -2.25000
    312  -0.500000       -2.25000
    311  -0.250000       -2.25000
    310   0.000000       -2.25000
    309   0.250000       -2.25000
    308   0.500000       -2.25000
    307   0.750000       -2.25000
    306    1.00000       -2.25000
    305    1.25000       -2.25000
    304    1.50000       -2.25000
    303    1.75000       -2.25000
      5    2.00000       -2.25000
     32    2.25000       -2.25000
     59    2.50000       -2.25000
     86    2.75000       -2.25000
    113    3.00000       -2.25000
    140    3.25000       -2.25000
    167   -3.25000       -2.50000
    194   -3.00000       -2.50000
    221   -2.75000       -2.50000
    248   -2.50000       -2.50000
    275   -2.25000       -2.50000
    302   -2.00000       -2.50000
    351   -1.75000       -2.50000
    350   -1.50000       -2.50000
    349   -1.25000       -2.50000
    348   -1.00000       -2.50000
    347  -0.750000       -2.50000
    346  -0.500000       -2.50000
    345  -0.250000       -2.50000
    344   0.000000       -2.50000
    343   0.250000       -2.50000
    342   0.500000       -2.50000
    341   0.750000       -2.50000
    340    1.00000       -2.50000
    339    1.25000       -2.50000
    338    1.50000       -2.50000
    337    1.75000       -2.50000
    336    2.00000       -2.50000
    335    2.25000       -2.50000
    334    2.50000       -2.50000
    333    2.75000       -2.50000
    332    3.00000       -2.50000
    331    3.25000       -2.50000
    330   -3.25000       -2.75000
    329   -3.00000       -2.75000
      4   -2.75000       -2.75000
     31   -2.50000       -2.75000
     58   -2.25000       -2.75000
     85   -2.00000       -2.75000
    112   -1.75000       -2.75000
    139   -1.50000       -2.75000
    166   -1.25000       -2.75000
    193   -1.00000       -2.75000
    220  -0.750000       -2.75000
    247  -0.500000       -2.75000
    274  -0.250000       -2.75000
    301   0.000000       -2.75000
    328   0.250000       -2.75000
    378   0.500000       -2.75000
    377   0.750000       -2.75000
    376    1.00000       -2.75000
    375    1.25000       -2.75000
    374    1.50000       -2.75000
    373    1.75000       -2.75000
    372    2.00000       -2.75000
    371    2.25000       -2.75000
    370    2.50000       -2.75000
    369    2.75000       -2.75000
    368    3.00000       -2.75000
    367    3.25000       -2.75000
    366   -3.25000       -3.00000
    365   -3.00000       -3.00000
    364   -2.75000       -3.00000
    363   -2.50000       -3.00000
    362   -2.25000       -3.00000
    361   -2.00000       -3.00000
    360   -1.75000       -3.00000
    359   -1.50000       -3.00000
    358   -1.25000       -3.00000
    357   -1.00000       -3.00000
    356  -0.750000       -3.00000
    355  -0.500000       -3.00000
      3  -0.250000       -3.00000
     30   0.000000       -3.00000
     57   0.250000       -3.00000
     84   0.500000       -3.00000
    111   0.750000       -3.00000
    138    1.00000       -3.00000
    165    1.25000       -3.00000
    192    1.50000       -3.00000
    219    1.75000       -3.00000
    246    2.00000       -3.00000
    273    2.25000       -3.00000
    300    2.50000       -3.00000
    327    2.75000       -3.00000
    354    3.00000       -3.00000
    405    3.25000       -3.00000
    404   -3.25000       -3.25000
    403   -3.00000       -3.25000
    402   -2.75000       -3.25000
    401   -2.50000       -3.25000
    400   -2.25000       -3.25000
    399   -2.00000       -3.25000
    398   -1.75000       -3.25000
    397   -1.50000       -3.25000
    396   -1.25000       -3.25000
    395   -1.00000       -3.25000
    394  -0.750000       -3.25000
    393  -0.500000       -3.25000
    392  -0.250000       -3.25000
    391   0.000000       -3.25000
    390   0.250000       -3.25000
    389   0.500000       -3.25000
    388   0.750000       -3.25000
    387    1.00000       -3.25000
    386    1.25000       -3.25000
    385    1.50000       -3.25000
    384    1.75000       -3.25000
    383    2.00000       -3.25000
    382    2.25000       -3.25000
    381    2.50000       -3.25000
      2    2.75000       -3.25000
     29    3.00000       -3.25000
     56    3.25000       -3.25000
     83   -3.25000       -3.50000
    110   -3.00000       -3.50000
    137   -2.75000       -3.50000
    164   -2.50000       -3.50000
    191   -2.25000       -3.50000
    218   -2.00000       -3.50000
    245   -1.75000       -3.50000
    272   -1.50000       -3.50000
    299   -1.25000       -3.50000
    326   -1.00000       -3.50000
    353  -0.750000       -3.50000
    380  -0.500000       -3.50000
    432  -0.250000       -3.50000
    431   0.000000       -3.50000
    430   0.250000       -3.50000
    429   0.500000       -3.50000
    428   0.750000       -3.50000
    427    1.00000       -3.50000
    426    1.25000       -3.50000
    425    1.50000       -3.50000
    424    1.75000       -3.50000
    423    2.00000       -3.50000
    422    2.25000       -3.50000
    421    2.50000       -3.50000
    420    2.75000       -3.50000
    419    3.00000       -3.50000
    418    3.25000       -3.50000
    417   -3.25000       -3.75000
    416   -3.00000       -3.75000
    415   -2.75000       -3.75000
    414   -2.50000       -3.75000
    413   -2.25000       -3.75000
    412   -2.00000       -3.75000
    411   -1.75000       -3.75000
    410   -1.50000       -3.75000
    409   -1.25000       -3.75000
    408   -1.00000       -3.75000
    407  -0.750000       -3.75000
      1  -0.500000       -3.75000
     28  -0.250000       -3.75000
     55   0.000000       -3.75000
     82   0.250000       -3.75000
    109   0.500000       -3.75000
    136   0.750000       -3.75000
    163    1.00000       -3.75000
    190    1.25000       -3.75000
    217    1.50000       -3.75000
    244    1.75000       -3.75000
    271    2.00000       -3.75000
    298    2.25000       -3.75000
    325    2.50000       -3.75000
    352    2.75000       -3.75000
    379    3.00000       -3.75000
    406    3.25000       -3.75000
    459   -3.25000       -4.00000
    458   -3.00000       -4.00000
    457   -2.75000       -4.00000
    456   -2.50000       -4.00000
    455   -2.25000       -4.00000
    454   -2.00000       -4.00000
    453   -1.75000       -4.00000
    452   -1.50000       -4.00000
    451   -1.25000       -4.00000
    450   -1.00000       -4.00000
    449  -0.750000       -4.00000
    448  -0.500000       -4.00000
    447  -0.250000       -4.00000
    446   0.000000       -4.00000
    445   0.250000       -4.00000
    444   0.500000       -4.00000
    443   0.750000       -4.00000
    442    1.00000       -4.00000
    441    1.25000       -4.00000
    440    1.50000       -4.00000
    439    1.75000       -4.00000
    438    2.00000       -4.00000
    437    2.25000       -4.00000
    436    2.50000       -4.00000
    435    2.75000       -4.00000
    434    3.00000       -4.00000
    433    3.25000       -4.00000
    486   -3.25000       -4.25000
    485   -3.00000       -4.25000
    484   -2.75000       -4.25000
    483   -2.50000       -4.25000
    482   -2.25000       -4.25000
    481   -2.00000       -4.25000
    480   -1.75000       -4.25000
    479   -1.50000       -4.25000
    478   -1.25000       -4.25000
    477   -1.00000       -4.25000
    476  -0.750000       -4.25000
    475  -0.500000       -4.25000
    474  -0.250000       -4.25000
    473   0.000000       -4.25000
    472   0.250000       -4.25000
    471   0.500000       -4.25000
    470   0.750000       -4.25000
    469    1.00000       -4.25000
    468    1.25000       -4.25000
    467    1.50000       -4.25000
    466    1.75000       -4.25000
    465    2.00000       -4.25000
    464    2.25000       -4.25000
    463    2.50000       -4.25000
    462    2.75000       -4.25000
    461    3.00000       -4.25000
    460    3.25000       -4.25000
    513   -3.25000       -4.50000
    512   -3.00000       -4.50000
    511   -2.75000       -4.50000
    510   -2.50000       -4.50000
    509   -2.25000       -4.50000
    508   -2.00000       -4.50000
    507   -1.75000       -4.50000
    506   -1.50000       -4.50000
    505   -1.25000       -4.50000
    504   -1.00000       -4.50000
    503  -0.750000       -4.50000
    502  -0.500000       -4.50000
    501  -0.250000       -4.50000
    500   0.000000       -4.50000
    499   0.250000       -4.50000
    498   0.500000       -4.50000
    497   0.750000       -4.50000
    496    1.00000       -4.50000
    495    1.25000       -4.50000
    494    1.50000       -4.50000
    493    1.75000       -4.50000
    492    2.00000       -4.50000
    491    2.25000       -4.50000
    490    2.50000       -4.50000
    489    2.75000       -4.50000
    488    3.00000       -4.50000
    487    3.25000       -4.50000
    540   -3.25000       -4.75000
    539   -3.00000       -4.75000
    538   -2.75000       -4.75000
    537   -2.50000       -4.75000
    536   -2.25000       -4.75000
    535   -2.00000       -4.75000
    534   -1.75000       -4.75000
    533   -1.50000       -4.75000
    532   -1.25000       -4.75000
    531   -1.00000       -4.75000
    530  -0.750000       -4.75000
    529  -0.500000       -4.75000
    528  -0.250000       -4.75000
    527   0.000000       -4.75000
    526   0.250000       -4.75000
    525   0.500000       -4.75000
    524   0.750000       -4.75000
    523    1.00000       -4.75000
    522    1.25000       -4.75000
    521    1.50000       -4.75000
    520    1.75000       -4.75000
    519    2.00000       -4.75000
    518    2.25000       -4.75000
    517    2.50000       -4.75000
    516    2.75000       -4.75000
    515    3.00000       -4.75000
    514    3.25000       -4.75000
    567   -3.25000       -5.00000
    566   -3.00000       -5.00000
    565   -2.75000       -5.00000
    564   -2.50000       -5.00000
    563   -2.25000       -5.00000
    562   -2.00000       -5.00000
    561   -1.75000       -5.00000
    560   -1.50000       -5.00000
    559   -1.25000       -5.00000
    558   -1.00000       -5.00000
    557  -0.750000       -5.00000
    556  -0.500000       -5.00000
    555  -0.250000       -5.00000
    554   0.000000       -5.00000
    553   0.250000       -5.00000
    552   0.500000       -5.00000
    551   0.750000       -5.00000
    550    1.00000       -5.00000
    549    1.25000       -5.00000
    548    1.50000       -5.00000
    547    1.75000       -5.00000
    546    2.00000       -5.00000
    545    2.25000       -5.00000
    544    2.50000       -5.00000
    543    2.75000       -5.00000
    542    3.00000       -5.00000
    541    3.25000       -5.00000
    594   -3.25000       -5.25000
    593   -3.00000       -5.25000
    592   -2.75000       -5.25000
    591   -2.50000       -5.25000
    590   -2.25000       -5.25000
    589   -2.00000       -5.25000
    588   -1.75000       -5.25000
    587   -1.50000       -5.25000
    586   -1.25000       -5.25000
    585   -1.00000       -5.25000
    584  -0.750000       -5.25000
    583  -0.500000       -5.25000
    582  -0.250000       -5.25000
    581   0.000000       -5.25000
    580   0.250000       -5.25000
    579   0.500000       -5.25000
    578   0.750000       -5.25000
    577    1.00000       -5.25000
    576    1.25000       -5.25000
    575    1.50000       -5.25000
    574    1.75000       -5.25000
    573    2.00000       -5.25000
    572    2.25000       -5.25000
    571    2.50000       -5.25000
    570    2.75000       -5.25000
    569    3.00000       -5.25000
    568    3.25000       -5.25000
    621   -3.25000       -5.50000
    620   -3.00000       -5.50000
    619   -2.75000       -5.50000
    618   -2.50000       -5.50000
    617   -2.25000       -5.50000
    616   -2.00000       -5.50000
    615   -1.75000       -5.50000
    614   -1.50000       -5.50000
    613   -1.25000       -5.50000
    612   -1.00000       -5.50000
    611  -0.750000       -5.50000
    610  -0.500000       -5.50000
    609  -0.250000       -5.50000
    608   0.000000       -5.50000
    607   0.250000       -5.50000
    606   0.500000       -5.50000
    605   0.750000       -5.50000
    604    1.00000       -5.50000
    603    1.25000       -5.50000
    602    1.50000       -5.50000
    601    1.75000       -5.50000
    600    2.00000       -5.50000
    599    2.25000       -5.50000
    598    2.50000       -5.50000
    597    2.75000       -5.50000
    596    3.00000       -5.50000
    595    3.25000       -5.50000
    648   -3.25000       -5.75000
    647   -3.00000       -5.75000
    646   -2.75000       -5.75000
    645   -2.50000       -5.75000
    644   -2.25000       -5.75000
    643   -2.00000       -5.75000
    642   -1.75000       -5.75000
    641   -1.50000       -5.75000
    640   -1.25000       -5.75000
    639   -1.00000       -5.75000
    638  -0.750000       -5.75000
    637  -0.500000       -5.75000
    636  -0.250000       -5.75000
    635   0.000000       -5.75000
    634   0.250000       -5.75000
    633   0.500000       -5.75000
    632   0.750000       -5.75000
    631    1.00000       -5.75000
    630    1.25000       -5.75000
    629    1.50000       -5.75000
    628    1.75000       -5.75000
    627    2.00000       -5.75000
    626    2.25000       -5.75000
    625    2.50000       -5.75000
    624    2.75000       -5.75000
    623    3.00000       -5.75000
    622    3.25000       -5.75000
    675   -3.25000       -6.00000
    674   -3.00000       -6.00000
    673   -2.75000       -6.00000
    672   -2.50000       -6.00000
    671   -2.25000       -6.00000
    670   -2.00000       -6.00000
    669   -1.75000       -6.00000
    668   -1.50000       -6.00000
    667   -1.25000       -6.00000
    666   -1.00000       -6.00000
    665  -0.750000       -6.00000
    664  -0.500000       -6.00000
    663  -0.250000       -6.00000
    662   0.000000       -6.00000
    661   0.250000       -6.00000
    660   0.500000       -6.00000
    659   0.750000       -6.00000
    658    1.00000       -6.00000
    657    1.25000       -6.00000
    656    1.50000       -6.00000
    655    1.75000       -6.00000
    654    2.00000       -6.00000
    653    2.25000       -6.00000
    652    2.50000       -6.00000
    651    2.75000       -6.00000
    650    3.00000       -6.00000
    649    3.25000       -6.00000
    702   -3.25000       -6.25000
    701   -3.00000       -6.25000
    700   -2.75000       -6.25000
    699   -2.50000       -6.25000
    698   -2.25000       -6.25000
    697   -2.00000       -6.25000
    696   -1.75000       -6.25000
    695   -1.50000       -6.25000
    694   -1.25000       -6.25000
    693   -1.00000       -6.25000
    692  -0.750000       -6.25000
    691  -0.500000       -6.25000
    690  -0.250000       -6.25000
    689   0.000000       -6.25000
    688   0.250000       -6.25000
    687   0.500000       -6.25000
    686   0.750000       -6.25000
    685    1.00000       -6.25000
    684    1.25000       -6.25000
    683    1.50000       -6.25000
    682    1.75000       -6.25000
    681    2.00000       -6.25000
    680    2.25000       -6.25000
    679    2.50000       -6.25000
    678    2.75000       -6.25000
    677    3.00000       -6.25000
    676    3.25000       -6.25000
    729   -3.25000       -6.50000
    728   -3.00000       -6.50000
    727   -2.75000       -6.50000
    726   -2.50000       -6.50000
    725   -2.25000       -6.50000
    724   -2.00000       -6.50000
    723   -1.75000       -6.50000
    722   -1.50000       -6.50000
    721   -1.25000       -6.50000
    720   -1.00000       -6.50000
    719  -0.750000       -6.50000
    718  -0.500000       -6.50000
    717  -0.250000       -6.50000
    716   0.000000       -6.50000
    715   0.250000       -6.50000
    714   0.500000       -6.50000
    713   0.750000       -6.50000
    712    1.00000       -6.50000
    711    1.25000       -6.50000
    710    1.50000       -6.50000
    709    1.75000       -6.50000
    708    2.00000       -6.50000
    707    2.25000       -6.50000
    706    2.50000       -6.50000
    705    2.75000       -6.50000
    704    3.00000       -6.50000
    703    3.25000       -6.50000
    756   -3.25000       -6.75000
    755   -3.00000       -6.75000
    754   -2.75000       -6.75000
    753   -2.50000       -6.75000
    752   -2.25000       -6.75000
    751   -2.00000       -6.75000
    750   -1.75000       -6.75000
    749   -1.50000       -6.75000
    748   -1.25000       -6.75000
    747   -1.00000       -6.75000
    746  -0.750000       -6.75000
    745  -0.500000       -6.75000
    744  -0.250000       -6.75000
    743   0.000000       -6.75000
    742   0.250000       -6.75000
    741   0.500000       -6.75000
    740   0.750000       -6.75000
    739    1.00000       -6.75000
    738    1.25000       -6.75000
    737    1.50000       -6.75000
    736    1.75000       -6.75000
    735    2.00000       -6.75000
    734    2.25000       -6.75000
    733    2.50000       -6.75000
    732    2.75000       -6.75000
    731    3.00000       -6.75000
    730    3.25000       -6.75000
    783   -3.25000       -7.00000
    782   -3.00000       -7.00000
    781   -2.75000       -7.00000
    780   -2.50000       -7.00000
    779   -2.25000       -7.00000
    778   -2.00000       -7.00000
    777   -1.75000       -7.00000
    776   -1.50000       -7.00000
    775   -1.25000       -7.00000
    774   -1.00000       -7.00000
    773  -0.750000       -7.00000
    772  -0.500000       -7.00000
    771  -0.250000       -7.00000
    770   0.000000       -7.00000
    769   0.250000       -7.00000
    768   0.500000       -7.00000
    767   0.750000       -7.00000
    766    1.00000       -7.00000
    765    1.25000       -7.00000
    764    1.50000       -7.00000
    763    1.75000       -7.00000
    762    2.00000       -7.00000
    761    2.25000       -7.00000
    760    2.50000       -7.00000
    759    2.75000       -7.00000
    758    3.00000       -7.00000
    757    3.25000       -7.00000
    418    377    376    417
    377    338    337    376
    338    301    300    337
    301    266    265    300
    266    233    232    265
    233    202    201    232
    202    164    163    201
    164    130    129    163
    130    100     99    129
    100     74     73     99
     74     52     51     73
     52     34     33     51
     34     20     19     33
     20     10      9     19
     10      6      3      9
      6      5      1      3
      5      4      2      1
      4      8      7      2
      8     17     16      7
     17     30     29     16
     30     47     46     29
     47     68     67     46
     68     93     92     67
     93    122    121     92
    122    155    154    121
    155    192    191    154
    419    378    377    418
    378    339    338    377
    339    302    301    338
    302    267    266    301
    267    234    233    266
    234    203    202    233
    203    165    164    202
    165    131    130    164
    131    101    100    130
    101     75     74    100
     75     53     52     74
     53     35     34     52
     35     21     20     34
     21     15     10     20
     15     14      6     10
     14     13      5      6
     13     12      4      5
     12     11      8      4
     11     18     17      8
     18     31     30     17
     31     48     47     30
     48     69     68     47
     69     94     93     68
     94    123    122     93
    123    156    155    122
    156    193    192    155
    420    379    378    419
    379    340    339    378
    340    303    302    339
    303    268    267    302
    268    235    234    267
    235    204    203    234
    204    166    165    203
    166    132    131    165
    132    102    101    131
    102     76     75    101
     76     54     53     75
     54     36     35     53
     36     28     21     35
     28     27     15     21
     27     26     14     15
     26     25     13     14
     25     24     12     13
     24     23     11     12
     23     22     18     11
     22     32     31     18
     32     49     48     31
     49     70     69     48
     70     95     94     69
     95    124    123     94
    124    157    156    123
    157    194    193    156
    421    380    379    420
    380    341    340    379
    341    304    303    340
    304    269    268    303
    269    236    235    268
    236    205    204    235
    205    167    166    204
    167    133    132    166
    133    103    102    132
    103     77     76    102
     77     55     54     76
     55     45     36     54
     45     44     28     36
     44     43     27     28
     43     42     26     27
     42     41     25     26
     41     40     24     25
     40     39     23     24
     39     38     22     23
     38     37     32     22
     37     50     49     32
     50     71     70     49
     71     96     95     70
     96    125    124     95
    125    158    157    124
    158    195    194    157
    422    381    380    421
    381    342    341    380
    342    305    304    341
    305    270    269    304
    270    237    236    269
    237    206    205    236
    206    168    167    205
    168    134    133    167
    134    104    103    133
    104     78     77    103
     78     66     55     77
     66     65     45     55
     65     64     44     45
     64     63     43     44
     63     62     42     43
     62     61     41     42
     61     60     40     41
     60     59     39     40
     59     58     38     39
     58     57     37     38
     57     56     50     37
     56     72     71     50
     72     97     96     71
     97    126    125     96
    126    159    158    125
    159    196    195    158
    423    382    381    422
    382    343    342    381
    343    306    305    342
    306    271    270    305
    271    238    237    270
    238    207    206    237
    207    169    168    206
    169    135    134    168
    135    105    104    134
    105     91     78    104
     91     90     66     78
     90     89     65     66
     89     88     64     65
     88     87     63     64
     87     86     62     63
     86     85     61     62
     85     84     60     61
     84     83     59     60
     83     82     58     59
     82     81     57     58
     81     80     56     57
     80     79     72     56
     79     98     97     72
     98    127    126     97
    127    160    159    126
    160    197    196    159
    424    383    382    423
    383    344    343    382
    344    307    306    343
    307    272    271    306
    272    239    238    271
    239    208    207    238
    208    170    169    207
    170    136    135    169
    136    120    105    135
    120    119     91    105
    119    118     90     91
    118    117     89     90
    117    116     88     89
    116    115     87     88
    115    114     86     87
    114    113     85     86
    113    112     84     85
    112    111     83     84
    111    110     82     83
    110    109     81     82
    109    108     80     81
    108    107     79     80
    107    106     98     79
    106    128    127     98
    128    161    160    127
    161    198    197    160
    425    384    383    424
    384    345    344    383
    345    308    307    344
    308    273    272    307
    273    240    239    272
    240    209    208    239
    209    171    170    208
    171    153    136    170
    153    152    120    136
    152    151    119    120
    151    150    118    119
    150    149    117    118
    149    148    116    117
    148    147    115    116
    147    146    114    115
    146    145    113    114
    145    144    112    113
    144    143    111    112
    143    142    110    111
    142    141    109    110
    141    140    108    109
    140    139    107    108
    139    138    106    107
    138    137    128    106
    137    162    161    128
    162    199    198    161
    426    385    384    425
    385    346    345    384
    346    309    308    345
    309    274    273    308
    274    241    240    273
    241    210    209    240
    210    190    171    209
    190    189    153    171
    189    188    152    153
    188    187    151    152
    187    186    150    151
    186    185    149    150
    185    184    148    149
    184    183    147    148
    183    182    146    147
    182    181    145    146
    181    180    144    145
    180    179    143    144
    179    178    142    143
    178    177    141    142
    177    176    140    141
    176    175    139    140
    175    174    138    139
    174    173    137    138
    173    172    162    137
    172    200    199    162
    427    386    385    426
    386    347    346    385
    347    310    309    346
    310    275    274    309
    275    242    241    274
    242    231    210    241
    231    230    190    210
    230    229    189    190
    229    228    188    189
    228    227    187    188
    227    226    186    187
    226    225    185    186
    225    224    184    185
    224    223    183    184
    223    222    182    183
    222    221    181    182
    221    220    180    181
    220    219    179    180
    219    218    178    179
    218    217    177    178
    217    216    176    177
    216    215    175    176
    215    214    174    175
    214    213    173    174
    213    212    172    173
    212    211    200    172
    428    387    386    427
    387    348    347    386
    348    311    310    347
    311    276    275    310
    276    264    242    275
    264    263    231    242
    263    262    230    231
    262    261    229    230
    261    260    228    229
    260    259    227    228
    259    258    226    227
    258    257    225    226
    257    256    224    225
    256    255    223    224
    255    254    222    223
    254    253    221    222
    253    252    220    221
    252    251    219    220
    251    250    218    219
    250    249    217    218
    249    248    216    217
    248    247    215    216
    247    246    214    215
    246    245    213    214
    245    244    212    213
    244    243    211    212
    429    388    387    428
    388    349    348    387
    349    312    311    348
    312    299    276    311
    299    298    264    276
    298    297    263    264
    297    296    262    263
    296    295    261    262
    295    294    260    261
    294    293    259    260
    293    292    258    259
    292    291    257    258
    291    290    256    257
    290    289    255    256
    289    288    254    255
    288    287    253    254
    287    286    252    253
    286    285    251    252
    285    284    250    251
    284    283    249    250
    283    282    248    249
    282    281    247    248
    281    280    246    247
    280    279    245    246
    279    278    244    245
    278    277    243    244
    430    389    388    429
    389    350    349    388
    350    336    312    349
    336    335    299    312
    335    334    298    299
    334    333    297    298
    333    332    296    297
    332    331    295    296
    331    330    294    295
    330    329    293    294
    329    328    292    293
    328    327    291    292
    327    326    290    291
    326    325    289    290
    325    324    288    289
    324    323    287    288
    323    322    286    287
    322    321    285    286
    321    320    284    285
    320    319    283    284
    319    318    282    283
    318    317    281    282
    317    316    280    281
    316    315    279    280
    315    314    278    279
    314    313    277    278
    431    390    389    430
    390    375    350    389
    375    374    336    350
    374    373    335    336
    373    372    334    335
    372    371    333    334
    371    370    332    333
    370    369    331    332
    369    368    330    331
    368    367    329    330
    367    366    328    329
    366    365    327    328
    365    364    326    327
    364    363    325    326
    363    362    324    325
    362    361    323    324
    361    360    322    323
    360    359    321    322
    359    358    320    321
    358    357    319    320
    357    356    318    319
    356    355    317    318
    355    354    316    317
    354    353    315    316
    353    352    314    315
    352    351    313    314
    432    416    390    431
    416    415    375    390
    415    414    374    375
    414    413    373    374
    413    412    372    373
    412    411    371    372
    411    410    370    371
    410    409    369    370
    409    408    368    369
    408    407    367    368
    407    406    366    367
    406    405    365    366
    405    404    364    365
    404    403    363    364
    403    402    362    363
    402    401    361    362
    401    400    360    361
    400    399    359    360
    399    398    358    359
    398    397    357    358
    397    396    356    357
    396    395    355    356
    395    394    354    355
    394    393    353    354
    393    392    352    353
    392    391    351    352
    459    458    416    432
    458    457    415    416
    457    456    414    415
    456    455    413    414
    455    454    412    413
    454    453    411    412
    453    452    410    411
    452    451    409    410
    451    450    408    409
    450    449    407    408
    449    448    406    407
    448    447    405    406
    447    446    404    405
    446    445    403    404
    445    444    402    403
    444    443    401    402
    443    442    400    401
    442    441    399    400
    441    440    398    399
    440    439    397    398
    439    438    396    397
    438    437    395    396
    437    436    394    395
    436    435    393    394
    435    434    392    393
    434    433    391    392
    486    485    458    459
    485    484    457    458
    484    483    456    457
    483    482    455    456
    482    481    454    455
    481    480    453    454
    480    479    452    453
    479    478    451    452
    478    477    450    451
    477    476    449    450
    476    475    448    449
    475    474    447    448
    474    473    446    447
    473    472    445    446
    472    471    444    445
    471    470    443    444
    470    469    442    443
    469    468    441    442
    468    467    440    441
    467    466    439    440
    466    465    438    439
    465    464    437    438
    464    463    436    437
    463    462    435    436
    462    461    434    435
    461    460    433    434
    513    512    485    486
    512    511    484    485
    511    510    483    484
    510    509    482    483
    509    508    481    482
    508    507    480    481
    507    506    479    480
    506    505    478    479
    505    504    477    478
    504    503    476    477
    503    502    475    476
    502    501    474    475
    501    500    473    474
    500    499    472    473
    499    498    471    472
    498    497    470    471
    497    496    469    470
    496    495    468    469
    495    494    467    468
    494    493    466    467
    493    492    465    466
    492    491    464    465
    491    490    463    464
    490    489    462    463
    489    488    461    462
    488    487    460    461
    540    539    512    513
    539    538    511    512
    538    537    510    511
    537    536    509    510
    536    535    508    509
    535    534    507    508
    534    533    506    507
    533    532    505    506
    532    531    504    505
    531    530    503    504
    530    529    502    503
    529    528    501    502
    528    527    500    501
    527    526    499    500
    526    525    498    499
    525    524    497    498
    524    523    496    497
    523    522    495    496
    522    521    494    495
    521    520    493    494
    520    519    492    493
    519    518    491    492
    518    517    490    491
    517    516    489    490
    516    515    488    489
    515    514    487    488
    567    566    539    540
    566    565    538    539
    565    564    537    538
    564    563    536    537
    563    562    535    536
    562    561    534    535
    561    560    533    534
    560    559    532    533
    559    558    531    532
    558    557    530    531
    557    556    529    530
    556    555    528    529
    555    554    527    528
    554    553    526    527
    553    552    525    526
    552    551    524    525
    551    550    523    524
    550    549    522    523
    549    548    521    522
    548    547    520    521
    547    546    519    520
    546    545    518    519
    545    544    517    518
    544    543    516    517
    543    542    515    516
    542    541    514    515
    594    593    566    567
    593    592    565    566
    592    591    564    565
    591    590    563    564
    590    589    562    563
    589    588    561    562
    588    587    560    561
    587    586    559    560
    586    585    558    559
    585    584    557    558
    584    583    556    557
    583    582    555    556
    582    581    554    555
    581    580    553    554
    580    579    552    553
    579    578    551    552
    578    577    550    551
    577    576    549    550
    576    575    548    549
    575    574    547    548
    574    573    546    547
    573    572    545    546
    572    571    544    545
    571    570    543    544
    570    569    542    543
    569    568    541    542
    621    620    593    594
    620    619    592    593
    619    618    591    592
    618    617    590    591
    617    616    589    590
    616    615    588    589
    615    614    587    588
    614    613    586    587
    613    612    585    586
    612    611    584    585
    611    610    583    584
    610    609    582    583
    609    608    581    582
    608    607    580    581
    607    606    579    580
    606    605    578    579
    605    604    577    578
    604    603    576    577
    603    602    575    576
    602    601    574    575
    601    600    573    574
    600    599    572    573
    599    598    571    572
    598    597    570    571
    597    596    569    570
    596    595    568    569
    648    647    620    621
    647    646    619    620
    646    645    618    619
    645    644    617    618
    644    643    616    617
    643    642    615    616
    642    641    614    615
    641    640    613    614
    640    639    612    613
    639    638    611    612
    638    637    610    611
    637    636    609    610
    636    635    608    609
    635    634    607    608
    634    633    606    607
    633    632    605    606
    632    631    604    605
    631    630    603    604
    630    629    602    603
    629    628    601    602
    628    627    600    601
    627    626    599    600
    626    625    598    599
    625    624    597    598
    624    623    596    597
    623    622    595    596
    675    674    647    648
    674    673    646    647
    673    672    645    646
    672    671    644    645
    671    670    643    644
    670    669    642    643
    669    668    641    642
    668    667    640    641
    667    666    639    640
    666    665    638    639
    665    664    637    638
    664    663    636    637
    663    662    635    636
    662    661    634    635
    661    660    633    634
    660    659    632    633
    659    658    631    632
    658    657    630    631
    657    656    629    630
    656    655    628    629
    655    654    627    628
    654    653    626    627
    653    652    625    626
    652    651    624    625
    651    650    623    624
    650    649    622    623
    702    701    674    675
    701    700    673    674
    700    699    672    673
    699    698    671    672
    698    697    670    671
    697    696    669    670
    696    695    668    669
    695    694    667    668
    694    693    666    667
    693    692    665    666
    692    691    664    665
    691    690    663    664
    690    689    662    663
    689    688    661    662
    688    687    660    661
    687    686    659    660
    686    685    658    659
    685    684    657    658
    684    683    656    657
    683    682    655    656
    682    681    654    655
    681    680    653    654
    680    679    652    653
    679    678    651    652
    678    677    650    651
    677    676    649    650
    729    728    701    702
    728    727    700    701
    727    726    699    700
    726    725    698    699
    725    724    697    698
    724    723    696    697
    723    722    695    696
    722    721    694    695
    721    720    693    694
    720    719    692    693
    719    718    691    692
    718    717    690    691
    717    716    689    690
    716    715    688    689
    715    714    687    688
    714    713    686    687
    713    712    685    686
    712    711    684    685
    711    710    683    684
    710    709    682    683
    709    708    681    682
    708    707    680    681
    707    706    679    680
    706    705    678    679
    705    704    677    678
    704    703    676    677
    756    755    728    729
    755    754    727    728
    754    753    726    727
    753    752    725    726
    752    751    724    725
    751    750    723    724
    750    749    722    723
    749    748    721    722
    748    747    720    721
    747    746    719    720
    746    745    718    719
    745    744    717    718
    744    743    716    717
    743    742    715    716
    742    741    714    715
    741    740    713    714
    740    739    712    713
    739    738    711    712
    738    737    710    711
    737    736    709    710
    736    735    708    709
    735    734    707    708
    734    733    706    707
    733    732    705    706
    732    731    704    705
    731    730    703    704
    783    782    755    756
    782    781    754    755
    781    780    753    754
    780    779    752    753
    779    778    751    752
    778    777    750    751
    777    776    749    750
    776    775    748    749
    775    774    747    748
    774    773    746    747
    773    772    745    746
    772    771    744    745
    771    770    743    744
    770    769    742    743
    769    768    741    742
    768    767    740    741
    767    766    739    740
    766    765    738    739
    765    764    737    738
    764    763    736    737
    763    762    735    736
    762    761    734    735
    761    760    733    734
    760    759    732    733
    759    758    731    732
    758    757    730    731
    417    376
    376    337
    337    300
    300    265
    265    232
    232    201
    201    163
    163    129
    129     99
     99     73
     73     51
     51     33
     33     19
     19      9
      9      3
      3      1
      1      2
      2      7
      7     16
     16     29
     29     46
     46     67
     67     92
     92    121
    121    154
    154    191
    191    192
    192    193
    193    194
    194    195
    195    196
    196    197
    197    198
    198    199
    199    200
    200    211
    211    243
    243    277
    277    313
    313    351
    351    391
    391    433
    433    460
    460    487
    487    514
    514    541
    541    568
    568    595
    595    622
    622    649
    649    676
    676    703
    703    730
    730    757
    757    758
    758    759
    759    760
    760    761
    761    762
    762    763
    763    764
    764    765
    765    766
    766    767
    767    768
    768    769
    769    770
    770    771
    771    772
    772    773
    773    774
    774    775
    775    776
    776    777
    777    778
    778    779
    779    780
    780    781
    781    782
    782    783
    783    756
    756    729
    729    702
    702    675
    675    648
    648    621
    621    594
    594    567
    567    540
    540    513
    513    486
    486    459
    459    432
    432    431
    431    430
    430    429
    429    428
    428    427
    427    426
    426    425
    425    424
    424    423
    423    422
    422    421
    421    420
    420    419
    419    418
    418    417
      1
      2
      3
      4
      5
      6
      7
      8
      9
     10
     11
     12
     13
     14
     15
     16
     17
     18
     19
     20
     21
     22
     23
     24
     25
     26
     26
     52
     78
    104
    130
    156
    182
    208
    234
    260
    286
    312
    338
    364
    390
    416
    442
    468
    494
    520
    546
    572
    598
    624
    650
    676
    702
    728
    728
    727
    726
    725
    724
    723
    722
    721
    720
    719
    718
    717
    716
    715
    714
    713
    712
    711
    710
    709
    708
    707
    706
    705
    704
    703
    703
    677
    651
    625
    599
    573
    547
    521
    495
    469
    443
    417
    391
    365
    339
    313
    287
    261
    235
    209
    183
    157
    131
    105
     79
     53
     27
      1
