         930
       10002       40003   2.52972555      -5.00908852               1
       10002       50004  0.642474353      -5.00908899               1
       10002       60005  0.258038819      -5.00908947               1
       10002       70006  0.129345715      -5.00908995               1
       10002       80007   7.40289018E-02  -5.00909042               1
       10002       90008   4.62729260E-02  -5.00909138               1
       10002      100009   3.08189634E-02  -5.00909185               1
       10002      110010   2.15470120E-02  -5.00909281               1
       10002      120011   1.56562887E-02  -5.00909376               1
       10002      130012   1.17373578E-02  -5.00909519               1
       10002      140013   9.02898517E-03  -5.00909615               1
       10002      150014   7.09646987E-03  -5.00909662               1
       10002      160015   5.67980111E-03  -5.00909662               1
       10002      170016   4.61711967E-03  -5.00909710               1
       10002      180017   3.80407972E-03  -5.00909710               1
       10002      190018   3.17130820E-03  -5.00909710               1
       10002      200019   2.67141731E-03  -5.00909710               1
       10002      210020   2.27125664E-03  -5.00909615               1
       10002      220021   1.94714393E-03  -5.00909519               1
       10002      230022   1.68184459E-03  -5.00909424               1
       10002      240023   1.46260869E-03  -5.00909328               1
       10002      250024   1.27986388E-03  -5.00909233               1
       10002      260025   1.12632813E-03  -5.00909138               1
       10002      270026   9.96394549E-04  -5.00909042               1
       10002      280027   8.85698944E-04  -5.00908947               1
       10002      290028   7.90810096E-04  -5.00908899               1
       10002      300029   7.09005108E-04  -5.00908899               1
       10002      310030   6.38104742E-04  -5.00908852               1
       10002      320031   5.76350954E-04  -5.00908852               1
       10002      330032   5.22314978E-04  -5.00908852               1
       20003       50004   2.52975821      -5.00908899               1
       20003       60005  0.642491877      -5.00908947               1
       20003       70006  0.258048981      -5.00908995               1
       20003       80007  0.129352018      -5.00909042               1
       20003       90008   7.40330219E-02  -5.00909138               1
       20003      100009   4.62757424E-02  -5.00909185               1
       20003      110010   3.08209751E-02  -5.00909281               1
       20003      120011   2.15484984E-02  -5.00909376               1
       20003      130012   1.56574249E-02  -5.00909519               1
       20003      140013   1.17382519E-02  -5.00909615               1
       20003      150014   9.02970601E-03  -5.00909662               1
       20003      160015   7.09706219E-03  -5.00909710               1
       20003      170016   5.68029704E-03  -5.00909710               1
       20003      180017   4.61754110E-03  -5.00909758               1
       20003      190018   3.80444247E-03  -5.00909758               1
       20003      200019   3.17162392E-03  -5.00909710               1
       20003      210020   2.67169485E-03  -5.00909615               1
       20003      220021   2.27150251E-03  -5.00909519               1
       20003      230022   1.94736302E-03  -5.00909424               1
       20003      240023   1.68204110E-03  -5.00909328               1
       20003      250024   1.46278588E-03  -5.00909233               1
       20003      260025   1.28002430E-03  -5.00909138               1
       20003      270026   1.12647400E-03  -5.00909042               1
       20003      280027   9.96527611E-04  -5.00908995               1
       20003      290028   8.85820657E-04  -5.00908947               1
       20003      300029   7.90921622E-04  -5.00908899               1
       20003      310030   7.09107320E-04  -5.00908899               1
       20003      320031   6.38198457E-04  -5.00908852               1
       20003      330032   5.76436927E-04  -5.00908852               1
       30004       20001   2.52974391      -5.00908852               1
       30004       60005   2.52976561      -5.00908995               1
       30004       70006  0.642496347      -5.00908995               1
       30004       80007  0.258051842      -5.00909090               1
       30004       90008  0.129353926      -5.00909138               1
       30004      100009   7.40343407E-02  -5.00909233               1
       30004      110010   4.62766960E-02  -5.00909281               1
       30004      120011   3.08216810E-02  -5.00909376               1
       30004      130012   2.15490386E-02  -5.00909519               1
       30004      140013   1.56578515E-02  -5.00909615               1
       30004      150014   1.17385965E-02  -5.00909662               1
       30004      160015   9.02998913E-03  -5.00909710               1
       30004      170016   7.09729968E-03  -5.00909758               1
       30004      180017   5.68049820E-03  -5.00909758               1
       30004      190018   4.61771432E-03  -5.00909758               1
       30004      200019   3.80459311E-03  -5.00909710               1
       30004      210020   3.17175640E-03  -5.00909615               1
       30004      220021   2.67181196E-03  -5.00909519               1
       30004      230022   2.27160659E-03  -5.00909472               1
       30004      240023   1.94745604E-03  -5.00909376               1
       30004      250024   1.68212480E-03  -5.00909281               1
       30004      260025   1.46286143E-03  -5.00909185               1
       30004      270026   1.28009287E-03  -5.00909090               1
       30004      280027   1.12653617E-03  -5.00909042               1
       30004      290028   9.96584073E-04  -5.00908995               1
       30004      300029   8.85871996E-04  -5.00908947               1
       30004      310030   7.90968072E-04  -5.00908947               1
       30004      320031   7.09149288E-04  -5.00908899               1
       30004      330032   6.38236117E-04  -5.00908899               1
       40005       20001  0.642487168      -5.00908899               1
       40005       30002   2.52976227      -5.00908899               1
       40005       70006   2.52976775      -5.00909042               1
       40005       80007  0.642497718      -5.00909138               1
       40005       90008  0.258052796      -5.00909185               1
       40005      100009  0.129354611      -5.00909233               1
       40005      110010   7.40348473E-02  -5.00909328               1
       40005      120011   4.62770760E-02  -5.00909424               1
       40005      130012   3.08219772E-02  -5.00909567               1
       40005      140013   2.15492770E-02  -5.00909662               1
       40005      150014   1.56580452E-02  -5.00909710               1
       40005      160015   1.17387576E-02  -5.00909758               1
       40005      170016   9.03012417E-03  -5.00909758               1
       40005      180017   7.09741469E-03  -5.00909805               1
       40005      190018   5.68059739E-03  -5.00909805               1
       40005      200019   4.61780094E-03  -5.00909758               1
       40005      210020   3.80466948E-03  -5.00909662               1
       40005      220021   3.17182392E-03  -5.00909567               1
       40005      230022   2.67187157E-03  -5.00909519               1
       40005      240023   2.27165991E-03  -5.00909424               1
       40005      250024   1.94750389E-03  -5.00909328               1
       40005      260025   1.68216776E-03  -5.00909233               1
       40005      270026   1.46290020E-03  -5.00909138               1
       40005      280027   1.28012779E-03  -5.00909090               1
       40005      290028   1.12656748E-03  -5.00909042               1
       40005      300029   9.96612129E-04  -5.00908995               1
       40005      310030   8.85896850E-04  -5.00908995               1
       40005      320031   7.90989783E-04  -5.00908947               1
       40005      330032   7.09167914E-04  -5.00908947               1
       50006       20001  0.258047670      -5.00908947               1
       50006       30002  0.642495036      -5.00908947               1
       50006       40003   2.52976680      -5.00908995               1
       50006       80007   2.52976799      -5.00909185               1
       50006       90008  0.642498136      -5.00909233               1
       50006      100009  0.258053154      -5.00909281               1
       50006      110010  0.129354879      -5.00909376               1
       50006      120011   7.40350559E-02  -5.00909472               1
       50006      130012   4.62772399E-02  -5.00909615               1
       50006      140013   3.08221113E-02  -5.00909710               1
       50006      150014   2.15493888E-02  -5.00909758               1
       50006      160015   1.56581402E-02  -5.00909805               1
       50006      170016   1.17388377E-02  -5.00909805               1
       50006      180017   9.03019309E-03  -5.00909853               1
       50006      190018   7.09747383E-03  -5.00909853               1
       50006      200019   5.68064954E-03  -5.00909805               1
       50006      210020   4.61784704E-03  -5.00909710               1
       50006      220021   3.80471000E-03  -5.00909615               1
       50006      230022   3.17185931E-03  -5.00909567               1
       50006      240023   2.67190323E-03  -5.00909472               1
       50006      250024   2.27168808E-03  -5.00909376               1
       50006      260025   1.94752903E-03  -5.00909281               1
       50006      270026   1.68219022E-03  -5.00909185               1
       50006      280027   1.46292010E-03  -5.00909138               1
       50006      290028   1.28014525E-03  -5.00909090               1
       50006      300029   1.12658273E-03  -5.00909090               1
       50006      310030   9.96624934E-04  -5.00909042               1
       50006      320031   8.85907153E-04  -5.00909042               1
       50006      330032   7.90997583E-04  -5.00909042               1
       60007       20001  0.129351959      -5.00908995               1
       60007       30002  0.258051425      -5.00908995               1
       60007       40003  0.642497361      -5.00908995               1
       60007       50004   2.52976799      -5.00909042               1
       60007       90008   2.52976727      -5.00909281               1
       60007      100009  0.642498136      -5.00909376               1
       60007      110010  0.258053213      -5.00909424               1
       60007      120011  0.129354954      -5.00909519               1
       60007      130012   7.40351230E-02  -5.00909662               1
       60007      140013   4.62773070E-02  -5.00909758               1
       60007      150014   3.08221728E-02  -5.00909805               1
       60007      160015   2.15494428E-02  -5.00909853               1
       60007      170016   1.56581867E-02  -5.00909853               1
       60007      180017   1.17388777E-02  -5.00909901               1
       60007      190018   9.03022755E-03  -5.00909901               1
       60007      200019   7.09750457E-03  -5.00909853               1
       60007      210020   5.68067702E-03  -5.00909758               1
       60007      220021   4.61787125E-03  -5.00909662               1
       60007      230022   3.80473095E-03  -5.00909615               1
       60007      240023   3.17187794E-03  -5.00909519               1
       60007      250024   2.67191976E-03  -5.00909424               1
       60007      260025   2.27170251E-03  -5.00909328               1
       60007      270026   1.94754160E-03  -5.00909281               1
       60007      280027   1.68220105E-03  -5.00909185               1
       60007      290028   1.46292907E-03  -5.00909185               1
       60007      300029   1.28015247E-03  -5.00909138               1
       60007      310030   1.12658797E-03  -5.00909138               1
       60007      320031   9.96627961E-04  -5.00909090               1
       60007      330032   8.85907910E-04  -5.00909138               1
       70008       20001   7.40334019E-02  -5.00909042               1
       70008       30002  0.129353911      -5.00909042               1
       70008       40003  0.258052707      -5.00909090               1
       70008       50004  0.642498136      -5.00909138               1
       70008       60005   2.52976799      -5.00909185               1
       70008      100009   2.52976656      -5.00909424               1
       70008      110010  0.642497957      -5.00909472               1
       70008      120011  0.258053184      -5.00909615               1
       70008      130012  0.129354954      -5.00909758               1
       70008      140013   7.40351453E-02  -5.00909853               1
       70008      150014   4.62773331E-02  -5.00909853               1
       70008      160015   3.08221988E-02  -5.00909901               1
       70008      170016   2.15494670E-02  -5.00909948               1
       70008      180017   1.56582091E-02  -5.00909948               1
       70008      190018   1.17388973E-02  -5.00909948               1
       70008      200019   9.03024524E-03  -5.00909901               1
       70008      210020   7.09752087E-03  -5.00909853               1
       70008      220021   5.68069145E-03  -5.00909758               1
       70008      230022   4.61788336E-03  -5.00909662               1
       70008      240023   3.80474166E-03  -5.00909615               1
       70008      250024   3.17188725E-03  -5.00909519               1
       70008      260025   2.67192745E-03  -5.00909424               1
       70008      270026   2.27170903E-03  -5.00909328               1
       70008      280027   1.94754684E-03  -5.00909281               1
       70008      290028   1.68220478E-03  -5.00909233               1
       70008      300029   1.46293128E-03  -5.00909233               1
       70008      310030   1.28015282E-03  -5.00909233               1
       70008      320031   1.12658623E-03  -5.00909185               1
       70008      330032   9.96624003E-04  -5.00909185               1
       80009       20001   4.62762564E-02  -5.00909090               1
       80009       30002   7.40344822E-02  -5.00909138               1
       80009       40003  0.129354626      -5.00909138               1
       80009       50004  0.258053154      -5.00909185               1
       80009       60005  0.642498314      -5.00909233               1
       80009       70006   2.52976751      -5.00909281               1
       80009      110010   2.52976537      -5.00909567               1
       80009      120011  0.642497659      -5.00909662               1
       80009      130012  0.258053064      -5.00909805               1
       80009      140013  0.129354924      -5.00909901               1
       80009      150014   7.40351379E-02  -5.00909948               1
       80009      160015   4.62773405E-02  -5.00909948               1
       80009      170016   3.08222082E-02  -5.00909996               1
       80009      180017   2.15494763E-02  -5.00909996               1
       80009      190018   1.56582184E-02  -5.00909996               1
       80009      200019   1.17389066E-02  -5.00909996               1
       80009      210020   9.03025549E-03  -5.00909901               1
       80009      220021   7.09752971E-03  -5.00909805               1
       80009      230022   5.68069844E-03  -5.00909758               1
       80009      240023   4.61788895E-03  -5.00909662               1
       80009      250024   3.80474655E-03  -5.00909567               1
       80009      260025   3.17189097E-03  -5.00909472               1
       80009      270026   2.67193047E-03  -5.00909424               1
       80009      280027   2.27171066E-03  -5.00909376               1
       80009      290028   1.94754731E-03  -5.00909328               1
       80009      300029   1.68220373E-03  -5.00909328               1
       80009      310030   1.46292849E-03  -5.00909281               1
       80009      320031   1.28014782E-03  -5.00909281               1
       80009      330032   1.12657866E-03  -5.00909281               1
       90010       20001   3.08214910E-02  -5.00909185               1
       90010       30002   4.62768897E-02  -5.00909185               1
       90010       40003   7.40349144E-02  -5.00909233               1
       90010       50004  0.129354909      -5.00909233               1
       90010       60005  0.258053303      -5.00909281               1
       90010       70006  0.642498195      -5.00909376               1
       90010       80007   2.52976656      -5.00909424               1
       90010      120011   2.52976394      -5.00909710               1
       90010      130012  0.642497301      -5.00909853               1
       90010      140013  0.258052945      -5.00909948               1
       90010      150014  0.129354879      -5.00909996               1
       90010      160015   7.40351304E-02  -5.00910044               1
       90010      170016   4.62773405E-02  -5.00910044               1
       90010      180017   3.08222100E-02  -5.00910044               1
       90010      190018   2.15494819E-02  -5.00910044               1
       90010      200019   1.56582240E-02  -5.00910044               1
       90010      210020   1.17389131E-02  -5.00909948               1
       90010      220021   9.03026108E-03  -5.00909853               1
       90010      230022   7.09753344E-03  -5.00909805               1
       90010      240023   5.68070170E-03  -5.00909710               1
       90010      250024   4.61789174E-03  -5.00909615               1
       90010      260025   3.80474818E-03  -5.00909519               1
       90010      270026   3.17189191E-03  -5.00909472               1
       90010      280027   2.67193024E-03  -5.00909424               1
       90010      290028   2.27170903E-03  -5.00909376               1
       90010      300029   1.94754417E-03  -5.00909376               1
       90010      310030   1.68219861E-03  -5.00909376               1
       90010      320031   1.46292080E-03  -5.00909328               1
       90010      330032   1.28013734E-03  -5.00909376               1
      100011       20001   2.15489771E-02  -5.00909233               1
      100011       30002   3.08218841E-02  -5.00909233               1
      100011       40003   4.62771654E-02  -5.00909281               1
      100011       50004   7.40351006E-02  -5.00909328               1
      100011       60005  0.129355013      -5.00909376               1
      100011       70006  0.258053303      -5.00909424               1
      100011       80007  0.642498016      -5.00909472               1
      100011       90008   2.52976537      -5.00909567               1
      100011      130012   2.52976251      -5.00909901               1
      100011      140013  0.642496943      -5.00909996               1
      100011      150014  0.258052856      -5.00910044               1
      100011      160015  0.129354849      -5.00910044               1
      100011      170016   7.40351155E-02  -5.00910091               1
      100011      180017   4.62773331E-02  -5.00910091               1
      100011      190018   3.08222100E-02  -5.00910091               1
      100011      200019   2.15494838E-02  -5.00910044               1
      100011      210020   1.56582277E-02  -5.00909996               1
      100011      220021   1.17389169E-02  -5.00909901               1
      100011      230022   9.03026294E-03  -5.00909805               1
      100011      240023   7.09753530E-03  -5.00909758               1
      100011      250024   5.68070263E-03  -5.00909662               1
      100011      260025   4.61789174E-03  -5.00909567               1
      100011      270026   3.80474771E-03  -5.00909519               1
      100011      280027   3.17189004E-03  -5.00909472               1
      100011      290028   2.67192698E-03  -5.00909424               1
      100011      300029   2.27170414E-03  -5.00909424               1
      100011      310030   1.94753706E-03  -5.00909376               1
      100011      320031   1.68218871E-03  -5.00909376               1
      100011      330032   1.46290776E-03  -5.00909424               1
      110012       20001   1.56578515E-02  -5.00909328               1
      110012       30002   2.15492342E-02  -5.00909376               1
      110012       40003   3.08220685E-02  -5.00909376               1
      110012       50004   4.62772883E-02  -5.00909424               1
      110012       60005   7.40351677E-02  -5.00909472               1
      110012       70006  0.129355028      -5.00909519               1
      110012       80007  0.258053213      -5.00909615               1
      110012       90008  0.642497659      -5.00909662               1
      110012      100009   2.52976394      -5.00909710               1
      110012      140013   2.52976108      -5.00910044               1
      110012      150014  0.642496705      -5.00910091               1
      110012      160015  0.258052766      -5.00910139               1
      110012      170016  0.129354805      -5.00910139               1
      110012      180017   7.40351006E-02  -5.00910187               1
      110012      190018   4.62773256E-02  -5.00910187               1
      110012      200019   3.08222082E-02  -5.00910139               1
      110012      210020   2.15494856E-02  -5.00910044               1
      110012      220021   1.56582296E-02  -5.00909948               1
      110012      230022   1.17389178E-02  -5.00909901               1
      110012      240023   9.03026294E-03  -5.00909805               1
      110012      250024   7.09753530E-03  -5.00909710               1
      110012      260025   5.68070170E-03  -5.00909662               1
      110012      270026   4.61789034E-03  -5.00909567               1
      110012      280027   3.80474469E-03  -5.00909519               1
      110012      290028   3.17188562E-03  -5.00909519               1
      110012      300029   2.67192069E-03  -5.00909472               1
      110012      310030   2.27169530E-03  -5.00909472               1
      110012      320031   1.94752472E-03  -5.00909472               1
      110012      330032   1.68217265E-03  -5.00909472               1
      120013       20001   1.17386254E-02  -5.00909472               1
      120013       30002   1.56580284E-02  -5.00909472               1
      120013       40003   2.15493627E-02  -5.00909519               1
      120013       50004   3.08221560E-02  -5.00909567               1
      120013       60005   4.62773368E-02  -5.00909615               1
      120013       70006   7.40351826E-02  -5.00909662               1
      120013       80007  0.129354984      -5.00909710               1
      120013       90008  0.258053064      -5.00909805               1
      120013      100009  0.642497301      -5.00909853               1
      120013      110010   2.52976251      -5.00909901               1
      120013      150014   2.52975988      -5.00910187               1
      120013      160015  0.642496467      -5.00910234               1
      120013      170016  0.258052677      -5.00910234               1
      120013      180017  0.129354775      -5.00910234               1
      120013      190018   7.40350857E-02  -5.00910234               1
      120013      200019   4.62773219E-02  -5.00910187               1
      120013      210020   3.08222100E-02  -5.00910139               1
      120013      220021   2.15494875E-02  -5.00910044               1
      120013      230022   1.56582296E-02  -5.00909996               1
      120013      240023   1.17389169E-02  -5.00909901               1
      120013      250024   9.03026294E-03  -5.00909805               1
      120013      260025   7.09753390E-03  -5.00909710               1
      120013      270026   5.68069937E-03  -5.00909662               1
      120013      280027   4.61788662E-03  -5.00909615               1
      120013      290028   3.80473910E-03  -5.00909567               1
      120013      300029   3.17187770E-03  -5.00909567               1
      120013      310030   2.67190952E-03  -5.00909567               1
      120013      320031   2.27168039E-03  -5.00909567               1
      120013      330032   1.94750540E-03  -5.00909567               1
      130014       20001   9.03003290E-03  -5.00909567               1
      130014       30002   1.17387548E-02  -5.00909567               1
      130014       40003   1.56581234E-02  -5.00909615               1
      130014       50004   2.15494279E-02  -5.00909615               1
      130014       60005   3.08221970E-02  -5.00909710               1
      130014       70006   4.62773554E-02  -5.00909758               1
      130014       80007   7.40351677E-02  -5.00909805               1
      130014       90008  0.129354939      -5.00909901               1
      130014      100009  0.258052945      -5.00909948               1
      130014      110010  0.642497003      -5.00909996               1
      130014      120011   2.52976108      -5.00910044               1
      130014      160015   2.52975941      -5.00910282               1
      130014      170016  0.642496347      -5.00910282               1
      130014      180017  0.258052647      -5.00910282               1
      130014      190018  0.129354760      -5.00910282               1
      130014      200019   7.40350857E-02  -5.00910234               1
      130014      210020   4.62773293E-02  -5.00910187               1
      130014      220021   3.08222156E-02  -5.00910091               1
      130014      230022   2.15494893E-02  -5.00909996               1
      130014      240023   1.56582315E-02  -5.00909948               1
      130014      250024   1.17389178E-02  -5.00909853               1
      130014      260025   9.03026201E-03  -5.00909758               1
      130014      270026   7.09753158E-03  -5.00909710               1
      130014      280027   5.68069518E-03  -5.00909662               1
      130014      290028   4.61788010E-03  -5.00909615               1
      130014      300029   3.80473002E-03  -5.00909615               1
      130014      310030   3.17186490E-03  -5.00909567               1
      130014      320031   2.67189229E-03  -5.00909567               1
      130014      330032   2.27165758E-03  -5.00909567               1
      140015       20001   7.09735043E-03  -5.00909615               1
      140015       30002   9.03013162E-03  -5.00909615               1
      140015       40003   1.17388284E-02  -5.00909662               1
      140015       50004   1.56581756E-02  -5.00909662               1
      140015       60005   2.15494633E-02  -5.00909710               1
      140015       70006   3.08222137E-02  -5.00909805               1
      140015       80007   4.62773554E-02  -5.00909853               1
      140015       90008   7.40351528E-02  -5.00909948               1
      140015      100009  0.129354894      -5.00909996               1
      140015      110010  0.258052856      -5.00910044               1
      140015      120011  0.642496705      -5.00910091               1
      140015      130012   2.52975988      -5.00910187               1
      140015      170016   2.52975893      -5.00910282               1
      140015      180017  0.642496288      -5.00910282               1
      140015      190018  0.258052647      -5.00910282               1
      140015      200019  0.129354775      -5.00910234               1
      140015      210020   7.40351006E-02  -5.00910187               1
      140015      220021   4.62773405E-02  -5.00910091               1
      140015      230022   3.08222212E-02  -5.00909996               1
      140015      240023   2.15494931E-02  -5.00909948               1
      140015      250024   1.56582333E-02  -5.00909853               1
      140015      260025   1.17389178E-02  -5.00909758               1
      140015      270026   9.03026015E-03  -5.00909662               1
      140015      280027   7.09752738E-03  -5.00909615               1
      140015      290028   5.68068819E-03  -5.00909615               1
      140015      300029   4.61786985E-03  -5.00909567               1
      140015      310030   3.80471512E-03  -5.00909567               1
      140015      320031   3.17184441E-03  -5.00909567               1
      140015      330032   2.67186505E-03  -5.00909567               1
      150016       20001   5.68055268E-03  -5.00909662               1
      150016       30002   7.09742727E-03  -5.00909662               1
      150016       40003   9.03018937E-03  -5.00909662               1
      150016       50004   1.17388694E-02  -5.00909710               1
      150016       60005   1.56582035E-02  -5.00909758               1
      150016       70006   2.15494782E-02  -5.00909805               1
      150016       80007   3.08222193E-02  -5.00909901               1
      150016       90008   4.62773517E-02  -5.00909948               1
      150016      100009   7.40351379E-02  -5.00909996               1
      150016      110010  0.129354849      -5.00910044               1
      150016      120011  0.258052766      -5.00910139               1
      150016      130012  0.642496467      -5.00910234               1
      150016      140013   2.52975941      -5.00910282               1
      150016      180017   2.52975893      -5.00910282               1
      150016      190018  0.642496347      -5.00910282               1
      150016      200019  0.258052677      -5.00910234               1
      150016      210020  0.129354820      -5.00910139               1
      150016      220021   7.40351304E-02  -5.00910044               1
      150016      230022   4.62773554E-02  -5.00909996               1
      150016      240023   3.08222286E-02  -5.00909901               1
      150016      250024   2.15494987E-02  -5.00909805               1
      150016      260025   1.56582352E-02  -5.00909710               1
      150016      270026   1.17389169E-02  -5.00909662               1
      150016      280027   9.03025549E-03  -5.00909615               1
      150016      290028   7.09751947E-03  -5.00909567               1
      150016      300029   5.68067608E-03  -5.00909519               1
      150016      310030   4.61785216E-03  -5.00909519               1
      150016      320031   3.80469044E-03  -5.00909519               1
      150016      330032   3.17181181E-03  -5.00909519               1
      160017       20001   4.61777020E-03  -5.00909710               1
      160017       30002   5.68061415E-03  -5.00909710               1
      160017       40003   7.09747383E-03  -5.00909710               1
      160017       50004   9.03022196E-03  -5.00909758               1
      160017       60005   1.17388926E-02  -5.00909805               1
      160017       70006   1.56582166E-02  -5.00909853               1
      160017       80007   2.15494856E-02  -5.00909901               1
      160017       90008   3.08222193E-02  -5.00909996               1
      160017      100009   4.62773442E-02  -5.00910044               1
      160017      110010   7.40351155E-02  -5.00910091               1
      160017      120011  0.129354820      -5.00910139               1
      160017      130012  0.258052677      -5.00910234               1
      160017      140013  0.642496347      -5.00910282               1
      160017      150014   2.52975893      -5.00910282               1
      160017      190018   2.52975941      -5.00910282               1
      160017      200019  0.642496467      -5.00910234               1
      160017      210020  0.258052766      -5.00910139               1
      160017      220021  0.129354864      -5.00910044               1
      160017      230022   7.40351528E-02  -5.00909996               1
      160017      240023   4.62773666E-02  -5.00909901               1
      160017      250024   3.08222380E-02  -5.00909805               1
      160017      260025   2.15495024E-02  -5.00909710               1
      160017      270026   1.56582352E-02  -5.00909615               1
      160017      280027   1.17389122E-02  -5.00909567               1
      160017      290028   9.03024618E-03  -5.00909519               1
      160017      300029   7.09750503E-03  -5.00909519               1
      160017      310030   5.68065466E-03  -5.00909472               1
      160017      320031   4.61782189E-03  -5.00909472               1
      160017      330032   3.80465086E-03  -5.00909472               1
      170018       20001   3.80464830E-03  -5.00909758               1
      170018       30002   4.61781910E-03  -5.00909758               1
      170018       40003   5.68065094E-03  -5.00909758               1
      170018       50004   7.09750038E-03  -5.00909758               1
      170018       60005   9.03024059E-03  -5.00909805               1
      170018       70006   1.17389038E-02  -5.00909853               1
      170018       80007   1.56582221E-02  -5.00909948               1
      170018       90008   2.15494856E-02  -5.00909996               1
      170018      100009   3.08222156E-02  -5.00910044               1
      170018      110010   4.62773368E-02  -5.00910091               1
      170018      120011   7.40351006E-02  -5.00910187               1
      170018      130012  0.129354775      -5.00910234               1
      170018      140013  0.258052647      -5.00910282               1
      170018      150014  0.642496288      -5.00910282               1
      170018      160015   2.52975893      -5.00910282               1
      170018      200019   2.52976012      -5.00910187               1
      170018      210020  0.642496705      -5.00910091               1
      170018      220021  0.258052886      -5.00909996               1
      170018      230022  0.129354909      -5.00909948               1
      170018      240023   7.40351751E-02  -5.00909853               1
      170018      250024   4.62773815E-02  -5.00909758               1
      170018      260025   3.08222435E-02  -5.00909662               1
      170018      270026   2.15495024E-02  -5.00909615               1
      170018      280027   1.56582296E-02  -5.00909519               1
      170018      290028   1.17389010E-02  -5.00909519               1
      170018      300029   9.03022848E-03  -5.00909472               1
      170018      310030   7.09747849E-03  -5.00909472               1
      170018      320031   5.68061834E-03  -5.00909424               1
      170018      330032   4.61777346E-03  -5.00909424               1
      180019       20001   3.17180995E-03  -5.00909758               1
      180019       30002   3.80468834E-03  -5.00909758               1
      180019       40003   4.61784936E-03  -5.00909758               1
      180019       50004   5.68067329E-03  -5.00909805               1
      180019       60005   7.09751574E-03  -5.00909805               1
      180019       70006   9.03025083E-03  -5.00909853               1
      180019       80007   1.17389094E-02  -5.00909948               1
      180019       90008   1.56582259E-02  -5.00909996               1
      180019      100009   2.15494856E-02  -5.00910044               1
      180019      110010   3.08222119E-02  -5.00910091               1
      180019      120011   4.62773256E-02  -5.00910187               1
      180019      130012   7.40350857E-02  -5.00910234               1
      180019      140013  0.129354760      -5.00910282               1
      180019      150014  0.258052647      -5.00910282               1
      180019      160015  0.642496347      -5.00910282               1
      180019      170016   2.52975941      -5.00910282               1
      180019      210020   2.52976131      -5.00910044               1
      180019      220021  0.642497063      -5.00909948               1
      180019      230022  0.258053005      -5.00909901               1
      180019      240023  0.129354969      -5.00909805               1
      180019      250024   7.40352049E-02  -5.00909710               1
      180019      260025   4.62773964E-02  -5.00909615               1
      180019      270026   3.08222491E-02  -5.00909567               1
      180019      280027   2.15494968E-02  -5.00909472               1
      180019      290028   1.56582166E-02  -5.00909472               1
      180019      300029   1.17388796E-02  -5.00909424               1
      180019      310030   9.03019682E-03  -5.00909376               1
      180019      320031   7.09743332E-03  -5.00909376               1
      180019      330032   5.68055781E-03  -5.00909376               1
      190020       20001   2.67186412E-03  -5.00909758               1
      190020       30002   3.17184324E-03  -5.00909710               1
      190020       40003   3.80471372E-03  -5.00909758               1
      190020       50004   4.61786799E-03  -5.00909758               1
      190020       60005   5.68068633E-03  -5.00909805               1
      190020       70006   7.09752459E-03  -5.00909853               1
      190020       80007   9.03025642E-03  -5.00909901               1
      190020       90008   1.17389122E-02  -5.00909948               1
      190020      100009   1.56582259E-02  -5.00909996               1
      190020      110010   2.15494856E-02  -5.00910044               1
      190020      120011   3.08222100E-02  -5.00910139               1
      190020      130012   4.62773219E-02  -5.00910187               1
      190020      140013   7.40350857E-02  -5.00910234               1
      190020      150014  0.129354775      -5.00910234               1
      190020      160015  0.258052677      -5.00910234               1
      190020      170016  0.642496467      -5.00910234               1
      190020      180017   2.52976012      -5.00910187               1
      190020      220021   2.52976274      -5.00909853               1
      190020      230022  0.642497420      -5.00909805               1
      190020      240023  0.258053124      -5.00909710               1
      190020      250024  0.129355043      -5.00909615               1
      190020      260025   7.40352347E-02  -5.00909519               1
      190020      270026   4.62774076E-02  -5.00909472               1
      190020      280027   3.08222473E-02  -5.00909376               1
      190020      290028   2.15494838E-02  -5.00909376               1
      190020      300029   1.56581905E-02  -5.00909328               1
      190020      310030   1.17388396E-02  -5.00909281               1
      190020      320031   9.03014001E-03  -5.00909281               1
      190020      330032   7.09735788E-03  -5.00909281               1
      200021       20001   2.27165734E-03  -5.00909662               1
      200021       30002   2.67189206E-03  -5.00909662               1
      200021       40003   3.17186490E-03  -5.00909662               1
      200021       50004   3.80472979E-03  -5.00909662               1
      200021       60005   4.61787963E-03  -5.00909710               1
      200021       70006   5.68069471E-03  -5.00909758               1
      200021       80007   7.09753018E-03  -5.00909805               1
      200021       90008   9.03026015E-03  -5.00909901               1
      200021      100009   1.17389150E-02  -5.00909948               1
      200021      110010   1.56582277E-02  -5.00909996               1
      200021      120011   2.15494856E-02  -5.00910044               1
      200021      130012   3.08222100E-02  -5.00910139               1
      200021      140013   4.62773293E-02  -5.00910187               1
      200021      150014   7.40351006E-02  -5.00910187               1
      200021      160015  0.129354820      -5.00910139               1
      200021      170016  0.258052766      -5.00910139               1
      200021      180017  0.642496705      -5.00910091               1
      200021      190018   2.52976131      -5.00910044               1
      200021      230022   2.52976441      -5.00909662               1
      200021      240023  0.642497838      -5.00909615               1
      200021      250024  0.258053303      -5.00909519               1
      200021      260025  0.129355103      -5.00909424               1
      200021      270026   7.40352720E-02  -5.00909328               1
      200021      280027   4.62774150E-02  -5.00909281               1
      200021      290028   3.08222342E-02  -5.00909233               1
      200021      300029   2.15494540E-02  -5.00909185               1
      200021      310030   1.56581420E-02  -5.00909185               1
      200021      320031   1.17387697E-02  -5.00909138               1
      200021      330032   9.03004408E-03  -5.00909138               1
      210022       20001   1.94750575E-03  -5.00909615               1
      210022       30002   2.27168086E-03  -5.00909567               1
      210022       40003   2.67190998E-03  -5.00909567               1
      210022       50004   3.17187817E-03  -5.00909615               1
      210022       60005   3.80473956E-03  -5.00909615               1
      210022       70006   4.61788662E-03  -5.00909662               1
      210022       80007   5.68069937E-03  -5.00909758               1
      210022       90008   7.09753344E-03  -5.00909805               1
      210022      100009   9.03026294E-03  -5.00909853               1
      210022      110010   1.17389169E-02  -5.00909901               1
      210022      120011   1.56582296E-02  -5.00909948               1
      210022      130012   2.15494875E-02  -5.00910044               1
      210022      140013   3.08222156E-02  -5.00910091               1
      210022      150014   4.62773405E-02  -5.00910091               1
      210022      160015   7.40351230E-02  -5.00910091               1
      210022      170016  0.129354864      -5.00910044               1
      210022      180017  0.258052886      -5.00910044               1
      210022      190018  0.642497063      -5.00909948               1
      210022      200019   2.52976274      -5.00909853               1
      210022      240023   2.52976608      -5.00909472               1
      210022      250024  0.642498255      -5.00909376               1
      210022      260025  0.258053452      -5.00909281               1
      210022      270026  0.129355177      -5.00909185               1
      210022      280027   7.40352869E-02  -5.00909138               1
      210022      290028   4.62774001E-02  -5.00909090               1
      210022      300029   3.08221970E-02  -5.00909090               1
      210022      310030   2.15493906E-02  -5.00909042               1
      210022      320031   1.56580489E-02  -5.00909042               1
      210022      330032   1.17386412E-02  -5.00908995               1
      220023       20001   1.68217288E-03  -5.00909519               1
      220023       30002   1.94752507E-03  -5.00909519               1
      220023       40003   2.27169553E-03  -5.00909519               1
      220023       50004   2.67192093E-03  -5.00909519               1
      220023       60005   3.17188608E-03  -5.00909567               1
      220023       70006   3.80474492E-03  -5.00909615               1
      220023       80007   4.61789034E-03  -5.00909662               1
      220023       90008   5.68070170E-03  -5.00909758               1
      220023      100009   7.09753484E-03  -5.00909805               1
      220023      110010   9.03026294E-03  -5.00909853               1
      220023      120011   1.17389169E-02  -5.00909901               1
      220023      130012   1.56582296E-02  -5.00909996               1
      220023      140013   2.15494893E-02  -5.00910044               1
      220023      150014   3.08222193E-02  -5.00909996               1
      220023      160015   4.62773517E-02  -5.00909996               1
      220023      170016   7.40351453E-02  -5.00909996               1
      220023      180017  0.129354909      -5.00909948               1
      220023      190018  0.258052975      -5.00909901               1
      220023      200019  0.642497420      -5.00909805               1
      220023      210020   2.52976441      -5.00909662               1
      220023      250024   2.52976751      -5.00909281               1
      220023      260025  0.642498553      -5.00909185               1
      220023      270026  0.258053571      -5.00909090               1
      220023      280027  0.129355192      -5.00909042               1
      220023      290028   7.40352646E-02  -5.00908995               1
      220023      300029   4.62773480E-02  -5.00908995               1
      220023      310030   3.08221076E-02  -5.00908947               1
      220023      320031   2.15492602E-02  -5.00908947               1
      220023      330032   1.56578701E-02  -5.00908899               1
      230024       20001   1.46290788E-03  -5.00909472               1
      230024       30002   1.68218894E-03  -5.00909424               1
      230024       40003   1.94753730E-03  -5.00909424               1
      230024       50004   2.27170461E-03  -5.00909472               1
      230024       60005   2.67192721E-03  -5.00909519               1
      230024       70006   3.17189028E-03  -5.00909519               1
      230024       80007   3.80474748E-03  -5.00909615               1
      230024       90008   4.61789174E-03  -5.00909662               1
      230024      100009   5.68070216E-03  -5.00909710               1
      230024      110010   7.09753530E-03  -5.00909758               1
      230024      120011   9.03026294E-03  -5.00909853               1
      230024      130012   1.17389159E-02  -5.00909901               1
      230024      140013   1.56582296E-02  -5.00909948               1
      230024      150014   2.15494912E-02  -5.00909948               1
      230024      160015   3.08222268E-02  -5.00909948               1
      230024      170016   4.62773629E-02  -5.00909901               1
      230024      180017   7.40351751E-02  -5.00909853               1
      230024      190018  0.129354969      -5.00909805               1
      230024      200019  0.258053124      -5.00909710               1
      230024      210020  0.642497838      -5.00909615               1
      230024      220021   2.52976608      -5.00909472               1
      230024      260025   2.52976871      -5.00909090               1
      230024      270026  0.642498851      -5.00909042               1
      230024      280027  0.258053601      -5.00908947               1
      230024      290028  0.129355162      -5.00908899               1
      230024      300029   7.40351900E-02  -5.00908899               1
      230024      310030   4.62772213E-02  -5.00908852               1
      230024      320031   3.08219213E-02  -5.00908852               1
      230024      330032   2.15490013E-02  -5.00908804               1
      240025       20001   1.28013769E-03  -5.00909328               1
      240025       30002   1.46292115E-03  -5.00909328               1
      240025       40003   1.68219896E-03  -5.00909328               1
      240025       50004   1.94754452E-03  -5.00909376               1
      240025       60005   2.27170950E-03  -5.00909424               1
      240025       70006   2.67193047E-03  -5.00909472               1
      240025       80007   3.17189191E-03  -5.00909519               1
      240025       90008   3.80474818E-03  -5.00909567               1
      240025      100009   4.61789174E-03  -5.00909615               1
      240025      110010   5.68070170E-03  -5.00909662               1
      240025      120011   7.09753390E-03  -5.00909758               1
      240025      130012   9.03026108E-03  -5.00909853               1
      240025      140013   1.17389150E-02  -5.00909853               1
      240025      150014   1.56582296E-02  -5.00909853               1
      240025      160015   2.15494949E-02  -5.00909853               1
      240025      170016   3.08222324E-02  -5.00909805               1
      240025      180017   4.62773778E-02  -5.00909805               1
      240025      190018   7.40351975E-02  -5.00909758               1
      240025      200019  0.129355028      -5.00909662               1
      240025      210020  0.258053303      -5.00909519               1
      240025      220021  0.642498255      -5.00909376               1
      240025      230022   2.52976751      -5.00909281               1
      240025      270026   2.52976990      -5.00908947               1
      240025      280027  0.642499030      -5.00908852               1
      240025      290028  0.258053601      -5.00908804               1
      240025      300029  0.129355058      -5.00908804               1
      240025      310030   7.40350038E-02  -5.00908756               1
      240025      320031   4.62769419E-02  -5.00908756               1
      240025      330032   3.08215283E-02  -5.00908709               1
      250026       20001   1.12657889E-03  -5.00909233               1
      250026       30002   1.28014805E-03  -5.00909233               1
      250026       40003   1.46292872E-03  -5.00909233               1
      250026       50004   1.68220408E-03  -5.00909281               1
      250026       60005   1.94754754E-03  -5.00909281               1
      250026       70006   2.27171090E-03  -5.00909328               1
      250026       80007   2.67193047E-03  -5.00909424               1
      250026       90008   3.17189097E-03  -5.00909472               1
      250026      100009   3.80474655E-03  -5.00909519               1
      250026      110010   4.61788941E-03  -5.00909567               1
      250026      120011   5.68069844E-03  -5.00909662               1
      250026      130012   7.09752971E-03  -5.00909758               1
      250026      140013   9.03025642E-03  -5.00909805               1
      250026      150014   1.17389113E-02  -5.00909758               1
      250026      160015   1.56582277E-02  -5.00909758               1
      250026      170016   2.15494931E-02  -5.00909710               1
      250026      180017   3.08222342E-02  -5.00909710               1
      250026      190018   4.62773852E-02  -5.00909662               1
      250026      200019   7.40352273E-02  -5.00909567               1
      250026      210020  0.129355088      -5.00909424               1
      250026      220021  0.258053452      -5.00909281               1
      250026      230022  0.642498553      -5.00909185               1
      250026      240023   2.52976871      -5.00909090               1
      250026      280027   2.52977061      -5.00908804               1
      250026      290028  0.642499030      -5.00908756               1
      250026      300029  0.258053452      -5.00908709               1
      250026      310030  0.129354775      -5.00908661               1
      250026      320031   7.40345642E-02  -5.00908661               1
      250026      330032   4.62763086E-02  -5.00908661               1
      260027       20001   9.96624236E-04  -5.00909138               1
      260027       30002   1.12658646E-03  -5.00909138               1
      260027       40003   1.28015305E-03  -5.00909138               1
      260027       50004   1.46293151E-03  -5.00909185               1
      260027       60005   1.68220501E-03  -5.00909185               1
      260027       70006   1.94754696E-03  -5.00909281               1
      260027       80007   2.27170903E-03  -5.00909328               1
      260027       90008   2.67192745E-03  -5.00909424               1
      260027      100009   3.17188725E-03  -5.00909472               1
      260027      110010   3.80474166E-03  -5.00909519               1
      260027      120011   4.61788336E-03  -5.00909567               1
      260027      130012   5.68069145E-03  -5.00909662               1
      260027      140013   7.09752226E-03  -5.00909710               1
      260027      150014   9.03024897E-03  -5.00909710               1
      260027      160015   1.17389038E-02  -5.00909662               1
      260027      170016   1.56582203E-02  -5.00909662               1
      260027      180017   2.15494838E-02  -5.00909615               1
      260027      190018   3.08222286E-02  -5.00909567               1
      260027      200019   4.62773852E-02  -5.00909472               1
      260027      210020   7.40352422E-02  -5.00909328               1
      260027      220021  0.129355147      -5.00909233               1
      260027      230022  0.258053511      -5.00909090               1
      260027      240023  0.642498791      -5.00909042               1
      260027      250024   2.52976966      -5.00908947               1
      260027      290028   2.52977085      -5.00908661               1
      260027      300029  0.642498851      -5.00908661               1
      260027      310030  0.258052975      -5.00908613               1
      260027      320031  0.129354045      -5.00908566               1
      260027      330032   7.40334839E-02  -5.00908566               1
      270028       20001   8.85908026E-04  -5.00909042               1
      270028       30002   9.96628194E-04  -5.00909042               1
      270028       40003   1.12658809E-03  -5.00909042               1
      270028       50004   1.28015259E-03  -5.00909090               1
      270028       60005   1.46292918E-03  -5.00909138               1
      270028       70006   1.68220105E-03  -5.00909185               1
      270028       80007   1.94754160E-03  -5.00909281               1
      270028       90008   2.27170228E-03  -5.00909328               1
      270028      100009   2.67191953E-03  -5.00909376               1
      270028      110010   3.17187794E-03  -5.00909472               1
      270028      120011   3.80473072E-03  -5.00909519               1
      270028      130012   4.61787079E-03  -5.00909615               1
      270028      140013   5.68067748E-03  -5.00909662               1
      270028      150014   7.09750736E-03  -5.00909662               1
      270028      160015   9.03023221E-03  -5.00909615               1
      270028      170016   1.17388852E-02  -5.00909615               1
      270028      180017   1.56581979E-02  -5.00909567               1
      270028      190018   2.15494614E-02  -5.00909519               1
      270028      200019   3.08222063E-02  -5.00909424               1
      270028      210020   4.62773666E-02  -5.00909281               1
      270028      220021   7.40352347E-02  -5.00909138               1
      270028      230022  0.129355133      -5.00909042               1
      270028      240023  0.258053541      -5.00908947               1
      270028      250024  0.642498970      -5.00908852               1
      270028      260025   2.52977037      -5.00908804               1
      270028      300029   2.52977085      -5.00908613               1
      270028      310030  0.642498016      -5.00908566               1
      270028      320031  0.258051693      -5.00908518               1
      270028      330032  0.129352093      -5.00908518               1
      280029       20001   7.90997641E-04  -5.00908995               1
      280029       30002   8.85907211E-04  -5.00908995               1
      280029       40003   9.96625051E-04  -5.00908995               1
      280029       50004   1.12658273E-03  -5.00909042               1
      280029       60005   1.28014525E-03  -5.00909090               1
      280029       70006   1.46291999E-03  -5.00909138               1
      280029       80007   1.68219011E-03  -5.00909233               1
      280029       90008   1.94752880E-03  -5.00909281               1
      280029      100009   2.27168784E-03  -5.00909376               1
      280029      110010   2.67190300E-03  -5.00909424               1
      280029      120011   3.17185908E-03  -5.00909472               1
      280029      130012   3.80470953E-03  -5.00909567               1
      280029      140013   4.61784704E-03  -5.00909615               1
      280029      150014   5.68065094E-03  -5.00909615               1
      280029      160015   7.09747709E-03  -5.00909615               1
      280029      170016   9.03019868E-03  -5.00909567               1
      280029      180017   1.17388451E-02  -5.00909519               1
      280029      190018   1.56581532E-02  -5.00909472               1
      280029      200019   2.15494111E-02  -5.00909376               1
      280029      210020   3.08221485E-02  -5.00909233               1
      280029      220021   4.62773032E-02  -5.00909138               1
      280029      230022   7.40351453E-02  -5.00909042               1
      280029      240023  0.129355043      -5.00908947               1
      280029      250024  0.258053452      -5.00908804               1
      280029      260025  0.642498910      -5.00908756               1
      280029      270026   2.52977085      -5.00908661               1
      280029      310030   2.52976942      -5.00908518               1
      280029      320031  0.642495632      -5.00908518               1
      280029      330032  0.258047938      -5.00908518               1
      290030       20001   7.09167914E-04  -5.00908947               1
      290030       30002   7.90989841E-04  -5.00908947               1
      290030       40003   8.85896850E-04  -5.00908947               1
      290030       50004   9.96612245E-04  -5.00908995               1
      290030       60005   1.12656748E-03  -5.00909042               1
      290030       70006   1.28012768E-03  -5.00909090               1
      290030       80007   1.46290008E-03  -5.00909185               1
      290030       90008   1.68216752E-03  -5.00909233               1
      290030      100009   1.94750365E-03  -5.00909328               1
      290030      110010   2.27165944E-03  -5.00909376               1
      290030      120011   2.67187133E-03  -5.00909472               1
      290030      130012   3.17182345E-03  -5.00909519               1
      290030      140013   3.80466948E-03  -5.00909567               1
      290030      150014   4.61780233E-03  -5.00909567               1
      290030      160015   5.68060018E-03  -5.00909567               1
      290030      170016   7.09741889E-03  -5.00909519               1
      290030      180017   9.03013069E-03  -5.00909519               1
      290030      190018   1.17387669E-02  -5.00909472               1
      290030      200019   1.56580620E-02  -5.00909376               1
      290030      210020   2.15493031E-02  -5.00909233               1
      290030      220021   3.08220182E-02  -5.00909090               1
      290030      230022   4.62771356E-02  -5.00908995               1
      290030      240023   7.40349367E-02  -5.00908899               1
      290030      250024  0.129354775      -5.00908804               1
      290030      260025  0.258053094      -5.00908709               1
      290030      270026  0.642498434      -5.00908661               1
      290030      280027   2.52977037      -5.00908613               1
      290030      320031   2.52976465      -5.00908470               1
      290030      330032  0.642487824      -5.00908470               1
      300031       20001   6.38236117E-04  -5.00908899               1
      300031       30002   7.09149288E-04  -5.00908899               1
      300031       40003   7.90968130E-04  -5.00908899               1
      300031       50004   8.85871996E-04  -5.00908947               1
      300031       60005   9.96584073E-04  -5.00908995               1
      300031       70006   1.12653605E-03  -5.00909042               1
      300031       80007   1.28009275E-03  -5.00909138               1
      300031       90008   1.46286120E-03  -5.00909233               1
      300031      100009   1.68212457E-03  -5.00909281               1
      300031      110010   1.94745581E-03  -5.00909328               1
      300031      120011   2.27160612E-03  -5.00909424               1
      300031      130012   2.67181150E-03  -5.00909519               1
      300031      140013   3.17175640E-03  -5.00909567               1
      300031      150014   3.80459405E-03  -5.00909567               1
      300031      160015   4.61771619E-03  -5.00909519               1
      300031      170016   5.68050146E-03  -5.00909519               1
      300031      180017   7.09730433E-03  -5.00909472               1
      300031      190018   9.02999658E-03  -5.00909424               1
      300031      200019   1.17386077E-02  -5.00909328               1
      300031      210020   1.56578701E-02  -5.00909185               1
      300031      220021   2.15490684E-02  -5.00909090               1
      300031      230022   3.08217183E-02  -5.00908947               1
      300031      240023   4.62767482E-02  -5.00908852               1
      300031      250024   7.40344301E-02  -5.00908756               1
      300031      260025  0.129354075      -5.00908661               1
      300031      270026  0.258052111      -5.00908613               1
      300031      280027  0.642497003      -5.00908566               1
      300031      290028   2.52976823      -5.00908518               1
      300031      330032   2.52974629      -5.00908470               1
      310032       20001   5.76436927E-04  -5.00908852               1
      310032       30002   6.38198515E-04  -5.00908852               1
      310032       40003   7.09107378E-04  -5.00908852               1
      310032       50004   7.90921622E-04  -5.00908899               1
      310032       60005   8.85820657E-04  -5.00908947               1
      310032       70006   9.96527611E-04  -5.00908995               1
      310032       80007   1.12647389E-03  -5.00909090               1
      310032       90008   1.28002418E-03  -5.00909185               1
      310032      100009   1.46278564E-03  -5.00909233               1
      310032      110010   1.68204086E-03  -5.00909328               1
      310032      120011   1.94736267E-03  -5.00909376               1
      310032      130012   2.27150205E-03  -5.00909472               1
      310032      140013   2.67169485E-03  -5.00909519               1
      310032      150014   3.17162485E-03  -5.00909519               1
      310032      160015   3.80444410E-03  -5.00909519               1
      310032      170016   4.61754389E-03  -5.00909472               1
      310032      180017   5.68030076E-03  -5.00909472               1
      310032      190018   7.09706824E-03  -5.00909424               1
      310032      200019   9.02971439E-03  -5.00909328               1
      310032      210020   1.17382659E-02  -5.00909185               1
      310032      220021   1.56574454E-02  -5.00909042               1
      310032      230022   2.15485264E-02  -5.00908947               1
      310032      240023   3.08210105E-02  -5.00908852               1
      310032      250024   4.62757982E-02  -5.00908756               1
      310032      260025   7.40331039E-02  -5.00908661               1
      310032      270026  0.129352167      -5.00908566               1
      310032      280027  0.258049250      -5.00908518               1
      310032      290028  0.642492533      -5.00908518               1
      310032      300029   2.52976060      -5.00908470               1
      320033       20001   5.22315037E-04  -5.00908804               1
      320033       30002   5.76351013E-04  -5.00908804               1
      320033       40003   6.38104801E-04  -5.00908852               1
      320033       50004   7.09005166E-04  -5.00908852               1
      320033       60005   7.90810154E-04  -5.00908947               1
      320033       70006   8.85698944E-04  -5.00908995               1
      320033       80007   9.96394432E-04  -5.00909090               1
      320033       90008   1.12632802E-03  -5.00909138               1
      320033      100009   1.27986376E-03  -5.00909233               1
      320033      110010   1.46260858E-03  -5.00909281               1
      320033      120011   1.68184447E-03  -5.00909376               1
      320033      130012   1.94714370E-03  -5.00909472               1
      320033      140013   2.27125688E-03  -5.00909519               1
      320033      150014   2.67141801E-03  -5.00909519               1
      320033      160015   3.17130960E-03  -5.00909519               1
      320033      170016   3.80408205E-03  -5.00909472               1
      320033      180017   4.61712340E-03  -5.00909472               1
      320033      190018   5.67980576E-03  -5.00909376               1
      320033      200019   7.09647732E-03  -5.00909281               1
      320033      210020   9.02899634E-03  -5.00909185               1
      320033      220021   1.17373746E-02  -5.00909042               1
      320033      230022   1.56563092E-02  -5.00908947               1
      320033      240023   2.15470381E-02  -5.00908852               1
      320033      250024   3.08190007E-02  -5.00908756               1
      320033      260025   4.62729782E-02  -5.00908661               1
      320033      270026   7.40289837E-02  -5.00908566               1
      320033      280027  0.129345849      -5.00908518               1
      320033      290028  0.258039057      -5.00908518               1
      320033      300029  0.642474949      -5.00908470               1
      320033      310030   2.52972794      -5.00908470               1
