         930
       10002       40003   2.52933764      -5.04211807               1
       10002       50004  0.642375827      -5.04211855               1
       10002       60005  0.257999241      -5.04211855               1
       10002       70006  0.129325882      -5.04211903               1
       10002       80007   7.40175545E-02  -5.04211950               1
       10002       90008   4.62658294E-02  -5.04212046               1
       10002      100009   3.08142379E-02  -5.04212093               1
       10002      110010   2.15437077E-02  -5.04212189               1
       10002      120011   1.56538896E-02  -5.04212284               1
       10002      130012   1.17355585E-02  -5.04212379               1
       10002      140013   9.02760122E-03  -5.04212475               1
       10002      150014   7.09538208E-03  -5.04212523               1
       10002      160015   5.67893032E-03  -5.04212523               1
       10002      170016   4.61641187E-03  -5.04212570               1
       10002      180017   3.80349648E-03  -5.04212570               1
       10002      190018   3.17082182E-03  -5.04212570               1
       10002      200019   2.67100753E-03  -5.04212523               1
       10002      210020   2.27090833E-03  -5.04212427               1
       10002      220021   1.94684544E-03  -5.04212379               1
       10002      230022   1.68158673E-03  -5.04212284               1
       10002      240023   1.46238436E-03  -5.04212236               1
       10002      250024   1.27966772E-03  -5.04212141               1
       10002      260025   1.12615537E-03  -5.04212046               1
       10002      270026   9.96241812E-04  -5.04211950               1
       10002      280027   8.85563146E-04  -5.04211903               1
       10002      290028   7.90688850E-04  -5.04211855               1
       10002      300029   7.08896376E-04  -5.04211807               1
       10002      310030   6.38006895E-04  -5.04211807               1
       10002      320031   5.76262537E-04  -5.04211807               1
       10002      330032   5.22234885E-04  -5.04211855               1
       20003       50004   2.52937055      -5.04211807               1
       20003       60005  0.642393410      -5.04211855               1
       20003       70006  0.258009434      -5.04211903               1
       20003       80007  0.129332185      -5.04211950               1
       20003       90008   7.40216672E-02  -5.04212046               1
       20003      100009   4.62686494E-02  -5.04212093               1
       20003      110010   3.08162495E-02  -5.04212141               1
       20003      120011   2.15451960E-02  -5.04212236               1
       20003      130012   1.56550240E-02  -5.04212379               1
       20003      140013   1.17364516E-02  -5.04212475               1
       20003      150014   9.02832113E-03  -5.04212475               1
       20003      160015   7.09597440E-03  -5.04212523               1
       20003      170016   5.67942625E-03  -5.04212523               1
       20003      180017   4.61683329E-03  -5.04212570               1
       20003      190018   3.80385900E-03  -5.04212570               1
       20003      200019   3.17113753E-03  -5.04212523               1
       20003      210020   2.67128530E-03  -5.04212427               1
       20003      220021   2.27115420E-03  -5.04212332               1
       20003      230022   1.94706442E-03  -5.04212284               1
       20003      240023   1.68178312E-03  -5.04212189               1
       20003      250024   1.46256154E-03  -5.04212093               1
       20003      260025   1.27982814E-03  -5.04211998               1
       20003      270026   1.12630124E-03  -5.04211950               1
       20003      280027   9.96374874E-04  -5.04211903               1
       20003      290028   8.85684858E-04  -5.04211855               1
       20003      300029   7.90800317E-04  -5.04211807               1
       20003      310030   7.08998588E-04  -5.04211807               1
       20003      320031   6.38100610E-04  -5.04211807               1
       20003      330032   5.76348510E-04  -5.04211855               1
       30004       20001   2.52935600      -5.04211807               1
       30004       60005   2.52937794      -5.04211855               1
       30004       70006  0.642397881      -5.04211903               1
       30004       80007  0.258012265      -5.04211950               1
       30004       90008  0.129334092      -5.04212046               1
       30004      100009   7.40229934E-02  -5.04212093               1
       30004      110010   4.62695993E-02  -5.04212141               1
       30004      120011   3.08169555E-02  -5.04212236               1
       30004      130012   2.15457343E-02  -5.04212379               1
       30004      140013   1.56554505E-02  -5.04212475               1
       30004      150014   1.17367962E-02  -5.04212475               1
       30004      160015   9.02860425E-03  -5.04212523               1
       30004      170016   7.09621143E-03  -5.04212523               1
       30004      180017   5.67962741E-03  -5.04212570               1
       30004      190018   4.61700605E-03  -5.04212570               1
       30004      200019   3.80400987E-03  -5.04212523               1
       30004      210020   3.17127001E-03  -5.04212427               1
       30004      220021   2.67140241E-03  -5.04212332               1
       30004      230022   2.27125827E-03  -5.04212284               1
       30004      240023   1.94715743E-03  -5.04212236               1
       30004      250024   1.68186694E-03  -5.04212141               1
       30004      260025   1.46263710E-03  -5.04212046               1
       30004      270026   1.27989659E-03  -5.04211950               1
       30004      280027   1.12636341E-03  -5.04211903               1
       30004      290028   9.96431336E-04  -5.04211855               1
       30004      300029   8.85736139E-04  -5.04211855               1
       30004      310030   7.90846825E-04  -5.04211807               1
       30004      320031   7.09040556E-04  -5.04211855               1
       30004      330032   6.38138270E-04  -5.04211855               1
       40005       20001  0.642388701      -5.04211855               1
       40005       30002   2.52937436      -5.04211807               1
       40005       70006   2.52937984      -5.04211903               1
       40005       80007  0.642399251      -5.04211950               1
       40005       90008  0.258013248      -5.04212046               1
       40005      100009  0.129334778      -5.04212093               1
       40005      110010   7.40235001E-02  -5.04212189               1
       40005      120011   4.62699831E-02  -5.04212284               1
       40005      130012   3.08172517E-02  -5.04212379               1
       40005      140013   2.15459727E-02  -5.04212475               1
       40005      150014   1.56556442E-02  -5.04212523               1
       40005      160015   1.17369574E-02  -5.04212523               1
       40005      170016   9.02874023E-03  -5.04212523               1
       40005      180017   7.09632644E-03  -5.04212570               1
       40005      190018   5.67972660E-03  -5.04212570               1
       40005      200019   4.61709313E-03  -5.04212523               1
       40005      210020   3.80408601E-03  -5.04212475               1
       40005      220021   3.17133754E-03  -5.04212379               1
       40005      230022   2.67146202E-03  -5.04212284               1
       40005      240023   2.27131159E-03  -5.04212236               1
       40005      250024   1.94720528E-03  -5.04212141               1
       40005      260025   1.68190990E-03  -5.04212046               1
       40005      270026   1.46267586E-03  -5.04211950               1
       40005      280027   1.27993152E-03  -5.04211903               1
       40005      290028   1.12639484E-03  -5.04211903               1
       40005      300029   9.96459392E-04  -5.04211855               1
       40005      310030   8.85760994E-04  -5.04211855               1
       40005      320031   7.90868537E-04  -5.04211855               1
       40005      330032   7.09059183E-04  -5.04211855               1
       50006       20001  0.258008122      -5.04211855               1
       50006       30002  0.642396510      -5.04211855               1
       50006       40003   2.52937889      -5.04211855               1
       50006       80007   2.52938008      -5.04211998               1
       50006       90008  0.642399609      -5.04212093               1
       50006      100009  0.258013576      -5.04212141               1
       50006      110010  0.129335046      -5.04212189               1
       50006      120011   7.40237013E-02  -5.04212284               1
       50006      130012   4.62701432E-02  -5.04212427               1
       50006      140013   3.08173858E-02  -5.04212475               1
       50006      150014   2.15460863E-02  -5.04212523               1
       50006      160015   1.56557392E-02  -5.04212570               1
       50006      170016   1.17370375E-02  -5.04212570               1
       50006      180017   9.02880821E-03  -5.04212570               1
       50006      190018   7.09638558E-03  -5.04212618               1
       50006      200019   5.67977829E-03  -5.04212570               1
       50006      210020   4.61713877E-03  -5.04212475               1
       50006      220021   3.80412675E-03  -5.04212379               1
       50006      230022   3.17137316E-03  -5.04212332               1
       50006      240023   2.67149368E-03  -5.04212284               1
       50006      250024   2.27133976E-03  -5.04212189               1
       50006      260025   1.94723043E-03  -5.04212093               1
       50006      270026   1.68193236E-03  -5.04211998               1
       50006      280027   1.46269577E-03  -5.04211950               1
       50006      290028   1.27994898E-03  -5.04211950               1
       50006      300029   1.12640997E-03  -5.04211903               1
       50006      310030   9.96472081E-04  -5.04211903               1
       50006      320031   8.85771296E-04  -5.04211903               1
       50006      330032   7.90876278E-04  -5.04211950               1
       60007       20001  0.129332125      -5.04211903               1
       60007       30002  0.258011878      -5.04211903               1
       60007       40003  0.642398894      -5.04211903               1
       60007       50004   2.52938032      -5.04211903               1
       60007       90008   2.52937961      -5.04212141               1
       60007      100009  0.642399669      -5.04212189               1
       60007      110010  0.258013666      -5.04212236               1
       60007      120011  0.129335135      -5.04212332               1
       60007      130012   7.40237758E-02  -5.04212475               1
       60007      140013   4.62702140E-02  -5.04212523               1
       60007      150014   3.08174472E-02  -5.04212570               1
       60007      160015   2.15461403E-02  -5.04212618               1
       60007      170016   1.56557858E-02  -5.04212618               1
       60007      180017   1.17370775E-02  -5.04212618               1
       60007      190018   9.02884360E-03  -5.04212618               1
       60007      200019   7.09641632E-03  -5.04212618               1
       60007      210020   5.67980623E-03  -5.04212523               1
       60007      220021   4.61716298E-03  -5.04212427               1
       60007      230022   3.80414771E-03  -5.04212379               1
       60007      240023   3.17139155E-03  -5.04212332               1
       60007      250024   2.67151021E-03  -5.04212236               1
       60007      260025   2.27135420E-03  -5.04212141               1
       60007      270026   1.94724300E-03  -5.04212093               1
       60007      280027   1.68194307E-03  -5.04212046               1
       60007      290028   1.46270485E-03  -5.04211998               1
       60007      300029   1.27995620E-03  -5.04211998               1
       60007      310030   1.12641521E-03  -5.04211998               1
       60007      320031   9.96475224E-04  -5.04211998               1
       60007      330032   8.85772053E-04  -5.04211998               1
       70008       20001   7.40220547E-02  -5.04211950               1
       70008       30002  0.129334077      -5.04211950               1
       70008       40003  0.258013129      -5.04211950               1
       70008       50004  0.642399609      -5.04211950               1
       70008       60005   2.52938032      -5.04211998               1
       70008      100009   2.52937865      -5.04212236               1
       70008      110010  0.642399430      -5.04212284               1
       70008      120011  0.258013606      -5.04212379               1
       70008      130012  0.129335120      -5.04212523               1
       70008      140013   7.40237907E-02  -5.04212618               1
       70008      150014   4.62702401E-02  -5.04212666               1
       70008      160015   3.08174733E-02  -5.04212666               1
       70008      170016   2.15461645E-02  -5.04212666               1
       70008      180017   1.56558082E-02  -5.04212713               1
       70008      190018   1.17370971E-02  -5.04212713               1
       70008      200019   9.02886130E-03  -5.04212666               1
       70008      210020   7.09643308E-03  -5.04212570               1
       70008      220021   5.67982066E-03  -5.04212523               1
       70008      230022   4.61717509E-03  -5.04212475               1
       70008      240023   3.80415819E-03  -5.04212379               1
       70008      250024   3.17140087E-03  -5.04212284               1
       70008      260025   2.67151790E-03  -5.04212236               1
       70008      270026   2.27136072E-03  -5.04212141               1
       70008      280027   1.94724824E-03  -5.04212093               1
       70008      290028   1.68194692E-03  -5.04212093               1
       70008      300029   1.46270706E-03  -5.04212046               1
       70008      310030   1.27995654E-03  -5.04212046               1
       70008      320031   1.12641347E-03  -5.04212046               1
       70008      330032   9.96471150E-04  -5.04212093               1
       80009       20001   4.62691598E-02  -5.04212046               1
       80009       30002   7.40231276E-02  -5.04212046               1
       80009       40003  0.129334792      -5.04212046               1
       80009       50004  0.258013576      -5.04212046               1
       80009       60005  0.642399788      -5.04212093               1
       80009       70006   2.52937961      -5.04212141               1
       80009      110010   2.52937746      -5.04212379               1
       80009      120011  0.642399132      -5.04212475               1
       80009      130012  0.258013487      -5.04212570               1
       80009      140013  0.129335091      -5.04212666               1
       80009      150014   7.40237907E-02  -5.04212713               1
       80009      160015   4.62702438E-02  -5.04212713               1
       80009      170016   3.08174826E-02  -5.04212761               1
       80009      180017   2.15461738E-02  -5.04212761               1
       80009      190018   1.56558175E-02  -5.04212761               1
       80009      200019   1.17371073E-02  -5.04212713               1
       80009      210020   9.02887061E-03  -5.04212666               1
       80009      220021   7.09644146E-03  -5.04212570               1
       80009      230022   5.67982718E-03  -5.04212523               1
       80009      240023   4.61718114E-03  -5.04212475               1
       80009      250024   3.80416331E-03  -5.04212379               1
       80009      260025   3.17140482E-03  -5.04212284               1
       80009      270026   2.67152069E-03  -5.04212236               1
       80009      280027   2.27136235E-03  -5.04212189               1
       80009      290028   1.94724870E-03  -5.04212141               1
       80009      300029   1.68194587E-03  -5.04212141               1
       80009      310030   1.46270415E-03  -5.04212141               1
       80009      320031   1.27995154E-03  -5.04212141               1
       80009      330032   1.12640590E-03  -5.04212189               1
       90010       20001   3.08167655E-02  -5.04212093               1
       90010       30002   4.62697931E-02  -5.04212093               1
       90010       40003   7.40235671E-02  -5.04212093               1
       90010       50004  0.129335076      -5.04212093               1
       90010       60005  0.258013725      -5.04212141               1
       90010       70006  0.642399728      -5.04212189               1
       90010       80007   2.52937865      -5.04212236               1
       90010      120011   2.52937603      -5.04212475               1
       90010      130012  0.642398775      -5.04212618               1
       90010      140013  0.258013368      -5.04212713               1
       90010      150014  0.129335046      -5.04212761               1
       90010      160015   7.40237832E-02  -5.04212761               1
       90010      170016   4.62702438E-02  -5.04212761               1
       90010      180017   3.08174845E-02  -5.04212809               1
       90010      190018   2.15461776E-02  -5.04212809               1
       90010      200019   1.56558231E-02  -5.04212761               1
       90010      210020   1.17371129E-02  -5.04212713               1
       90010      220021   9.02887620E-03  -5.04212618               1
       90010      230022   7.09644565E-03  -5.04212570               1
       90010      240023   5.67983044E-03  -5.04212523               1
       90010      250024   4.61718393E-03  -5.04212427               1
       90010      260025   3.80416494E-03  -5.04212332               1
       90010      270026   3.17140552E-03  -5.04212284               1
       90010      280027   2.67152046E-03  -5.04212236               1
       90010      290028   2.27136072E-03  -5.04212189               1
       90010      300029   1.94724556E-03  -5.04212189               1
       90010      310030   1.68194075E-03  -5.04212189               1
       90010      320031   1.46269659E-03  -5.04212189               1
       90010      330032   1.27994118E-03  -5.04212236               1
      100011       20001   2.15456728E-02  -5.04212141               1
      100011       30002   3.08171585E-02  -5.04212141               1
      100011       40003   4.62700687E-02  -5.04212141               1
      100011       50004   7.40237534E-02  -5.04212141               1
      100011       60005  0.129335180      -5.04212189               1
      100011       70006  0.258013725      -5.04212236               1
      100011       80007  0.642399490      -5.04212284               1
      100011       90008   2.52937746      -5.04212379               1
      100011      130012   2.52937460      -5.04212618               1
      100011      140013  0.642398477      -5.04212713               1
      100011      150014  0.258013278      -5.04212761               1
      100011      160015  0.129335016      -5.04212809               1
      100011      170016   7.40237683E-02  -5.04212809               1
      100011      180017   4.62702364E-02  -5.04212809               1
      100011      190018   3.08174845E-02  -5.04212856               1
      100011      200019   2.15461794E-02  -5.04212809               1
      100011      210020   1.56558268E-02  -5.04212713               1
      100011      220021   1.17371166E-02  -5.04212666               1
      100011      230022   9.02887806E-03  -5.04212570               1
      100011      240023   7.09644705E-03  -5.04212523               1
      100011      250024   5.67983184E-03  -5.04212475               1
      100011      260025   4.61718393E-03  -5.04212379               1
      100011      270026   3.80416424E-03  -5.04212284               1
      100011      280027   3.17140389E-03  -5.04212284               1
      100011      290028   2.67151743E-03  -5.04212236               1
      100011      300029   2.27135606E-03  -5.04212236               1
      100011      310030   1.94723846E-03  -5.04212236               1
      100011      320031   1.68193085E-03  -5.04212236               1
      100011      330032   1.46268343E-03  -5.04212284               1
      110012       20001   1.56554505E-02  -5.04212236               1
      110012       30002   2.15459298E-02  -5.04212236               1
      110012       40003   3.08173429E-02  -5.04212236               1
      110012       50004   4.62701954E-02  -5.04212236               1
      110012       60005   7.40238205E-02  -5.04212284               1
      110012       70006  0.129335195      -5.04212332               1
      110012       80007  0.258013636      -5.04212379               1
      110012       90008  0.642399192      -5.04212475               1
      110012      100009   2.52937603      -5.04212475               1
      110012      140013   2.52937317      -5.04212761               1
      110012      150014  0.642398179      -5.04212856               1
      110012      160015  0.258013189      -5.04212856               1
      110012      170016  0.129334986      -5.04212856               1
      110012      180017   7.40237460E-02  -5.04212904               1
      110012      190018   4.62702326E-02  -5.04212904               1
      110012      200019   3.08174826E-02  -5.04212856               1
      110012      210020   2.15461813E-02  -5.04212761               1
      110012      220021   1.56558286E-02  -5.04212713               1
      110012      230022   1.17371175E-02  -5.04212666               1
      110012      240023   9.02887899E-03  -5.04212570               1
      110012      250024   7.09644705E-03  -5.04212523               1
      110012      260025   5.67983091E-03  -5.04212427               1
      110012      270026   4.61718254E-03  -5.04212379               1
      110012      280027   3.80416145E-03  -5.04212332               1
      110012      290028   3.17139947E-03  -5.04212284               1
      110012      300029   2.67151091E-03  -5.04212284               1
      110012      310030   2.27134698E-03  -5.04212284               1
      110012      320031   1.94722612E-03  -5.04212284               1
      110012      330032   1.68191479E-03  -5.04212332               1
      120013       20001   1.17368251E-02  -5.04212379               1
      120013       30002   1.56556275E-02  -5.04212332               1
      120013       40003   2.15460584E-02  -5.04212332               1
      120013       50004   3.08174305E-02  -5.04212379               1
      120013       60005   4.62702438E-02  -5.04212379               1
      120013       70006   7.40238279E-02  -5.04212427               1
      120013       80007  0.129335150      -5.04212523               1
      120013       90008  0.258013517      -5.04212570               1
      120013      100009  0.642398775      -5.04212618               1
      120013      110010   2.52937460      -5.04212618               1
      120013      150014   2.52937222      -5.04212904               1
      120013      160015  0.642397940      -5.04212904               1
      120013      170016  0.258013129      -5.04212952               1
      120013      180017  0.129334942      -5.04212952               1
      120013      190018   7.40237311E-02  -5.04212952               1
      120013      200019   4.62702252E-02  -5.04212904               1
      120013      210020   3.08174845E-02  -5.04212856               1
      120013      220021   2.15461832E-02  -5.04212761               1
      120013      230022   1.56558286E-02  -5.04212713               1
      120013      240023   1.17371175E-02  -5.04212666               1
      120013      250024   9.02887806E-03  -5.04212570               1
      120013      260025   7.09644565E-03  -5.04212475               1
      120013      270026   5.67982858E-03  -5.04212427               1
      120013      280027   4.61717835E-03  -5.04212379               1
      120013      290028   3.80415563E-03  -5.04212379               1
      120013      300029   3.17139155E-03  -5.04212379               1
      120013      310030   2.67149997E-03  -5.04212379               1
      120013      320031   2.27133208E-03  -5.04212379               1
      120013      330032   1.94720691E-03  -5.04212427               1
      130014       20001   9.02864896E-03  -5.04212427               1
      130014       30002   1.17369555E-02  -5.04212427               1
      130014       40003   1.56557225E-02  -5.04212427               1
      130014       50004   2.15461254E-02  -5.04212427               1
      130014       60005   3.08174714E-02  -5.04212475               1
      130014       70006   4.62702587E-02  -5.04212523               1
      130014       80007   7.40238205E-02  -5.04212618               1
      130014       90008  0.129335105      -5.04212666               1
      130014      100009  0.258013397      -5.04212713               1
      130014      110010  0.642398477      -5.04212713               1
      130014      120011   2.52937317      -5.04212761               1
      130014      160015   2.52937150      -5.04212952               1
      130014      170016  0.642397821      -5.04212952               1
      130014      180017  0.258013070      -5.04212999               1
      130014      190018  0.129334942      -5.04212999               1
      130014      200019   7.40237385E-02  -5.04212952               1
      130014      210020   4.62702326E-02  -5.04212904               1
      130014      220021   3.08174901E-02  -5.04212809               1
      130014      230022   2.15461869E-02  -5.04212761               1
      130014      240023   1.56558305E-02  -5.04212666               1
      130014      250024   1.17371185E-02  -5.04212618               1
      130014      260025   9.02887713E-03  -5.04212523               1
      130014      270026   7.09644333E-03  -5.04212475               1
      130014      280027   5.67982439E-03  -5.04212427               1
      130014      290028   4.61717229E-03  -5.04212379               1
      130014      300029   3.80414655E-03  -5.04212379               1
      130014      310030   3.17137875E-03  -5.04212379               1
      130014      320031   2.67148251E-03  -5.04212379               1
      130014      330032   2.27130926E-03  -5.04212427               1
      140015       20001   7.09626265E-03  -5.04212475               1
      140015       30002   9.02874675E-03  -5.04212475               1
      140015       40003   1.17370281E-02  -5.04212475               1
      140015       50004   1.56557746E-02  -5.04212475               1
      140015       60005   2.15461589E-02  -5.04212523               1
      140015       70006   3.08174882E-02  -5.04212570               1
      140015       80007   4.62702624E-02  -5.04212618               1
      140015       90008   7.40238056E-02  -5.04212713               1
      140015      100009  0.129335061      -5.04212761               1
      140015      110010  0.258013278      -5.04212761               1
      140015      120011  0.642398179      -5.04212856               1
      140015      130012   2.52937222      -5.04212904               1
      140015      170016   2.52937126      -5.04212952               1
      140015      180017  0.642397761      -5.04212999               1
      140015      190018  0.258013070      -5.04212999               1
      140015      200019  0.129334942      -5.04212952               1
      140015      210020   7.40237534E-02  -5.04212856               1
      140015      220021   4.62702475E-02  -5.04212809               1
      140015      230022   3.08174957E-02  -5.04212761               1
      140015      240023   2.15461906E-02  -5.04212666               1
      140015      250024   1.56558324E-02  -5.04212618               1
      140015      260025   1.17371185E-02  -5.04212523               1
      140015      270026   9.02887527E-03  -5.04212427               1
      140015      280027   7.09643913E-03  -5.04212379               1
      140015      290028   5.67981740E-03  -5.04212379               1
      140015      300029   4.61716158E-03  -5.04212379               1
      140015      310030   3.80413164E-03  -5.04212379               1
      140015      320031   3.17135802E-03  -5.04212379               1
      140015      330032   2.67145550E-03  -5.04212379               1
      150016       20001   5.67968190E-03  -5.04212523               1
      150016       30002   7.09633948E-03  -5.04212475               1
      150016       40003   9.02880449E-03  -5.04212475               1
      150016       50004   1.17370700E-02  -5.04212523               1
      150016       60005   1.56558026E-02  -5.04212523               1
      150016       70006   2.15461757E-02  -5.04212570               1
      150016       80007   3.08174938E-02  -5.04212666               1
      150016       90008   4.62702587E-02  -5.04212713               1
      150016      100009   7.40237832E-02  -5.04212761               1
      150016      110010  0.129335016      -5.04212809               1
      150016      120011  0.258013189      -5.04212856               1
      150016      130012  0.642397940      -5.04212904               1
      150016      140013   2.52937150      -5.04212952               1
      150016      180017   2.52937126      -5.04212952               1
      150016      190018  0.642397821      -5.04212952               1
      150016      200019  0.258013129      -5.04212904               1
      150016      210020  0.129334986      -5.04212856               1
      150016      220021   7.40237758E-02  -5.04212761               1
      150016      230022   4.62702587E-02  -5.04212713               1
      150016      240023   3.08175031E-02  -5.04212666               1
      150016      250024   2.15461943E-02  -5.04212570               1
      150016      260025   1.56558342E-02  -5.04212475               1
      150016      270026   1.17371166E-02  -5.04212427               1
      150016      280027   9.02887154E-03  -5.04212379               1
      150016      290028   7.09643122E-03  -5.04212332               1
      150016      300029   5.67980530E-03  -5.04212332               1
      150016      310030   4.61714389E-03  -5.04212332               1
      150016      320031   3.80410696E-03  -5.04212332               1
      150016      330032   3.17132543E-03  -5.04212379               1
      160017       20001   4.61706240E-03  -5.04212570               1
      160017       30002   5.67974336E-03  -5.04212523               1
      160017       40003   7.09638558E-03  -5.04212523               1
      160017       50004   9.02883802E-03  -5.04212523               1
      160017       60005   1.17370924E-02  -5.04212570               1
      160017       70006   1.56558175E-02  -5.04212618               1
      160017       80007   2.15461813E-02  -5.04212666               1
      160017       90008   3.08174938E-02  -5.04212713               1
      160017      100009   4.62702513E-02  -5.04212761               1
      160017      110010   7.40237683E-02  -5.04212809               1
      160017      120011  0.129334986      -5.04212856               1
      160017      130012  0.258013129      -5.04212952               1
      160017      140013  0.642397821      -5.04212952               1
      160017      150014   2.52937126      -5.04212952               1
      160017      190018   2.52937150      -5.04212952               1
      160017      200019  0.642398000      -5.04212904               1
      160017      210020  0.258013219      -5.04212809               1
      160017      220021  0.129335031      -5.04212761               1
      160017      230022   7.40237981E-02  -5.04212713               1
      160017      240023   4.62702736E-02  -5.04212618               1
      160017      250024   3.08175124E-02  -5.04212570               1
      160017      260025   2.15461981E-02  -5.04212475               1
      160017      270026   1.56558342E-02  -5.04212379               1
      160017      280027   1.17371120E-02  -5.04212332               1
      160017      290028   9.02886223E-03  -5.04212332               1
      160017      300029   7.09641678E-03  -5.04212284               1
      160017      310030   5.67978388E-03  -5.04212284               1
      160017      320031   4.61711409E-03  -5.04212284               1
      160017      330032   3.80406762E-03  -5.04212332               1
      170018       20001   3.80406505E-03  -5.04212570               1
      170018       30002   4.61711129E-03  -5.04212570               1
      170018       40003   5.67978015E-03  -5.04212523               1
      170018       50004   7.09641213E-03  -5.04212570               1
      170018       60005   9.02885571E-03  -5.04212570               1
      170018       70006   1.17371036E-02  -5.04212618               1
      170018       80007   1.56558231E-02  -5.04212666               1
      170018       90008   2.15461813E-02  -5.04212761               1
      170018      100009   3.08174901E-02  -5.04212809               1
      170018      110010   4.62702401E-02  -5.04212809               1
      170018      120011   7.40237534E-02  -5.04212904               1
      170018      130012  0.129334942      -5.04212952               1
      170018      140013  0.258013070      -5.04212999               1
      170018      150014  0.642397761      -5.04212999               1
      170018      160015   2.52937126      -5.04212952               1
      170018      200019   2.52937222      -5.04212856               1
      170018      210020  0.642398238      -5.04212809               1
      170018      220021  0.258013308      -5.04212713               1
      170018      230022  0.129335076      -5.04212666               1
      170018      240023   7.40238279E-02  -5.04212618               1
      170018      250024   4.62702885E-02  -5.04212523               1
      170018      260025   3.08175180E-02  -5.04212427               1
      170018      270026   2.15461981E-02  -5.04212379               1
      170018      280027   1.56558286E-02  -5.04212332               1
      170018      290028   1.17371008E-02  -5.04212284               1
      170018      300029   9.02884454E-03  -5.04212284               1
      170018      310030   7.09639071E-03  -5.04212284               1
      170018      320031   5.67974709E-03  -5.04212284               1
      170018      330032   4.61706566E-03  -5.04212284               1
      180019       20001   3.17132380E-03  -5.04212618               1
      180019       30002   3.80410510E-03  -5.04212570               1
      180019       40003   4.61714156E-03  -5.04212570               1
      180019       50004   5.67980250E-03  -5.04212570               1
      180019       60005   7.09642749E-03  -5.04212570               1
      180019       70006   9.02886596E-03  -5.04212618               1
      180019       80007   1.17371092E-02  -5.04212666               1
      180019       90008   1.56558249E-02  -5.04212761               1
      180019      100009   2.15461813E-02  -5.04212809               1
      180019      110010   3.08174863E-02  -5.04212809               1
      180019      120011   4.62702326E-02  -5.04212904               1
      180019      130012   7.40237311E-02  -5.04212952               1
      180019      140013  0.129334942      -5.04212999               1
      180019      150014  0.258013070      -5.04212999               1
      180019      160015  0.642397821      -5.04212952               1
      180019      170016   2.52937150      -5.04212952               1
      180019      210020   2.52937341      -5.04212761               1
      180019      220021  0.642398536      -5.04212666               1
      180019      230022  0.258013427      -5.04212618               1
      180019      240023  0.129335135      -5.04212570               1
      180019      250024   7.40238577E-02  -5.04212475               1
      180019      260025   4.62702997E-02  -5.04212379               1
      180019      270026   3.08175236E-02  -5.04212332               1
      180019      280027   2.15461943E-02  -5.04212284               1
      180019      290028   1.56558156E-02  -5.04212236               1
      180019      300029   1.17370794E-02  -5.04212236               1
      180019      310030   9.02881194E-03  -5.04212236               1
      180019      320031   7.09634507E-03  -5.04212236               1
      180019      330032   5.67968702E-03  -5.04212236               1
      190020       20001   2.67145433E-03  -5.04212570               1
      190020       30002   3.17135709E-03  -5.04212570               1
      190020       40003   3.80413048E-03  -5.04212523               1
      190020       50004   4.61716019E-03  -5.04212523               1
      190020       60005   5.67981554E-03  -5.04212570               1
      190020       70006   7.09643634E-03  -5.04212618               1
      190020       80007   9.02887154E-03  -5.04212666               1
      190020       90008   1.17371129E-02  -5.04212713               1
      190020      100009   1.56558268E-02  -5.04212761               1
      190020      110010   2.15461813E-02  -5.04212809               1
      190020      120011   3.08174845E-02  -5.04212856               1
      190020      130012   4.62702252E-02  -5.04212904               1
      190020      140013   7.40237311E-02  -5.04212952               1
      190020      150014  0.129334942      -5.04212952               1
      190020      160015  0.258013129      -5.04212904               1
      190020      170016  0.642398000      -5.04212904               1
      190020      180017   2.52937222      -5.04212856               1
      190020      220021   2.52937484      -5.04212570               1
      190020      230022  0.642398894      -5.04212523               1
      190020      240023  0.258013576      -5.04212475               1
      190020      250024  0.129335210      -5.04212379               1
      190020      260025   7.40238875E-02  -5.04212332               1
      190020      270026   4.62703146E-02  -5.04212236               1
      190020      280027   3.08175217E-02  -5.04212189               1
      190020      290028   2.15461794E-02  -5.04212141               1
      190020      300029   1.56557914E-02  -5.04212141               1
      190020      310030   1.17370402E-02  -5.04212141               1
      190020      320031   9.02875606E-03  -5.04212141               1
      190020      330032   7.09626963E-03  -5.04212141               1
      200021       20001   2.27130903E-03  -5.04212523               1
      200021       30002   2.67148227E-03  -5.04212475               1
      200021       40003   3.17137851E-03  -5.04212475               1
      200021       50004   3.80414631E-03  -5.04212475               1
      200021       60005   4.61717183E-03  -5.04212475               1
      200021       70006   5.67982346E-03  -5.04212523               1
      200021       80007   7.09644193E-03  -5.04212570               1
      200021       90008   9.02887527E-03  -5.04212666               1
      200021      100009   1.17371157E-02  -5.04212713               1
      200021      110010   1.56558286E-02  -5.04212713               1
      200021      120011   2.15461813E-02  -5.04212761               1
      200021      130012   3.08174845E-02  -5.04212856               1
      200021      140013   4.62702326E-02  -5.04212904               1
      200021      150014   7.40237534E-02  -5.04212856               1
      200021      160015  0.129334986      -5.04212856               1
      200021      170016  0.258013219      -5.04212809               1
      200021      180017  0.642398238      -5.04212809               1
      200021      190018   2.52937341      -5.04212761               1
      200021      230022   2.52937651      -5.04212379               1
      200021      240023  0.642399311      -5.04212332               1
      200021      250024  0.258013725      -5.04212284               1
      200021      260025  0.129335284      -5.04212189               1
      200021      270026   7.40239173E-02  -5.04212141               1
      200021      280027   4.62703183E-02  -5.04212093               1
      200021      290028   3.08175087E-02  -5.04212046               1
      200021      300029   2.15461515E-02  -5.04211998               1
      200021      310030   1.56557430E-02  -5.04211998               1
      200021      320031   1.17369695E-02  -5.04211998               1
      200021      330032   9.02866013E-03  -5.04212046               1
      210022       20001   1.94720714E-03  -5.04212427               1
      210022       30002   2.27133255E-03  -5.04212427               1
      210022       40003   2.67150044E-03  -5.04212379               1
      210022       50004   3.17139179E-03  -5.04212379               1
      210022       60005   3.80415609E-03  -5.04212427               1
      210022       70006   4.61717881E-03  -5.04212475               1
      210022       80007   5.67982858E-03  -5.04212523               1
      210022       90008   7.09644519E-03  -5.04212570               1
      210022      100009   9.02887806E-03  -5.04212618               1
      210022      110010   1.17371175E-02  -5.04212666               1
      210022      120011   1.56558286E-02  -5.04212713               1
      210022      130012   2.15461832E-02  -5.04212761               1
      210022      140013   3.08174901E-02  -5.04212809               1
      210022      150014   4.62702438E-02  -5.04212809               1
      210022      160015   7.40237758E-02  -5.04212761               1
      210022      170016  0.129335031      -5.04212761               1
      210022      180017  0.258013308      -5.04212713               1
      210022      190018  0.642398536      -5.04212666               1
      210022      200019   2.52937484      -5.04212570               1
      210022      240023   2.52937818      -5.04212236               1
      210022      250024  0.642399728      -5.04212141               1
      210022      260025  0.258013904      -5.04212093               1
      210022      270026  0.129335344      -5.04211998               1
      210022      280027   7.40239322E-02  -5.04211950               1
      210022      290028   4.62703072E-02  -5.04211950               1
      210022      300029   3.08174714E-02  -5.04211903               1
      210022      310030   2.15460882E-02  -5.04211903               1
      210022      320031   1.56556480E-02  -5.04211903               1
      210022      330032   1.17368419E-02  -5.04211903               1
      220023       20001   1.68191502E-03  -5.04212379               1
      220023       30002   1.94722647E-03  -5.04212332               1
      220023       40003   2.27134721E-03  -5.04212332               1
      220023       50004   2.67151138E-03  -5.04212332               1
      220023       60005   3.17139970E-03  -5.04212379               1
      220023       70006   3.80416145E-03  -5.04212379               1
      220023       80007   4.61718207E-03  -5.04212475               1
      220023       90008   5.67983044E-03  -5.04212523               1
      220023      100009   7.09644705E-03  -5.04212570               1
      220023      110010   9.02887899E-03  -5.04212618               1
      220023      120011   1.17371175E-02  -5.04212666               1
      220023      130012   1.56558286E-02  -5.04212713               1
      220023      140013   2.15461850E-02  -5.04212761               1
      220023      150014   3.08174938E-02  -5.04212761               1
      220023      160015   4.62702550E-02  -5.04212713               1
      220023      170016   7.40237981E-02  -5.04212713               1
      220023      180017  0.129335076      -5.04212666               1
      220023      190018  0.258013427      -5.04212618               1
      220023      200019  0.642398894      -5.04212523               1
      220023      210020   2.52937651      -5.04212379               1
      220023      250024   2.52937961      -5.04212093               1
      220023      260025  0.642400086      -5.04211998               1
      220023      270026  0.258013994      -5.04211950               1
      220023      280027  0.129335359      -5.04211855               1
      220023      290028   7.40239099E-02  -5.04211855               1
      220023      300029   4.62702513E-02  -5.04211807               1
      220023      310030   3.08173820E-02  -5.04211807               1
      220023      320031   2.15459559E-02  -5.04211807               1
      220023      330032   1.56554691E-02  -5.04211807               1
      230024       20001   1.46268366E-03  -5.04212332               1
      230024       30002   1.68193108E-03  -5.04212284               1
      230024       40003   1.94723869E-03  -5.04212284               1
      230024       50004   2.27135629E-03  -5.04212284               1
      230024       60005   2.67151766E-03  -5.04212284               1
      230024       70006   3.17140389E-03  -5.04212332               1
      230024       80007   3.80416424E-03  -5.04212379               1
      230024       90008   4.61718347E-03  -5.04212475               1
      230024      100009   5.67983137E-03  -5.04212523               1
      230024      110010   7.09644705E-03  -5.04212523               1
      230024      120011   9.02887806E-03  -5.04212618               1
      230024      130012   1.17371166E-02  -5.04212666               1
      230024      140013   1.56558286E-02  -5.04212713               1
      230024      150014   2.15461869E-02  -5.04212713               1
      230024      160015   3.08175012E-02  -5.04212666               1
      230024      170016   4.62702699E-02  -5.04212666               1
      230024      180017   7.40238205E-02  -5.04212618               1
      230024      190018  0.129335135      -5.04212570               1
      230024      200019  0.258013576      -5.04212475               1
      230024      210020  0.642399311      -5.04212332               1
      230024      220021   2.52937818      -5.04212236               1
      230024      260025   2.52938080      -5.04211903               1
      230024      270026  0.642400324      -5.04211855               1
      230024      280027  0.258014053      -5.04211807               1
      230024      290028  0.129335329      -5.04211760               1
      230024      300029   7.40238354E-02  -5.04211760               1
      230024      310030   4.62701246E-02  -5.04211760               1
      230024      320031   3.08171939E-02  -5.04211760               1
      230024      330032   2.15456989E-02  -5.04211760               1
      240025       20001   1.27994141E-03  -5.04212189               1
      240025       30002   1.46269682E-03  -5.04212189               1
      240025       40003   1.68194110E-03  -5.04212189               1
      240025       50004   1.94724591E-03  -5.04212189               1
      240025       60005   2.27136118E-03  -5.04212189               1
      240025       70006   2.67152069E-03  -5.04212236               1
      240025       80007   3.17140575E-03  -5.04212332               1
      240025       90008   3.80416494E-03  -5.04212379               1
      240025      100009   4.61718393E-03  -5.04212427               1
      240025      110010   5.67983091E-03  -5.04212475               1
      240025      120011   7.09644565E-03  -5.04212523               1
      240025      130012   9.02887620E-03  -5.04212570               1
      240025      140013   1.17371157E-02  -5.04212618               1
      240025      150014   1.56558286E-02  -5.04212618               1
      240025      160015   2.15461906E-02  -5.04212570               1
      240025      170016   3.08175068E-02  -5.04212570               1
      240025      180017   4.62702811E-02  -5.04212523               1
      240025      190018   7.40238503E-02  -5.04212475               1
      240025      200019  0.129335195      -5.04212427               1
      240025      210020  0.258013725      -5.04212284               1
      240025      220021  0.642399728      -5.04212141               1
      240025      230022   2.52937961      -5.04212093               1
      240025      270026   2.52938199      -5.04211760               1
      240025      280027  0.642400503      -5.04211712               1
      240025      290028  0.258014023      -5.04211664               1
      240025      300029  0.129335240      -5.04211664               1
      240025      310030   7.40236491E-02  -5.04211664               1
      240025      320031   4.62698489E-02  -5.04211664               1
      240025      330032   3.08168028E-02  -5.04211664               1
      250026       20001   1.12640613E-03  -5.04212093               1
      250026       30002   1.27995177E-03  -5.04212093               1
      250026       40003   1.46270450E-03  -5.04212093               1
      250026       50004   1.68194622E-03  -5.04212093               1
      250026       60005   1.94724905E-03  -5.04212093               1
      250026       70006   2.27136258E-03  -5.04212141               1
      250026       80007   2.67152092E-03  -5.04212236               1
      250026       90008   3.17140482E-03  -5.04212284               1
      250026      100009   3.80416331E-03  -5.04212332               1
      250026      110010   4.61718114E-03  -5.04212379               1
      250026      120011   5.67982765E-03  -5.04212427               1
      250026      130012   7.09644146E-03  -5.04212523               1
      250026      140013   9.02887248E-03  -5.04212523               1
      250026      150014   1.17371120E-02  -5.04212523               1
      250026      160015   1.56558268E-02  -5.04212523               1
      250026      170016   2.15461887E-02  -5.04212475               1
      250026      180017   3.08175087E-02  -5.04212475               1
      250026      190018   4.62702885E-02  -5.04212427               1
      250026      200019   7.40238726E-02  -5.04212332               1
      250026      210020  0.129335269      -5.04212189               1
      250026      220021  0.258013874      -5.04212093               1
      250026      230022  0.642400026      -5.04211998               1
      250026      240023   2.52938080      -5.04211903               1
      250026      280027   2.52938271      -5.04211617               1
      250026      290028  0.642400563      -5.04211617               1
      250026      300029  0.258013874      -5.04211569               1
      250026      310030  0.129334942      -5.04211569               1
      250026      320031   7.40232095E-02  -5.04211569               1
      250026      330032   4.62692119E-02  -5.04211569               1
      260027       20001   9.96471383E-04  -5.04211998               1
      260027       30002   1.12641370E-03  -5.04211998               1
      260027       40003   1.27995678E-03  -5.04211998               1
      260027       50004   1.46270730E-03  -5.04211998               1
      260027       60005   1.68194715E-03  -5.04212046               1
      260027       70006   1.94724835E-03  -5.04212093               1
      260027       80007   2.27136072E-03  -5.04212141               1
      260027       90008   2.67151790E-03  -5.04212189               1
      260027      100009   3.17140087E-03  -5.04212284               1
      260027      110010   3.80415842E-03  -5.04212284               1
      260027      120011   4.61717555E-03  -5.04212379               1
      260027      130012   5.67982020E-03  -5.04212427               1
      260027      140013   7.09643401E-03  -5.04212475               1
      260027      150014   9.02886502E-03  -5.04212475               1
      260027      160015   1.17371036E-02  -5.04212427               1
      260027      170016   1.56558193E-02  -5.04212427               1
      260027      180017   2.15461813E-02  -5.04212379               1
      260027      190018   3.08175031E-02  -5.04212332               1
      260027      200019   4.62702885E-02  -5.04212236               1
      260027      210020   7.40238950E-02  -5.04212141               1
      260027      220021  0.129335314      -5.04211998               1
      260027      230022  0.258013964      -5.04211950               1
      260027      240023  0.642400324      -5.04211855               1
      260027      250024   2.52938199      -5.04211760               1
      260027      290028   2.52938318      -5.04211521               1
      260027      300029  0.642400324      -5.04211521               1
      260027      310030  0.258013427      -5.04211521               1
      260027      320031  0.129334211      -5.04211521               1
      260027      330032   7.40221366E-02  -5.04211521               1
      270028       20001   8.85772170E-04  -5.04211950               1
      270028       30002   9.96475341E-04  -5.04211903               1
      270028       40003   1.12641533E-03  -5.04211903               1
      270028       50004   1.27995631E-03  -5.04211950               1
      270028       60005   1.46270497E-03  -5.04211950               1
      270028       70006   1.68194319E-03  -5.04211998               1
      270028       80007   1.94724300E-03  -5.04212093               1
      270028       90008   2.27135397E-03  -5.04212141               1
      270028      100009   2.67150998E-03  -5.04212189               1
      270028      110010   3.17139155E-03  -5.04212236               1
      270028      120011   3.80414748E-03  -5.04212332               1
      270028      130012   4.61716298E-03  -5.04212379               1
      270028      140013   5.67980669E-03  -5.04212427               1
      270028      150014   7.09641911E-03  -5.04212427               1
      270028      160015   9.02884826E-03  -5.04212379               1
      270028      170016   1.17370849E-02  -5.04212379               1
      270028      180017   1.56557970E-02  -5.04212332               1
      270028      190018   2.15461589E-02  -5.04212284               1
      270028      200019   3.08174808E-02  -5.04212189               1
      270028      210020   4.62702736E-02  -5.04212093               1
      270028      220021   7.40238801E-02  -5.04211950               1
      270028      230022  0.129335299      -5.04211903               1
      270028      240023  0.258013994      -5.04211807               1
      270028      250024  0.642400444      -5.04211712               1
      270028      260025   2.52938271      -5.04211617               1
      270028      300029   2.52938294      -5.04211473               1
      270028      310030  0.642399549      -5.04211473               1
      270028      320031  0.258012146      -5.04211473               1
      270028      330032  0.129332259      -5.04211473               1
      280029       20001   7.90876336E-04  -5.04211903               1
      280029       30002   8.85771355E-04  -5.04211855               1
      280029       40003   9.96472198E-04  -5.04211855               1
      280029       50004   1.12640997E-03  -5.04211903               1
      280029       60005   1.27994898E-03  -5.04211903               1
      280029       70006   1.46269577E-03  -5.04211950               1
      280029       80007   1.68193213E-03  -5.04212046               1
      280029       90008   1.94723019E-03  -5.04212093               1
      280029      100009   2.27133953E-03  -5.04212189               1
      280029      110010   2.67149345E-03  -5.04212236               1
      280029      120011   3.17137269E-03  -5.04212284               1
      280029      130012   3.80412606E-03  -5.04212379               1
      280029      140013   4.61713923E-03  -5.04212379               1
      280029      150014   5.67978015E-03  -5.04212379               1
      280029      160015   7.09638931E-03  -5.04212379               1
      280029      170016   9.02881380E-03  -5.04212332               1
      280029      180017   1.17370458E-02  -5.04212332               1
      280029      190018   1.56557523E-02  -5.04212284               1
      280029      200019   2.15461068E-02  -5.04212189               1
      280029      210020   3.08174230E-02  -5.04212046               1
      280029      220021   4.62702066E-02  -5.04211950               1
      280029      230022   7.40237981E-02  -5.04211855               1
      280029      240023  0.129335210      -5.04211760               1
      280029      250024  0.258013874      -5.04211664               1
      280029      260025  0.642400384      -5.04211617               1
      280029      270026   2.52938294      -5.04211521               1
      280029      310030   2.52938151      -5.04211426               1
      280029      320031  0.642397165      -5.04211473               1
      280029      330032  0.258008361      -5.04211473               1
      290030       20001   7.09059183E-04  -5.04211855               1
      290030       30002   7.90868595E-04  -5.04211855               1
      290030       40003   8.85761052E-04  -5.04211855               1
      290030       50004   9.96459392E-04  -5.04211855               1
      290030       60005   1.12639484E-03  -5.04211903               1
      290030       70006   1.27993140E-03  -5.04211950               1
      290030       80007   1.46267575E-03  -5.04211998               1
      290030       90008   1.68190966E-03  -5.04212093               1
      290030      100009   1.94720505E-03  -5.04212141               1
      290030      110010   2.27131136E-03  -5.04212189               1
      290030      120011   2.67146179E-03  -5.04212236               1
      290030      130012   3.17133707E-03  -5.04212332               1
      290030      140013   3.80408624E-03  -5.04212379               1
      290030      150014   4.61709406E-03  -5.04212379               1
      290030      160015   5.67972939E-03  -5.04212332               1
      290030      170016   7.09633064E-03  -5.04212332               1
      290030      180017   9.02874582E-03  -5.04212284               1
      290030      190018   1.17369667E-02  -5.04212236               1
      290030      200019   1.56556610E-02  -5.04212189               1
      290030      210020   2.15459988E-02  -5.04212046               1
      290030      220021   3.08172926E-02  -5.04211903               1
      290030      230022   4.62700389E-02  -5.04211855               1
      290030      240023   7.40235895E-02  -5.04211760               1
      290030      250024  0.129334942      -5.04211664               1
      290030      260025  0.258013546      -5.04211569               1
      290030      270026  0.642399967      -5.04211521               1
      290030      280027   2.52938247      -5.04211473               1
      290030      320031   2.52937675      -5.04211426               1
      290030      330032  0.642389297      -5.04211426               1
      300031       20001   6.38138270E-04  -5.04211807               1
      300031       30002   7.09040556E-04  -5.04211807               1
      300031       40003   7.90846825E-04  -5.04211807               1
      300031       50004   8.85736197E-04  -5.04211807               1
      300031       60005   9.96431336E-04  -5.04211855               1
      300031       70006   1.12636341E-03  -5.04211903               1
      300031       80007   1.27989647E-03  -5.04211998               1
      300031       90008   1.46263698E-03  -5.04212093               1
      300031      100009   1.68186671E-03  -5.04212141               1
      300031      110010   1.94715720E-03  -5.04212189               1
      300031      120011   2.27125781E-03  -5.04212236               1
      300031      130012   2.67140195E-03  -5.04212332               1
      300031      140013   3.17127025E-03  -5.04212379               1
      300031      150014   3.80401080E-03  -5.04212379               1
      300031      160015   4.61700838E-03  -5.04212332               1
      300031      170016   5.67963067E-03  -5.04212332               1
      300031      180017   7.09621608E-03  -5.04212284               1
      300031      190018   9.02861170E-03  -5.04212236               1
      300031      200019   1.17368083E-02  -5.04212141               1
      300031      210020   1.56554691E-02  -5.04212046               1
      300031      220021   2.15457641E-02  -5.04211903               1
      300031      230022   3.08169927E-02  -5.04211855               1
      300031      240023   4.62696552E-02  -5.04211760               1
      300031      250024   7.40230754E-02  -5.04211664               1
      300031      260025  0.129334241      -5.04211569               1
      300031      270026  0.258012563      -5.04211521               1
      300031      280027  0.642398536      -5.04211473               1
      300031      290028   2.52938032      -5.04211426               1
      300031      330032   2.52935839      -5.04211426               1
      310032       20001   5.76348568E-04  -5.04211807               1
      310032       30002   6.38100668E-04  -5.04211807               1
      310032       40003   7.08998647E-04  -5.04211807               1
      310032       50004   7.90800375E-04  -5.04211807               1
      310032       60005   8.85684858E-04  -5.04211855               1
      310032       70006   9.96374758E-04  -5.04211903               1
      310032       80007   1.12630113E-03  -5.04211998               1
      310032       90008   1.27982791E-03  -5.04212046               1
      310032      100009   1.46256131E-03  -5.04212141               1
      310032      110010   1.68178300E-03  -5.04212189               1
      310032      120011   1.94706419E-03  -5.04212236               1
      310032      130012   2.27115396E-03  -5.04212332               1
      310032      140013   2.67128530E-03  -5.04212379               1
      310032      150014   3.17113847E-03  -5.04212379               1
      310032      160015   3.80386086E-03  -5.04212332               1
      310032      170016   4.61683609E-03  -5.04212332               1
      310032      180017   5.67942997E-03  -5.04212284               1
      310032      190018   7.09597999E-03  -5.04212236               1
      310032      200019   9.02833045E-03  -5.04212141               1
      310032      210020   1.17364665E-02  -5.04212046               1
      310032      220021   1.56550445E-02  -5.04211903               1
      310032      230022   2.15452220E-02  -5.04211855               1
      310032      240023   3.08162849E-02  -5.04211760               1
      310032      250024   4.62687016E-02  -5.04211664               1
      310032      260025   7.40217492E-02  -5.04211569               1
      310032      270026  0.129332334      -5.04211521               1
      310032      280027  0.258009672      -5.04211473               1
      310032      290028  0.642394006      -5.04211473               1
      310032      300029   2.52937293      -5.04211426               1
      320033       20001   5.22234943E-04  -5.04211807               1
      320033       30002   5.76262653E-04  -5.04211807               1
      320033       40003   6.38006954E-04  -5.04211807               1
      320033       50004   7.08896434E-04  -5.04211807               1
      320033       60005   7.90688908E-04  -5.04211855               1
      320033       70006   8.85563146E-04  -5.04211903               1
      320033       80007   9.96241695E-04  -5.04211998               1
      320033       90008   1.12615526E-03  -5.04212046               1
      320033      100009   1.27966749E-03  -5.04212141               1
      320033      110010   1.46238424E-03  -5.04212189               1
      320033      120011   1.68158661E-03  -5.04212236               1
      320033      130012   1.94684521E-03  -5.04212332               1
      320033      140013   2.27090856E-03  -5.04212379               1
      320033      150014   2.67100846E-03  -5.04212379               1
      320033      160015   3.17082345E-03  -5.04212332               1
      320033      170016   3.80349904E-03  -5.04212332               1
      320033      180017   4.61641513E-03  -5.04212284               1
      320033      190018   5.67893498E-03  -5.04212236               1
      320033      200019   7.09538907E-03  -5.04212189               1
      320033      210020   9.02761240E-03  -5.04212046               1
      320033      220021   1.17355743E-02  -5.04211950               1
      320033      230022   1.56539083E-02  -5.04211855               1
      320033      240023   2.15437338E-02  -5.04211760               1
      320033      250024   3.08142751E-02  -5.04211664               1
      320033      260025   4.62658852E-02  -5.04211569               1
      320033      270026   7.40176365E-02  -5.04211521               1
      320033      280027  0.129326016      -5.04211473               1
      320033      290028  0.257999480      -5.04211473               1
      320033      300029  0.642376482      -5.04211426               1
      320033      310030   2.52934003      -5.04211426               1
