         930
       10003       70005   2.5912168     -1.91969017E-03           1
       10003       80006   1.1965864     -1.39720005E-03           1
       10003       90007  0.65705603     -1.96957309E-03           1
       10003      100008  0.40136793     -2.98700947E-03           1
       10003      110009  0.26370010     -4.38854611E-03           1
       10003      120010  0.18285210     -5.43118501E-03           1
       10003      130011  0.13198467     -5.49763674E-03           1
       10003      140012  9.83433276E-02 -3.33044515E-03           1
       10003      150013  7.48689920E-02  7.85482768E-03           1
       10003      160014  5.78360148E-02  3.21155563E-02           1
       10003      170015  4.48128060E-02  8.06072876E-02           1
       10003      180016  3.75788063E-02  7.92027265E-03           1
       10003      190017  3.73101011E-02 -0.28960183               1
       10003      200018  3.22348177E-02 -0.33787081               1
       10003      210019  2.24447586E-02 -4.98528220E-02           1
       10003      220020  1.74609851E-02  0.11019631               1
       10003      230021  1.50887109E-02  9.25022513E-02           1
       10003      240022  1.31515004E-02  7.10967258E-02           1
       10003      250023  1.15619339E-02  4.79474738E-02           1
       10003      260024  1.01729799E-02  3.39294970E-02           1
       10003      270025  8.99726991E-03  2.26966683E-02           1
       10003      280026  7.98137020E-03  1.50038870E-02           1
       10003      290027  7.11175986E-03  9.21815075E-03           1
       10003      300028  6.35982165E-03  5.69544034E-03           1
       10003      310029  5.70898782E-03  3.34524782E-03           1
       10003      320030  5.14420029E-03  2.36862083E-03           1
       10003      330031  4.65019187E-03  2.21834308E-03           1
       10003      340032  4.21658531E-03  8.14333092E-04           1
       10003      350033  3.83809023E-03 -3.24928644E-03           1
       10003      360034  3.51581885E-03 -2.25133952E-02           1
       20004       80006   2.5886323      3.85872321E-03           1
       20004       90007   1.1957668      7.24425120E-03           1
       20004      100008  0.65684164      9.33274347E-03           1
       20004      110009  0.40121472      1.02904346E-02           1
       20004      120010  0.26372457      1.10685909E-02           1
       20004      130011  0.18275028      1.22048398E-02           1
       20004      140012  0.13187696      1.50964521E-02           1
       20004      150013  9.78687406E-02  2.64185835E-02           1
       20004      160014  7.40240663E-02  5.10258898E-02           1
       20004      170015  5.63171059E-02  0.10085709               1
       20004      180016  4.64018919E-02  3.29024978E-02           1
       20004      190017  4.54220213E-02 -0.26278019               1
       20004      200018  3.88718881E-02 -0.31315559               1
       20004      210019  2.68018600E-02 -2.52976026E-02           1
       20004      220020  2.06383802E-02  0.13733402               1
       20004      230021  1.76776499E-02  0.12146860               1
       20004      240022  1.52902324E-02  0.10132023               1
       20004      250023  1.33520495E-02  7.90394098E-02           1
       20004      260024  1.16773145E-02  6.57950789E-02           1
       20004      270025  1.02717057E-02  5.52832223E-02           1
       20004      280026  9.06700175E-03  4.83052805E-02           1
       20004      290027  8.04282166E-03  4.32293341E-02           1
       20004      300028  7.16288807E-03  4.04290147E-02           1
       20004      310029  6.40561618E-03  3.88094001E-02           1
       20004      320030  5.75187011E-03  3.85758728E-02           1
       20004      330031  5.18284086E-03  3.91818769E-02           1
       20004      340032  4.68563288E-03  3.85503732E-02           1
       20004      350033  4.25331015E-03  3.52592431E-02           1
       20004      360034  3.88624333E-03  1.67552158E-02           1
       30005       90007   2.5887966      1.70581148E-03           1
       30005      100008   1.1961565      5.48824528E-03           1
       30005      110009  0.65687597      7.81556498E-03           1
       30005      120010  0.40131459      9.64336004E-03           1
       30005      130011  0.26356864      1.12615507E-02           1
       30005      140012  0.18255013      1.41505683E-02           1
       30005      150013  0.13120502      2.47725341E-02           1
       30005      160014  9.66947749E-02  4.88823801E-02           1
       30005      170015  7.19604269E-02  9.93013084E-02           1
       30005      180016  5.80609627E-02  3.58808860E-02           1
       30005      190017  5.58890551E-02 -0.25849089               1
       30005      200018  4.72976826E-02 -0.31201497               1
       30005      210019  3.22408490E-02 -2.52211802E-02           1
       30005      220020  2.45333426E-02  0.13936216               1
       30005      230021  2.07992978E-02  0.12463354               1
       30005      240022  1.78303365E-02  0.10499283               1
       30005      250023  1.54486233E-02  8.27887952E-02           1
       30005      260024  1.34160286E-02  6.95094913E-02           1
       30005      270025  1.17262695E-02  5.89010455E-02           1
       30005      280026  1.02911731E-02  5.18165566E-02           1
       30005      290027  9.08050966E-03  4.66268398E-02           1
       30005      300028  8.04784242E-03  4.37268540E-02           1
       30005      310029  7.16485316E-03  4.20171767E-02           1
       30005      320030  6.40704390E-03  4.17095795E-02           1
       30005      330031  5.75107569E-03  4.22589593E-02           1
       30005      340032  5.18082222E-03  4.15930972E-02           1
       30005      350033  4.68717562E-03  3.82712297E-02           1
       30005      360034  4.26937779E-03  1.97273195E-02           1
       40006      100008   2.5895693     -1.03936982E-04           1
       40006      110009   1.1963875      3.16127576E-03           1
       40006      120010  0.65720361      5.85965626E-03           1
       40006      130011  0.40127066      7.84102175E-03           1
       40006      140012  0.26345059      1.06149111E-02           1
       40006      150013  0.18182947      2.02886071E-02           1
       40006      160014  0.12977771      4.36531566E-02           1
       40006      170015  9.40502286E-02  9.45426151E-02           1
       40006      180016  7.40281492E-02  3.62912007E-02           1
       40006      190017  6.98751062E-02 -0.25648952               1
       40006      200018  5.83761781E-02 -0.31358284               1
       40006      210019  3.92803326E-02 -2.80284900E-02           1
       40006      220020  2.94937175E-02  0.13869035               1
       40006      230021  2.47195158E-02  0.12521189               1
       40006      240022  2.09814645E-02  0.10612214               1
       40006      250023  1.80217084E-02  8.39843675E-02           1
       40006      260024  1.55293560E-02  7.06398264E-02           1
       40006      270025  1.34788146E-02  5.98923564E-02           1
       40006      280026  1.17544197E-02  5.26533611E-02           1
       40006      290027  1.03118652E-02  4.72980700E-02           1
       40006      300028  9.09099076E-03  4.42458168E-02           1
       40006      310029  8.05436075E-03  4.23931405E-02           1
       40006      320030  7.17033586E-03  4.19593081E-02           1
       40006      330031  6.40966883E-03  4.24011536E-02           1
       40006      340032  5.75202517E-03  4.16520871E-02           1
       40006      350033  5.18544158E-03  3.82516384E-02           1
       40006      360034  4.70759440E-03  1.96203534E-02           1
       50007       30001   2.5956473     -1.82738528E-03           1
       50007      110009   2.5887904     -8.03093193E-04           1
       50007      120010   1.1964499      2.31707655E-03           1
       50007      130011  0.65698642      4.35084570E-03           1
       50007      140012  0.40106186      6.75322907E-03           1
       50007      150013  0.26255509      1.50557561E-02           1
       50007      160014  0.17995544      3.72497402E-02           1
       50007      170015  0.12622373      8.83440599E-02           1
       50007      180016  9.64334011E-02  3.60028856E-02           1
       50007      190017  8.89235362E-02 -0.25484565               1
       50007      200018  7.31757581E-02 -0.31605312               1
       50007      210019  4.85115722E-02 -3.19688916E-02           1
       50007      220020  3.58777530E-02  0.13710122               1
       50007      230021  2.96839830E-02  0.12501386               1
       50007      240022  2.49163229E-02  0.10653791               1
       50007      250023  2.11954191E-02  8.44686776E-02           1
       50007      260024  1.81072429E-02  7.10403919E-02           1
       50007      270025  1.55952545E-02  6.01231456E-02           1
       50007      280026  1.35053620E-02  5.26941456E-02           1
       50007      290027  1.17729902E-02  4.71347123E-02           1
       50007      300028  1.03192562E-02  4.38918732E-02           1
       50007      310029  9.09427460E-03  4.18585017E-02           1
       50007      320030  8.05682596E-03  4.12624292E-02           1
       50007      330031  7.16989813E-03  4.15628552E-02           1
       50007      340032  6.40764227E-03  4.06995825E-02           1
       50007      350033  5.75432368E-03  3.71909812E-02           1
       50007      360034  5.20545617E-03  1.84432119E-02           1
       60008       30001   1.1994648     -1.21559692E-03           1
       60008       40002   2.5890849      3.68552282E-03           1
       60008      120010   2.5877488     -1.20855504E-04           1
       60008      130011   1.1957723      1.90020422E-03           1
       60008      140012  0.65656626      3.86672234E-03           1
       60008      150013  0.39996961      1.04236575E-02           1
       60008      160014  0.26005840      3.09929177E-02           1
       60008      170015  0.17506342      8.19733366E-02           1
       60008      180016  0.12893397      3.65602523E-02           1
       60008      190017  0.11557233     -0.25180760               1
       60008      200018  9.34056863E-02 -0.31776643               1
       60008      210019  6.08590469E-02 -3.53884958E-02           1
       60008      220020  4.42348942E-02  0.13635685               1
       60008      230021  3.60646769E-02  0.12589423               1
       60008      240022  2.98946295E-02  0.10816955               1
       60008      250023  2.51561757E-02  8.62311795E-02           1
       60008      260024  2.12853532E-02  7.27546141E-02           1
       60008      270025  1.81759410E-02  6.16867989E-02           1
       60008      280026  1.56191373E-02  5.40799648E-02           1
       60008      290027  1.35208545E-02  4.83237505E-02           1
       60008      300028  1.17763057E-02  4.48969081E-02           1
       60008      310029  1.03184152E-02  4.26892675E-02           1
       60008      320030  9.09296889E-03  4.19385582E-02           1
       60008      330031  8.05264246E-03  4.21068929E-02           1
       60008      340032  7.16429343E-03  4.11413535E-02           1
       60008      350033  6.40717288E-03  3.75375599E-02           1
       60008      360034  5.77381160E-03  1.86860505E-02           1
       70009       30001  0.65905327     -1.64458551E-03           1
       70009       40002   1.1960974      6.92838756E-03           1
       70009       50003   2.5889411      1.62386289E-03           1
       70009      130011   2.5872040      7.99131696E-04           1
       70009      140012   1.1954085      2.34382926E-03           1
       70009      150013  0.65565157      6.69514108E-03           1
       70009      160014  0.39679801      2.50168312E-02           1
       70009      170015  0.25325614      7.53520802E-02           1
       70009      180016  0.17812718      3.81309949E-02           1
       70009      190017  0.15415533     -0.24699950               1
       70009      200018  0.12188102     -0.31853724               1
       70009      210019  7.77972639E-02 -3.81838530E-02           1
       70009      220020  5.54153770E-02  0.13663083               1
       70009      230021  4.44232859E-02  0.12808113               1
       70009      240022  3.63010801E-02  0.11127861               1
       70009      250023  3.01760584E-02  8.95497873E-02           1
       70009      260024  2.52594911E-02  7.60695487E-02           1
       70009      270025  2.13645529E-02  6.48749396E-02           1
       70009      280026  1.82027444E-02  5.71043603E-02           1
       70009      290027  1.56363416E-02  5.11586852E-02           1
       70009      300028  1.35240816E-02  4.75532822E-02           1
       70009      310029  1.17748119E-02  4.51759212E-02           1
       70009      320030  1.03164529E-02  4.42758910E-02           1
       70009      330031  9.08780098E-03  4.43189815E-02           1
       70009      340032  8.04594439E-03  4.32606563E-02           1
       70009      350033  7.16340728E-03  3.95720713E-02           1
       70009      360034  6.42860401E-03  2.06268057E-02           1
       80010       30001  0.40282223     -2.45652674E-03           1
       80010       40002  0.65708721      8.85882042E-03           1
       80010       50003   1.1962727      5.33773284E-03           1
       80010       60004   2.5896287     -1.36636256E-04           1
       80010      140012   2.5859892      1.38173695E-03           1
       80010      150013   1.1951265      3.11450427E-03           1
       80010      160014  0.65154505      1.84188150E-02           1
       80010      170015  0.38694692      6.72955960E-02           1
       80010      180016  0.25644386      3.98784652E-02           1
       80010      190017  0.21225579     -0.24091756               1
       80010      200018  0.16328695     -0.31908870               1
       80010      210019  0.10166972     -4.11729738E-02           1
       80010      220020  7.07089007E-02  0.13721751               1
       80010      230021  5.55769168E-02  0.13096048               1
       80010      240022  4.46747467E-02  0.11531127               1
       80010      250023  3.66237350E-02  9.39049199E-02           1
       80010      260024  3.02868057E-02  8.04875195E-02           1
       80010      270025  2.53442563E-02  6.92034513E-02           1
       80010      280026  2.13886816E-02  6.12913072E-02           1
       80010      290027  1.82167403E-02  5.51673062E-02           1
       80010      300028  1.56349204E-02  5.13896458E-02           1
       80010      310029  1.35178640E-02  4.88456711E-02           1
       80010      320030  1.17686251E-02  4.77985702E-02           1
       80010      330031  1.03070885E-02  4.77189906E-02           1
       80010      340032  9.07713175E-03  4.65723537E-02           1
       80010      350033  8.04217625E-03  4.28036675E-02           1
       80010      360034  7.18494738E-03  2.37682275E-02           1
       90011       30001  0.26480159     -3.57798813E-03           1
       90011       40002  0.40140289      9.65746772E-03           1
       90011       50003  0.65697098      7.58614996E-03           1
       90011       60004   1.1964396      3.09945131E-03           1
       90011       70005   2.5888197     -8.16633925E-04           1
       90011      150013   2.5883901      1.16623961E-03           1
       90011      160014   1.1899958      1.23370178E-02           1
       90011      170015  0.63670379      5.83175085E-02           1
       90011      180016  0.38952294      4.26806323E-02           1
       90011      190017  0.30416685     -0.23226103               1
       90011      200018  0.22595480     -0.31848252               1
       90011      210019  0.13643697     -4.36077081E-02           1
       90011      220020  9.21891928E-02  0.13896528               1
       90011      230021  7.07832202E-02  0.13546981               1
       90011      240022  5.58143668E-02  0.12126070               1
       90011      250023  4.50276881E-02  0.10031564               1
       90011      260024  3.67252789E-02  8.70418176E-02           1
       90011      270025  3.03633939E-02  7.57133588E-02           1
       90011      280026  2.53522582E-02  6.76865205E-02           1
       90011      290027  2.13878267E-02  6.13981709E-02           1
       90011      300028  1.82002429E-02  5.74568734E-02           1
       90011      310029  1.56147918E-02  5.47516532E-02           1
       90011      320030  1.34994108E-02  5.35623394E-02           1
       90011      330031  1.17478967E-02  5.33658564E-02           1
       90011      340032  1.02860620E-02  5.21393605E-02           1
       90011      350033  9.06490907E-03  4.82996404E-02           1
       90011      360034  8.05926789E-03  2.91819684E-02           1
      100012       30001  0.18370678     -4.26210742E-03           1
      100012       40002  0.26386771      1.02860779E-02           1
      100012       50003  0.40138939      9.32999514E-03           1
      100012       60004  0.65724611      5.76114049E-03           1
      100012       70005   1.1964750      2.28853710E-03           1
      100012       80006   2.5877631     -1.29046981E-04           1
      100012      160014   2.5860310      4.90358006E-03           1
      100012      170015   1.1681601      4.56643999E-02           1
      100012      180016  0.63714051      4.45647538E-02           1
      100012      190017  0.45959812     -0.22210567               1
      100012      200018  0.32604513     -0.31815982               1
      100012      210019  0.18937346     -4.70695868E-02           1
      100012      220020  0.12348431      0.14054424               1
      100012      230021  9.21576619E-02  0.14050917               1
      100012      240022  7.10226148E-02  0.12819627               1
      100012      250023  5.62301762E-02  0.10796315               1
      100012      260024  4.51362468E-02  9.49955955E-02           1
      100012      270025  3.68075036E-02  8.37290213E-02           1
      100012      280026  3.03644594E-02  7.56615996E-02           1
      100012      290027  2.53441986E-02  6.92592338E-02           1
      100012      300028  2.13623568E-02  6.51912838E-02           1
      100012      310029  1.81713793E-02  6.23521954E-02           1
      100012      320030  1.55886449E-02  6.10426627E-02           1
      100012      330031  1.34712970E-02  6.07483722E-02           1
      100012      340032  1.17200501E-02  5.94610609E-02           1
      100012      350033  1.02687357E-02  5.55677041E-02           1
      100012      360034  9.08115041E-03  3.63822170E-02           1
      110013       30001  0.13266507     -3.88830411E-03           1
      110013       40002  0.18286362      1.12835979E-02           1
      110013       50003  0.26363164      1.08542107E-02           1
      110013       60004  0.40130997      7.68938288E-03           1
      110013       70005  0.65701354      4.29133512E-03           1
      110013       80006   1.1957922      1.87308027E-03           1
      110013       90007   2.5872214      7.86608318E-04           1
      110013      170015   2.5524468      2.95491684E-02           1
      110013      180016   1.1588956      4.63967137E-02           1
      110013      190017  0.74503565     -0.20842771               1
      110013      200018  0.49601713     -0.31686941               1
      110013      210019  0.27388251     -5.07019907E-02           1
      110013      220020  0.17075551      0.14296114               1
      110013      230021  0.12303539      0.14726298               1
      110013      240022  9.22148675E-02  0.13743547               1
      110013      250023  7.13901073E-02  0.11824151               1
      110013      260024  5.62434234E-02  0.10579275               1
      110013      270025  4.51423377E-02  9.47276130E-02           1
      110013      280026  3.67314331E-02  8.67180005E-02           1
      110013      290027  3.02906726E-02  8.02702159E-02           1
      110013      300028  2.52599120E-02  7.61277974E-02           1
      110013      310029  2.12821811E-02  7.31955916E-02           1
      110013      320030  1.81009918E-02  7.18004033E-02           1
      110013      330031  1.55213736E-02  7.14397654E-02           1
      110013      340032  1.34088537E-02  7.01233968E-02           1
      110013      350033  1.16733741E-02  6.62064403E-02           1
      110013      360034  1.02632707E-02  4.69795503E-02           1
      120014       30001  9.88909677E-02 -1.18611741E-03           1
      120014       40002  0.13196491      1.40575599E-02           1
      120014       50003  0.18260150      1.36407670E-02           1
      120014       60004  0.26348558      1.03871059E-02           1
      120014       70005  0.40108973      6.63462654E-03           1
      120014       80006  0.65659100      3.79288476E-03           1
      120014       90007   1.1954341      2.29751784E-03           1
      120014      100008   2.5860174      1.35634199E-03           1
      120014      180016   2.5168335      4.32770252E-02           1
      120014      190017   1.3429374     -0.19330189               1
      120014      200018  0.81375700     -0.31768280               1
      120014      210019  0.41937995     -5.79345524E-02           1
      120014      220020  0.24666239      0.14326258               1
      120014      230021  0.16996841      0.15326335               1
      120014      240022  0.12304685      0.14690337               1
      120014      250023  9.26856771E-02  0.12935337               1
      120014      260024  7.14028552E-02  0.11784514               1
      120014      270025  5.62482886E-02  0.10728052               1
      120014      280026  4.50440794E-02  9.95522663E-02           1
      120014      290027  3.66359614E-02  9.32262316E-02           1
      120014      300028  3.01828682E-02  8.91404524E-02           1
      120014      310029  2.51575802E-02  8.62192661E-02           1
      120014      320030  2.11922135E-02  8.48241672E-02           1
      120014      330031  1.80155281E-02  8.44702050E-02           1
      120014      340032  1.54424272E-02  8.31908658E-02           1
      120014      350033  1.33488709E-02  7.93089643E-02           1
      120014      360034  1.16611645E-02  6.00914434E-02           1
      130015       30001  7.53216222E-02  1.03823394E-02           1
      130015       40002  9.79458690E-02  2.50944514E-02           1
      130015       50003  0.13125791      2.39933059E-02           1
      130015       60004  0.18187441      1.98240876E-02           1
      130015       70005  0.26260033      1.47319445E-02           1
      130015       80006  0.40001893      1.01777855E-02           1
      130015       90007  0.65570873      6.51569758E-03           1
      130015      100008   1.1951933      2.99723400E-03           1
      130015      110009   2.5884643      1.10593508E-03           1
      130015      190017   2.8592439     -0.17077883               1
      130015      200018   1.4816992     -0.31648535               1
      130015      210019  0.69063979     -6.54717386E-02           1
      130015      220020  0.37546578      0.14520310               1
      130015      230021  0.24409656      0.16278569               1
      130015      240022  0.16907676      0.16132203               1
      130015      250023  0.12308207      0.14634328               1
      130015      260024  9.22593996E-02  0.13644396               1
      130015      270025  7.10686073E-02  0.12687166               1
      130015      280026  5.58539331E-02  0.11980671               1
      130015      290027  4.47056666E-02  0.11390428               1
      130015      300028  3.63223180E-02  0.11012662               1
      130015      310029  2.99066715E-02  0.10743180               1
      130015      320030  2.49205548E-02  0.10622834               1
      130015      330031  2.09800806E-02  0.10605666               1
      130015      340032  1.78269781E-02  0.10498141               1
      130015      350033  1.52888270E-02  0.10129207               1
      130015      360034  1.32606290E-02  8.22302997E-02           1
      140016       30001  5.82237728E-02  3.46850529E-02           1
      140016       40002  7.41022527E-02  4.91165631E-02           1
      140016       50003  9.67587233E-02  4.75571416E-02           1
      140016       60004  0.12984186      4.26877178E-02           1
      140016       70005  0.18002793      3.64710465E-02           1
      140016       80006  0.26014343      3.03467978E-02           1
      140016       90007  0.39689940      2.45068464E-02           1
      140016      100008  0.65166444      1.80509817E-02           1
      140016      110009   1.1901308      1.21103032E-02           1
      140016      120010   2.5861800      4.79169562E-03           1
      140016      200018   3.2460647     -0.33683589               1
      140016      210019   1.2834476     -9.73731279E-02           1
      140016      220020  0.62251747      0.12673244               1
      140016      230021  0.37369627      0.15579519               1
      140016      240022  0.24414070      0.16241387               1
      140016      250023  0.17004670      0.15233816               1
      140016      260024  0.12311862      0.14586407               1
      140016      270025  9.22377482E-02  0.13871008               1
      140016      280026  7.08516017E-02  0.13345540               1
      140016      290027  5.56317829E-02  0.12890236               1
      140016      300028  4.44639102E-02  0.12619472               1
      140016      310029  3.60920951E-02  0.12435763               1
      140016      320030  2.97002308E-02  0.12387533               1
      140016      330031  2.47273594E-02  0.12433542               1
      140016      340032  2.08030734E-02  0.12385505               1
      140016      350033  1.76822301E-02  0.12070218               1
      140016      360034  1.52131701E-02  0.10210648               1
      150017       30001  4.51671667E-02  8.23740959E-02           1
      150017       40002  5.64157069E-02  9.76535603E-02           1
      150017       50003  7.20542073E-02  9.67862979E-02           1
      150017       60004  9.41539928E-02  9.24649909E-02           1
      150017       70005  0.12634684      8.65304172E-02           1
      150017       80006  0.17521124      8.03911909E-02           1
      150017       90007  0.25343296      7.40394592E-02           1
      150017      100008  0.38715428      6.62864745E-02           1
      150017      110009  0.63693881      5.76264560E-02           1
      150017      120010   1.1684195      4.52572219E-02           1
      150017      130011   2.5527134      2.93604936E-02           1
      150017      210019   2.8760531     -0.15767038               1
      150017      220020   1.1633484      8.23950842E-02           1
      150017      230021  0.62258041      0.12655191               1
      150017      240022  0.37556946      0.14467210               1
      150017      250023  0.24679618      0.14220877               1
      150017      260024  0.17088753      0.14140810               1
      150017      270025  0.12360692      0.13852958               1
      150017      280026  9.22936425E-02  0.13663724               1
      150017      290027  7.07942098E-02  0.13472378               1
      150017      300028  5.54814041E-02  0.13417253               1
      150017      310029  4.42834273E-02  0.13411166               1
      150017      320030  3.59115899E-02  0.13513444               1
      150017      330031  2.95162126E-02  0.13690266               1
      150017      340032  2.45495047E-02  0.13761385               1
      150017      350033  2.06540059E-02  0.13553254               1
      150017      360034  1.76069606E-02  0.11789915               1
      160018       30001  3.78668346E-02  1.20693892E-02           1
      160018       40002  4.64473367E-02  3.14369090E-02           1
      160018       50003  5.80880530E-02  3.51856165E-02           1
      160018       60004  7.40464106E-02  3.60566266E-02           1
      160018       70005  9.64480564E-02  3.59532461E-02           1
      160018       80006  0.12894654      3.65637392E-02           1
      160018       90007  0.17813815      3.81564572E-02           1
      160018      100008  0.25645146      3.99221368E-02           1
      160018      110009  0.38952178      4.27569933E-02           1
      160018      120010  0.63712519      4.46642973E-02           1
      160018      130011   1.1588488      4.65052053E-02           1
      160018      140012   2.5167427      4.33637351E-02           1
      160018      220020   2.8755965     -0.15741175               1
      160018      230021   1.2830927     -9.68910605E-02           1
      160018      240022  0.69036609     -6.47722483E-02           1
      160018      250023  0.41917971     -5.70898429E-02           1
      160018      260024  0.27372313     -4.97060679E-02           1
      160018      270025  0.18924789     -4.59584147E-02           1
      160018      280026  0.13633481     -4.23771553E-02           1
      160018      290027  0.10158814     -3.98673825E-02           1
      160018      300028  7.77331144E-02 -3.68310511E-02           1
      160018      310029  6.08106405E-02 -3.40521969E-02           1
      160018      320030  4.84778546E-02 -3.08154412E-02           1
      160018      330031  3.92604396E-02 -2.73515750E-02           1
      160018      340032  3.22356224E-02 -2.53172982E-02           1
      160018      350033  2.68132240E-02 -2.63570286E-02           1
      160018      360034  2.26257108E-02 -4.30704094E-02           1
      170019       30001  3.75005454E-02 -0.28019163               1
      170019       40002  4.53239791E-02 -0.25954163               1
      170019       50003  5.57209477E-02 -0.25402108               1
      170019       60004  6.96292743E-02 -0.25112787               1
      170019       70005  8.85900557E-02 -0.24908674               1
      170019       80006  0.11513902     -0.24607694               1
      170019       90007  0.15361042     -0.24161769               1
      170019      100008  0.21158758     -0.23613641               1
      170019      110009  0.30336311     -0.22823888               1
      170019      120010  0.45864987     -0.21894242               1
      170019      130011  0.74392736     -0.20612842               1
      170019      140012   1.3416623     -0.19181491               1
      170019      150013   2.8577693     -0.16995914               1
      170019      230021   3.2443826     -0.33612686               1
      170019      240022   1.4802116     -0.31506789               1
      170019      250023  0.81246632     -0.31543210               1
      170019      260024  0.49489471     -0.31366891               1
      170019      270025  0.32508570     -0.31400523               1
      170019      280026  0.22514467     -0.31341767               1
      170019      290027  0.16261759     -0.31328613               1
      170019      300028  0.12134058     -0.31222180               1
      170019      310029  9.29820985E-02 -0.31124133               1
      170019      320030  7.28563666E-02 -0.30974102               1
      170019      330031  5.81476800E-02 -0.30801582               1
      170019      340032  4.71484140E-02 -0.30769280               1
      170019      350033  3.87914069E-02 -0.31039521               1
      170019      360034  3.24172527E-02 -0.32858914               1
      180020       30001  3.24172415E-02 -0.32856265               1
      180020       40002  3.87913994E-02 -0.31047845               1
      180020       50003  4.71484251E-02 -0.30777022               1
      180020       60004  5.81476912E-02 -0.30808398               1
      180020       70005  7.28563666E-02 -0.30983281               1
      180020       80006  9.29820836E-02 -0.31132096               1
      180020       90007  0.12134057     -0.31226256               1
      180020      100008  0.16261761     -0.31331277               1
      180020      110009  0.22514468     -0.31343403               1
      180020      120010  0.32508570     -0.31400490               1
      180020      130011  0.49489471     -0.31366676               1
      180020      140012  0.81246632     -0.31542656               1
      180020      150013   1.4802116     -0.31505173               1
      180020      160014   3.2443826     -0.33610368               1
      180020      240022   2.8577693     -0.16999981               1
      180020      250023   1.3416623     -0.19184013               1
      180020      260024  0.74392736     -0.20614696               1
      180020      270025  0.45864990     -0.21895757               1
      180020      280026  0.30336308     -0.22823636               1
      180020      290027  0.21158756     -0.23612295               1
      180020      300028  0.15361042     -0.24159017               1
      180020      310029  0.11513903     -0.24601059               1
      180020      320030  8.85900632E-02 -0.24900784               1
      180020      330031  6.96292594E-02 -0.25107226               1
      180020      340032  5.57209365E-02 -0.25395554               1
      180020      350033  4.53239866E-02 -0.25946876               1
      180020      360034  3.75005603E-02 -0.28022730               1
      190021       30001  2.26257015E-02 -4.30476591E-02           1
      190021       40002  2.68132202E-02 -2.64454838E-02           1
      190021       50003  3.22356299E-02 -2.54015680E-02           1
      190021       60004  3.92604470E-02 -2.74274070E-02           1
      190021       70005  4.84778546E-02 -3.09154410E-02           1
      190021       80006  6.08106330E-02 -3.41404676E-02           1
      190021       90007  7.77331144E-02 -3.68804894E-02           1
      190021      100008  0.10158815     -3.99026535E-02           1
      190021      110009  0.13633481     -4.24027629E-02           1
      190021      120010  0.18924789     -4.59681787E-02           1
      190021      130011  0.27372313     -4.97152768E-02           1
      190021      140012  0.41917971     -5.70981912E-02           1
      190021      150013  0.69036609     -6.47731721E-02           1
      190021      160014   1.2830927     -9.68890041E-02           1
      190021      170015   2.8755965     -0.15740639               1
      190021      250023   2.5167429      4.33147475E-02           1
      190021      260024   1.1588488      4.64698263E-02           1
      190021      270025  0.63712519      4.46354710E-02           1
      190021      280026  0.38952175      4.27477285E-02           1
      190021      290027  0.25645146      3.99251357E-02           1
      190021      300028  0.17813817      3.81736532E-02           1
      190021      310029  0.12894656      3.66199613E-02           1
      190021      320030  9.64480564E-02  3.60227749E-02           1
      190021      330031  7.40463957E-02  3.61035950E-02           1
      190021      340032  5.80880381E-02  3.52437049E-02           1
      190021      350033  4.64473441E-02  3.15047279E-02           1
      190021      360034  3.78668495E-02  1.20306481E-02           1
      200022       30001  1.76069532E-02  0.11792289               1
      200022       40002  2.06540041E-02  0.13544436               1
      200022       50003  2.45495085E-02  0.13752888               1
      200022       60004  2.95162182E-02  0.13682602               1
      200022       70005  3.59115861E-02  0.13503386               1
      200022       80006  4.42834198E-02  0.13402312               1
      200022       90007  5.54814041E-02  0.13412358               1
      200022      100008  7.07942098E-02  0.13468984               1
      200022      110009  9.22936499E-02  0.13661322               1
      200022      120010  0.12360692      0.13852143               1
      200022      130011  0.17088751      0.14140023               1
      200022      140012  0.24679618      0.14220051               1
      200022      150013  0.37556949      0.14466970               1
      200022      160014  0.62258041      0.12655072               1
      200022      170015   1.1633484      8.23951662E-02           1
      200022      180016   2.8760531     -0.15767567               1
      200022      260024   2.5527134      2.93068811E-02           1
      200022      270025   1.1684195      4.52163257E-02           1
      200022      280026  0.63693875      5.76086231E-02           1
      200022      290027  0.38715425      6.62833527E-02           1
      200022      300028  0.25343296      7.40514100E-02           1
      200022      310029  0.17521127      8.04431960E-02           1
      200022      320030  0.12634684      8.65975767E-02           1
      200022      330031  9.41539705E-02  9.25114974E-02           1
      200022      340032  7.20541924E-02  9.68464762E-02           1
      200022      350033  5.64157143E-02  9.77276340E-02           1
      200022      360034  4.51671854E-02  8.23454633E-02           1
      210023       30001  1.52131636E-02  0.10212477               1
      210023       40002  1.76822264E-02  0.12060861               1
      210023       50003  2.08030771E-02  0.12376449               1
      210023       60004  2.47273631E-02  0.12425371               1
      210023       70005  2.97002289E-02  0.12377054               1
      210023       80006  3.60920876E-02  0.12426583               1
      210023       90007  4.44639064E-02  0.12614384               1
      210023      100008  5.56317866E-02  0.12886794               1
      210023      110009  7.08516017E-02  0.13343182               1
      210023      120010  9.22377482E-02  0.13870318               1
      210023      130011  0.12311861      0.14585803               1
      210023      140012  0.17004670      0.15233159               1
      210023      150013  0.24414071      0.16241293               1
      210023      160014  0.37369627      0.15579531               1
      210023      170015  0.62251747      0.12673387               1
      210023      180016   1.2834476     -9.73750502E-02           1
      210023      190017   3.2460647     -0.33685905               1
      210023      270025   2.5861800      4.73270752E-03           1
      210023      280026   1.1901307      1.20795090E-02           1
      210023      290027  0.65166438      1.80378519E-02           1
      210023      300028  0.39689940      2.45097186E-02           1
      210023      310029  0.26014346      3.03908270E-02           1
      210023      320030  0.18002793      3.65323722E-02           1
      210023      330031  0.12984183      4.27307039E-02           1
      210023      340032  9.67587009E-02  4.76169176E-02           1
      210023      350033  7.41022602E-02  4.91952114E-02           1
      210023      360034  5.82237914E-02  3.46658453E-02           1
      220024       30001  1.32606234E-02  8.22409838E-02           1
      220024       40002  1.52888242E-02  0.10119111               1
      220024       50003  1.78269818E-02  0.10488341               1
      220024       60004  2.09800843E-02  0.10596813               1
      220024       70005  2.49205530E-02  0.10611765               1
      220024       80006  2.99066678E-02  0.10733508               1
      220024       90007  3.63223143E-02  0.11007218               1
      220024      100008  4.47056703E-02  0.11386772               1
      220024      110009  5.58539331E-02  0.11978203               1
      220024      120010  7.10686073E-02  0.12686460               1
      220024      130011  9.22593996E-02  0.13643847               1
      220024      140012  0.12308207      0.14633740               1
      220024      150013  0.16907676      0.16132183               1
      220024      160014  0.24409656      0.16278671               1
      220024      170015  0.37546578      0.14520575               1
      220024      180016  0.69063979     -6.54706359E-02           1
      220024      190017   1.4816992     -0.31650147               1
      220024      200018   2.8592439     -0.17081951               1
      220024      280026   2.5884643      1.06232346E-03           1
      220024      290027   1.1951932      2.97485339E-03           1
      220024      300028  0.65570873      6.50954666E-03           1
      220024      310029  0.40001899      1.02132065E-02           1
      220024      320030  0.26260036      1.47864679E-02           1
      220024      330031  0.18187436      1.98624562E-02           1
      220024      340032  0.13125788      2.40518041E-02           1
      220024      350033  9.79458839E-02  2.51775291E-02           1
      220024      360034  7.53216445E-02  1.03733195E-02           1
      230025       30001  1.16611598E-02  6.00981973E-02           1
      230025       40002  1.33488690E-02  7.92042837E-02           1
      230025       50003  1.54424300E-02  8.30891505E-02           1
      230025       60004  1.80155318E-02  8.43785480E-02           1
      230025       70005  2.11922135E-02  8.47111866E-02           1
      230025       80006  2.51575764E-02  8.61212164E-02           1
      230025       90007  3.01828682E-02  8.90859738E-02           1
      230025      100008  3.66359651E-02  9.31910202E-02           1
      230025      110009  4.50440831E-02  9.95299816E-02           1
      230025      120010  5.62482849E-02  0.10727681               1
      230025      130011  7.14028552E-02  0.11784381               1
      230025      140012  9.26856771E-02  0.12935200               1
      230025      150013  0.12304686      0.14690796               1
      230025      160014  0.16996843      0.15326951               1
      230025      170015  0.24666239      0.14327092               1
      230025      180016  0.41937995     -5.79260774E-02           1
      230025      190017  0.81375700     -0.31768841               1
      230025      200018   1.3429374     -0.19332716               1
      230025      210019   2.5168335      4.32280339E-02           1
      230025      290027   2.5860174      1.32819463E-03           1
      230025      300028   1.1954341      2.28474662E-03           1
      230025      310029  0.65659112      3.82077927E-03           1
      230025      320030  0.40108976      6.68257568E-03           1
      230025      330031  0.26348552      1.04205199E-02           1
      230025      340032  0.18260145      1.36976428E-02           1
      230025      350033  0.13196492      1.41455391E-02           1
      230025      360034  9.88910049E-02 -1.18335139E-03           1
      240026       30001  1.02632670E-02  4.69762273E-02           1
      240026       40002  1.16733732E-02  6.60919473E-02           1
      240026       50003  1.34088565E-02  7.00119436E-02           1
      240026       60004  1.55213773E-02  7.13389665E-02           1
      240026       70005  1.81009918E-02  7.16791004E-02           1
      240026       80006  2.12821774E-02  7.30901435E-02           1
      240026       90007  2.52599102E-02  7.60671347E-02           1
      240026      100008  3.02906763E-02  8.02301317E-02           1
      240026      110009  3.67314368E-02  8.66918638E-02           1
      240026      120010  4.51423377E-02  9.47209820E-02           1
      240026      130011  5.62434234E-02  0.10578927               1
      240026      140012  7.13901073E-02  0.11823838               1
      240026      150013  9.22148749E-02  0.13743860               1
      240026      160014  0.12303540      0.14726806               1
      240026      170015  0.17075551      0.14296889               1
      240026      180016  0.27388251     -5.06927148E-02           1
      240026      190017  0.49601716     -0.31687176               1
      240026      200018  0.74503565     -0.20844640               1
      240026      210019   1.1588956      4.63613346E-02           1
      240026      220020   2.5524468      2.94955671E-02           1
      240026      300028   2.5872214      7.61404692E-04           1
      240026      310029   1.1957924      1.88520469E-03           1
      240026      320030  0.65701360      4.32257541E-03           1
      240026      330031  0.40130988      7.70621561E-03           1
      240026      340032  0.26363158      1.08972406E-02           1
      240026      350033  0.18286365      1.13650076E-02           1
      240026      360034  0.13266511     -3.88382841E-03           1
      250027       30001  9.08114668E-03  3.63745317E-02           1
      250027       40002  1.02687348E-02  5.54489009E-02           1
      250027       50003  1.17200529E-02  5.93451411E-02           1
      250027       60004  1.34712998E-02  6.06434159E-02           1
      250027       70005  1.55886440E-02  6.09177276E-02           1
      250027       80006  1.81713756E-02  6.22437075E-02           1
      250027       90007  2.13623550E-02  6.51284531E-02           1
      250027      100008  2.53442004E-02  6.92179129E-02           1
      250027      110009  3.03644612E-02  7.56349042E-02           1
      250027      120010  3.68075036E-02  8.37223902E-02           1
      250027      130011  4.51362431E-02  9.49925259E-02           1
      250027      140012  5.62301800E-02  0.10796042               1
      250027      150013  7.10226223E-02  0.12819968               1
      250027      160014  9.21576694E-02  0.14051439               1
      250027      170015  0.12348431      0.14055198               1
      250027      180016  0.18937346     -4.70598713E-02           1
      250027      190017  0.32604513     -0.31816050               1
      250027      200018  0.45959812     -0.22212110               1
      250027      210019  0.63714057      4.45359237E-02           1
      250027      220020   1.1681601      4.56235260E-02           1
      250027      230021   2.5860310      4.84458823E-03           1
      250027      310029   2.5877633     -1.17350733E-04           1
      250027      320030   1.1964750      2.31357850E-03           1
      250027      330031  0.65724599      5.76778827E-03           1
      250027      340032  0.40138930      9.36293509E-03           1
      250027      350033  0.26386774      1.03640975E-02           1
      250027      360034  0.18370685     -4.25223866E-03           1
      260028       30001  8.05926416E-03  2.91901436E-02           1
      260028       40002  9.06490721E-03  4.81963567E-02           1
      260028       50003  1.02860639E-02  5.20384461E-02           1
      260028       60004  1.17478985E-02  5.32758050E-02           1
      260028       70005  1.34994099E-02  5.34524061E-02           1
      260028       80006  1.56147890E-02  5.46583496E-02           1
      260028       90007  1.82002410E-02  5.74096739E-02           1
      260028      100008  2.13878267E-02  6.13730103E-02           1
      260028      110009  2.53522582E-02  6.76762909E-02           1
      260028      120010  3.03633921E-02  7.57234320E-02           1
      260028      130011  3.67252752E-02  8.70555565E-02           1
      260028      140012  4.50276844E-02  0.10032947               1
      260028      150013  5.58143668E-02  0.12128033               1
      260028      160014  7.07832202E-02  0.13549086               1
      260028      170015  9.21891928E-02  0.13898847               1
      260028      180016  0.13643697     -4.35824282E-02           1
      260028      190017  0.22595479     -0.31846690               1
      260028      200018  0.30416685     -0.23225908               1
      260028      210019  0.38952294      4.26712595E-02           1
      260028      220020  0.63670373      5.82996495E-02           1
      260028      230021   1.1899958      1.23061696E-02           1
      260028      240022   2.5883901      1.12259062E-03           1
      260028      320030   2.5888197     -7.78826186E-04           1
      260028      330031   1.1964394      3.10908328E-03           1
      260028      340032  0.65697080      7.61820283E-03           1
      260028      350033  0.40140289      9.74022131E-03           1
      260028      360034  0.26480165     -3.55412555E-03           1
      270029       30001  7.18494412E-03  2.37891916E-02           1
      270029       40002  8.04217439E-03  4.27127741E-02           1
      270029       50003  9.07713268E-03  4.64832522E-02           1
      270029       60004  1.03070904E-02  4.76405546E-02           1
      270029       70005  1.17686242E-02  4.77002263E-02           1
      270029       80006  1.35178613E-02  4.87640053E-02           1
      270029       90007  1.56349186E-02  5.13543636E-02           1
      270029      100008  1.82167403E-02  5.51544130E-02           1
      270029      110009  2.13886816E-02  6.12934791E-02           1
      270029      120010  2.53442544E-02  6.92259818E-02           1
      270029      130011  3.02868020E-02  8.05136189E-02           1
      270029      140012  3.66237313E-02  9.39307138E-02           1
      270029      150013  4.46747467E-02  0.11534232               1
      270029      160014  5.55769168E-02  0.13099235               1
      270029      170015  7.07088932E-02  0.13725090               1
      270029      180016  0.10166971     -4.11377363E-02           1
      270029      190017  0.16328694     -0.31906274               1
      270029      200018  0.21225579     -0.24090461               1
      270029      210019  0.25644386      3.98815088E-02           1
      270029      220020  0.38694692      6.72925487E-02           1
      270029      230021  0.65154505      1.84056498E-02           1
      270029      240022   1.1951265      3.09207174E-03           1
      270029      250023   2.5859890      1.35356409E-03           1
      270029      330031   2.5896280     -1.30224507E-04           1
      270029      340032   1.1962724      5.35627967E-03           1
      270029      350033  0.65708727      8.93164612E-03           1
      270029      360034  0.40282235     -2.43271864E-03           1
      280030       30001  6.42860215E-03  2.06746273E-02           1
      280030       40002  7.16340635E-03  3.95071916E-02           1
      280030       50003  8.04594625E-03  4.31965590E-02           1
      280030       60004  9.08780284E-03  4.42648754E-02           1
      280030       70005  1.03164529E-02  4.42013480E-02           1
      280030       80006  1.17748100E-02  4.51175869E-02           1
      280030       90007  1.35240816E-02  4.75410745E-02           1
      280030      100008  1.56363435E-02  5.11686616E-02           1
      280030      110009  1.82027463E-02  5.71289919E-02           1
      280030      120010  2.13645529E-02  6.49194270E-02           1
      280030      130011  2.52594911E-02  7.61169568E-02           1
      280030      140012  3.01760603E-02  8.95959064E-02           1
      280030      150013  3.63010801E-02  0.11132885               1
      280030      160014  4.44232896E-02  0.12813094               1
      280030      170015  5.54153807E-02  0.13668078               1
      280030      180016  7.77972639E-02 -3.81331556E-02           1
      280030      190017  0.12188102     -0.31849632               1
      280030      200018  0.15415534     -0.24697180               1
      280030      210019  0.17812720      3.81488763E-02           1
      280030      220020  0.25325617      7.53645450E-02           1
      280030      230021  0.39679801      2.50198878E-02           1
      280030      240022  0.65565157      6.68902928E-03           1
      280030      250023   1.1954086      2.33106525E-03           1
      280030      260024   2.5872042      7.73913634E-04           1
      280030      340032   2.5889406      1.64581521E-03           1
      280030      350033   1.1960975      7.00209290E-03           1
      280030      360034  0.65905350     -1.61152100E-03           1
      290031       30001  5.77381020E-03  1.87957250E-02           1
      290031       40002  6.40717288E-03  3.75330225E-02           1
      290031       50003  7.16429623E-03  4.11359370E-02           1
      290031       60004  8.05264525E-03  4.21101116E-02           1
      290031       70005  9.09296982E-03  4.19201329E-02           1
      290031       80006  1.03184152E-02  4.26859222E-02           1
      290031       90007  1.17763067E-02  4.49387543E-02           1
      290031      100008  1.35208573E-02  4.83869240E-02           1
      290031      110009  1.56191401E-02  5.41567765E-02           1
      290031      120010  1.81759428E-02  6.17823936E-02           1
      290031      130011  2.12853551E-02  7.28519410E-02           1
      290031      140012  2.51561794E-02  8.63257498E-02           1
      290031      150013  2.98946351E-02  0.10826666               1
      290031      160014  3.60646807E-02  0.12598921               1
      290031      170015  4.42349017E-02  0.13645022               1
      290031      180016  6.08590581E-02 -3.52958813E-02           1
      290031      190017  9.34057012E-02 -0.31768441               1
      290031      200018  0.11557235     -0.25173923               1
      290031      210019  0.12893400      3.66186984E-02           1
      290031      220020  0.17506343      8.20269063E-02           1
      290031      230021  0.26005843      3.10377572E-02           1
      290031      240022  0.39996964      1.04594585E-02           1
      290031      250023  0.65656632      3.89479846E-03           1
      290031      260024   1.1957724      1.91237696E-03           1
      290031      270025   2.5877492     -1.09145192E-04           1
      290031      350033   2.5890851      3.77419963E-03           1
      290031      360034   1.1994654     -1.15981826E-03           1
      300032       30001  5.20545430E-03  1.85890719E-02           1
      300032       40002  5.75432321E-03  3.72214057E-02           1
      300032       50003  6.40764367E-03  4.07277606E-02           1
      300032       60004  7.16990000E-03  4.15985882E-02           1
      300032       70005  8.05682596E-03  4.12755683E-02           1
      300032       80006  9.09427367E-03  4.18858305E-02           1
      300032       90007  1.03192562E-02  4.39636894E-02           1
      300032      100008  1.17729912E-02  4.72272038E-02           1
      300032      110009  1.35053638E-02  5.27994633E-02           1
      300032      120010  1.55952545E-02  6.02463633E-02           1
      300032      130011  1.81072429E-02  7.11643249E-02           1
      300032      140012  2.11954191E-02  8.45885649E-02           1
      300032      150013  2.49163248E-02  0.10665891               1
      300032      160014  2.96839848E-02  0.12513117               1
      300032      170015  3.58777568E-02  0.13721524               1
      300032      180016  4.85115722E-02 -3.18570994E-02           1
      300032      190017  7.31757581E-02 -0.31595278               1
      300032      200018  8.89235437E-02 -0.25475931               1
      300032      210019  9.64334086E-02  3.60793248E-02           1
      300032      220020  0.12622373      8.84164274E-02           1
      300032      230021  0.17995544      3.73145565E-02           1
      300032      240022  0.26255512      1.51125677E-02           1
      300032      250023  0.40106189      6.80266554E-03           1
      300032      260024  0.65698647      4.38294560E-03           1
      300032      270025   1.1964500      2.34259828E-03           1
      300032      280026   2.5887904     -7.65020959E-04           1
      300032      360034   2.5956483     -1.79686712E-03           1
      310033       30001  4.70759114E-03  1.97721478E-02           1
      310033       40002  5.18543925E-03  3.82869653E-02           1
      310033       50003  5.75202517E-03  4.16840054E-02           1
      310033       60004  6.40966883E-03  4.24397215E-02           1
      310033       70005  7.17033399E-03  4.19744886E-02           1
      310033       80006  8.05435795E-03  4.24217694E-02           1
      310033       90007  9.09098797E-03  4.43183407E-02           1
      310033      100008  1.03118634E-02  4.73907180E-02           1
      310033      110009  1.17544178E-02  5.27581200E-02           1
      310033      120010  1.34788109E-02  6.00142032E-02           1
      310033      130011  1.55293522E-02  7.07614198E-02           1
      310033      140012  1.80217046E-02  8.41006488E-02           1
      310033      150013  2.09814608E-02  0.10623808               1
      310033      160014  2.47195121E-02  0.12532254               1
      310033      170015  2.94937119E-02  0.13879590               1
      310033      180016  3.92803252E-02 -2.79268958E-02           1
      310033      190017  5.83761670E-02 -0.31349382               1
      310033      200018  6.98750913E-02 -0.25641525               1
      310033      210019  7.40281343E-02  3.63551006E-02           1
      310033      220020  9.40502137E-02  9.46026519E-02           1
      310033      230021  0.12977768      4.37063687E-02           1
      310033      240022  0.18182942      2.03345865E-02           1
      310033      250023  0.26345053      1.06538935E-02           1
      310033      260024  0.40127060      7.86166824E-03           1
      310033      270025  0.65720350      5.86880883E-03           1
      310033      280026   1.1963872      3.17247794E-03           1
      310033      290027   2.5895689     -9.67359083E-05           1
      320034       30001  4.26937500E-03  1.99461430E-02           1
      320034       40002  4.68717422E-03  3.83711979E-02           1
      320034       50003  5.18082222E-03  4.16871347E-02           1
      320034       60004  5.75107569E-03  4.23573814E-02           1
      320034       70005  6.40704250E-03  4.17824835E-02           1
      320034       80006  7.16485083E-03  4.21014577E-02           1
      320034       90007  8.04784056E-03  4.38531376E-02           1
      320034      100008  9.08050872E-03  4.67714220E-02           1
      320034      110009  1.02911713E-02  5.19713163E-02           1
      320034      120010  1.17262667E-02  5.90709075E-02           1
      320034      130011  1.34160258E-02  6.96770251E-02           1
      320034      140012  1.54486196E-02  8.29487219E-02           1
      320034      150013  1.78303327E-02  0.10515000               1
      320034      160014  2.07992941E-02  0.12478285               1
      320034      170015  2.45333370E-02  0.13950369               1
      320034      180016  3.22408415E-02 -2.50861626E-02           1
      320034      190017  4.72976714E-02 -0.31189433               1
      320034      200018  5.58890440E-02 -0.25838622               1
      320034      210019  5.80609515E-02  3.59742232E-02           1
      320034      220020  7.19604120E-02  9.93906185E-02           1
      320034      230021  9.66947526E-02  4.89654876E-02           1
      320034      240022  0.13120499      2.48495061E-02           1
      320034      250023  0.18255009      1.42218405E-02           1
      320034      260024  0.26356858      1.13152983E-02           1
      320034      270025  0.40131450      9.68401693E-03           1
      320034      280026  0.65687579      7.85297435E-03           1
      320034      290027   1.1961561      5.51006105E-03           1
      320034      300028   2.5887961      1.72947138E-03           1
      330035       30001  3.88624333E-03  1.70602761E-02           1
      330035       40002  4.25331108E-03  3.54423448E-02           1
      330035       50003  4.68563568E-03  3.87243479E-02           1
      330035       60004  5.18284412E-03  3.93572934E-02           1
      330035       70005  5.75187244E-03  3.87229621E-02           1
      330035       80006  6.40561758E-03  3.89651582E-02           1
      330035       90007  7.16288993E-03  4.06242572E-02           1
      330035      100008  8.04282445E-03  4.34404574E-02           1
      330035      110009  9.06700548E-03  4.85240966E-02           1
      330035      120010  1.02717094E-02  5.55146597E-02           1
      330035      130011  1.16773173E-02  6.60216659E-02           1
      330035      140012  1.33520532E-02  7.92557001E-02           1
      330035      150013  1.52902370E-02  0.10153103               1
      330035      160014  1.76776536E-02  0.12166870               1
      330035      170015  2.06383839E-02  0.13752347               1
      330035      180016  2.68018674E-02 -2.51173824E-02           1
      330035      190017  3.88718955E-02 -0.31299162               1
      330035      200018  4.54220288E-02 -0.26263329               1
      330035      210019  4.64019030E-02  3.30372825E-02           1
      330035      220020  5.63171171E-02  0.10098813               1
      330035      230021  7.40240812E-02  5.11521213E-02           1
      330035      240022  9.78687555E-02  2.65410691E-02           1
      330035      250023  0.13187698      1.52166560E-02           1
      330035      260024  0.18275031      1.23117398E-02           1
      330035      270025  0.26372460      1.11662727E-02           1
      330035      280026  0.40121475      1.03879618E-02           1
      330035      290027  0.65684170      9.41579044E-03           1
      330035      300028   1.1957670      7.32445577E-03           1
      330035      310029   2.5886328      3.95101402E-03           1
      340036       30001  3.51582258E-03 -2.23110225E-02           1
      340036       40002  3.83809512E-03 -3.16891260E-03           1
      340036       50003  4.21659183E-03  8.85499059E-04           1
      340036       60004  4.65019932E-03  2.29111593E-03           1
      340036       70005  5.14420681E-03  2.41337926E-03           1
      340036       80006  5.70899434E-03  3.39909340E-03           1
      340036       90007  6.35982910E-03  5.78937260E-03           1
      340036      100008  7.11176870E-03  9.32867453E-03           1
      340036      110009  7.98138045E-03  1.51227815E-02           1
      340036      120010  8.99728015E-03  2.28288751E-02           1
      340036      130011  1.01729902E-02  3.40575203E-02           1
      340036      140012  1.15619460E-02  4.80657369E-02           1
      340036      150013  1.31515134E-02  7.12099820E-02           1
      340036      160014  1.50887258E-02  9.26052928E-02           1
      340036      170015  1.74610019E-02  0.11028918               1
      340036      180016  2.24447772E-02 -4.97684963E-02           1
      340036      190017  3.22348438E-02 -0.33780184               1
      340036      200018  3.73101309E-02 -0.28954884               1
      340036      210019  3.75788361E-02  7.96314981E-03           1
      340036      220020  4.48128358E-02  8.06494877E-02           1
      340036      230021  5.78360520E-02  3.21566686E-02           1
      340036      240022  7.48690367E-02  7.89681356E-03           1
      340036      250023  9.83433872E-02 -3.28497635E-03           1
      340036      260024  0.13198474     -5.45844622E-03           1
      340036      270025  0.18285219     -5.39356377E-03           1
      340036      280026  0.26370022     -4.34271572E-03           1
      340036      290027  0.40136811     -2.94689136E-03           1
      340036      300028  0.65705633     -1.92482502E-03           1
      340036      310029   1.1965870     -1.33335963E-03           1
      340036      320030   2.5912175     -1.88507151E-03           1
