         930
       10002       40003   2.59894085      -4.99204540               1
       10002       50004  0.661697626      -4.96930790               1
       10002       60005  0.264972746      -4.93960428               1
       10002       70006  0.133844003      -4.88209534               1
       10002       80007   7.82978833E-02  -4.78482389               1
       10002       90008   5.02384938E-02  -4.65593576               1
       10002      100009   3.42748947E-02  -4.53767824               1
       10002      110010   2.34205145E-02  -4.55278587               1
       10002      120011   1.54925184E-02  -4.89099503               1
       10002      130012   9.81977489E-03  -5.57880020               1
       10002      140013   6.28482178E-03  -6.48767948               1
       10002      150014   4.22965270E-03  -7.43359470               1
       10002      160015   2.99118762E-03  -8.29779911               1
       10002      170016   2.22664070E-03  -8.98218060               1
       10002      180017   1.72323070E-03  -9.41986275               1
       10002      190018   1.41657202E-03  -9.52309036               1
       10002      200019   1.25709211E-03  -9.25542164               1
       10002      210020   1.20461523E-03  -8.72033310               1
       10002      220021   1.19975302E-03  -8.20529747               1
       10002      230022   1.16319093E-03  -7.92632151               1
       10002      240023   1.09057326E-03  -7.81998253               1
       10002      250024   1.00270170E-03  -7.77434254               1
       10002      260025   9.03127075E-04  -7.72980070               1
       10002      270026   8.20099085E-04  -7.66921759               1
       10002      280027   7.43697863E-04  -7.59527016               1
       10002      290028   6.72279915E-04  -7.51950502               1
       10002      300029   6.10985036E-04  -7.44702244               1
       10002      310030   5.55920182E-04  -7.37947416               1
       10002      320031   5.07376622E-04  -7.31682682               1
       10002      330032   4.63559205E-04  -7.25260305               1
       20003       50004   2.59835196      -4.99628735               1
       20003       60005  0.660748541      -4.97486353               1
       20003       70006  0.266485810      -4.93906355               1
       20003       80007  0.135785237      -4.86737871               1
       20003       90008   7.95015246E-02  -4.75902414               1
       20003      100009   5.09492867E-02  -4.64939308               1
       20003      110010   3.33109908E-02  -4.65907621               1
       20003      120011   2.13166997E-02  -4.98028278               1
       20003      130012   1.31456293E-02  -5.64550972               1
       20003      140013   8.20650719E-03  -6.53351068               1
       20003      150014   5.39644947E-03  -7.46853685               1
       20003      160015   3.73522518E-03  -8.33609867               1
       20003      170016   2.72684847E-03  -9.03814030               1
       20003      180017   2.07243022E-03  -9.50609684               1
       20003      190018   1.67402136E-03  -9.65091228               1
       20003      200019   1.46063010E-03  -9.43056393               1
       20003      210020   1.37823704E-03  -8.93848705               1
       20003      220021   1.35561440E-03  -8.45384312               1
       20003      230022   1.30157673E-03  -8.19494152               1
       20003      240023   1.21072226E-03  -8.10364056               1
       20003      250024   1.10557012E-03  -8.07112408               1
       20003      260025   9.89522669E-04  -8.03921318               1
       20003      270026   8.93231074E-04  -7.99120235               1
       20003      280027   8.05519114E-04  -7.92974377               1
       20003      290028   7.24370009E-04  -7.86642790               1
       20003      300029   6.55011856E-04  -7.80667305               1
       20003      310030   5.93131408E-04  -7.75193977               1
       20003      320031   5.38806431E-04  -7.70252132               1
       20003      330032   4.90066013E-04  -7.65156126               1
       30004       20001   2.59884882      -4.99234056               1
       30004       60005   2.60301781      -4.99823666               1
       30004       70006  0.661814451      -4.97216320               1
       30004       80007  0.268046945      -4.92006493               1
       30004       90008  0.136653781      -4.83002138               1
       30004      100009   8.01867843E-02  -4.72703981               1
       30004      110010   4.94445264E-02  -4.72722864               1
       30004      120011   3.03391311E-02  -5.02529812               1
       30004      130012   1.80904344E-02  -5.66095257               1
       30004      140013   1.09602707E-02  -6.52111959               1
       30004      150014   7.01140100E-03  -7.43971157               1
       30004      160015   4.73158807E-03  -8.30736446               1
       30004      170016   3.37649276E-03  -9.02604866               1
       30004      180017   2.51312950E-03  -9.52458000               1
       30004      190018   1.98999629E-03  -9.71185875               1
       30004      200019   1.70365174E-03  -9.53966618               1
       30004      210020   1.58011564E-03  -9.09090233               1
       30004      220021   1.53272983E-03  -8.63598824               1
       30004      230022   1.45591272E-03  -8.39575005               1
       30004      240023   1.34262384E-03  -8.31780910               1
       30004      250024   1.21690915E-03  -8.29670906               1
       30004      260025   1.08176179E-03  -8.27575493               1
       30004      270026   9.70248831E-04  -8.23869801               1
       30004      280027   8.69737065E-04  -8.18820381               1
       30004      290028   7.77733512E-04  -8.13590813               1
       30004      300029   6.99461671E-04  -8.08750725               1
       30004      310030   6.30134193E-04  -8.04430389               1
       30004      320031   5.69549913E-04  -8.00687313               1
       30004      330032   5.15538617E-04  -7.96800613               1
       40005       20001  0.661520481      -4.97120857               1
       40005       30002   2.59826255      -4.99663305               1
       40005       70006   2.59673452      -4.99435282               1
       40005       80007  0.663835347      -4.96198320               1
       40005       90008  0.269739389      -4.89321280               1
       40005      100009  0.138727218      -4.79842472               1
       40005      110010   7.88796395E-02  -4.78628874               1
       40005      120011   4.58392054E-02  -5.05513191               1
       40005      130012   2.62236129E-02  -5.65434647               1
       40005      140013   1.53281270E-02  -6.48015738               1
       40005      150014   9.49136820E-03  -7.37763739               1
       40005      160015   6.21767575E-03  -8.24363136               1
       40005      170016   4.32133069E-03  -8.98015022               1
       40005      180017   3.14066373E-03  -9.51217842               1
       40005      190018   2.43220571E-03  -9.74536228               1
       40005      200019   2.03931471E-03  -9.62420177               1
       40005      210020   1.85658445E-03  -9.22042274               1
       40005      220021   1.77438790E-03  -8.79537964               1
       40005      230022   1.66651944E-03  -8.57281494               1
       40005      240023   1.52312289E-03  -8.50676632               1
       40005      250024   1.37001520E-03  -8.49546623               1
       40005      260025   1.20947557E-03  -8.48379993               1
       40005      270026   1.07783813E-03  -8.45602322               1
       40005      280027   9.60423669E-04  -8.41485214               1
       40005      290028   8.54067388E-04  -8.37197685               1
       40005      300029   7.64035154E-04  -8.33332443               1
       40005      310030   6.84865459E-04  -8.30007267               1
       40005      320031   6.16011966E-04  -8.27303123               1
       40005      330032   5.55014762E-04  -8.24467754               1
       50006       20001  0.264752656      -4.94587898               1
       50006       30002  0.660610497      -4.97679996               1
       50006       40003   2.60290933      -4.99856234               1
       50006       80007   2.60979772      -4.99069023               1
       50006       90008  0.665313840      -4.94678164               1
       50006      100009  0.273605645      -4.86191607               1
       50006      110010  0.137354285      -4.83050728               1
       50006      120011   7.39406273E-02  -5.05729055               1
       50006      130012   4.00712863E-02  -5.60676813               1
       50006      140013   2.23935340E-02  -6.38599825               1
       50006      150014   1.33213308E-02  -7.25303555               1
       50006      160015   8.41465779E-03  -8.11275196               1
       50006      170016   5.66264009E-03  -8.86794567               1
       50006      180017   3.99853149E-03  -9.43857098               1
       50006      190018   3.01534031E-03  -9.72544479               1
       50006      200019   2.46689492E-03  -9.66372299               1
       50006      210020   2.19757715E-03  -9.31185341               1
       50006      220021   2.06451188E-03  -8.92045307               1
       50006      230022   1.91409409E-03  -8.71668053               1
       50006      240023   1.73175440E-03  -8.66237736               1
       50006      250024   1.54443202E-03  -8.66028309               1
       50006      260025   1.35301915E-03  -8.65717506               1
       50006      270026   1.19719922E-03  -8.63793373               1
       50006      280027   1.05976616E-03  -8.60538769               1
       50006      290028   9.36654746E-04  -8.57129669               1
       50006      300029   8.33021884E-04  -8.54180717               1
       50006      310030   7.42599252E-04  -8.51799107               1
       50006      320031   6.64377119E-04  -8.50087547               1
       50006      330032   5.95549587E-04  -8.48262596               1
       60007       20001  0.133592948      -4.89656353               1
       60007       30002  0.266308278      -4.94501686               1
       60007       40003  0.661662579      -4.97400761               1
       60007       50004   2.59662771      -4.99468899               1
       60007       90008   2.61365366      -4.98214817               1
       60007      100009  0.671217918      -4.93087530               1
       60007      110010  0.272135645      -4.87651062               1
       60007      120011  0.130360290      -5.04135847               1
       60007      130012   6.55760318E-02  -5.52016497               1
       60007      140013   3.45931202E-02  -6.23448563               1
       60007      150014   1.95782091E-02  -7.05691433               1
       60007      160015   1.18247280E-02  -7.90233517               1
       60007      170016   7.64791481E-03  -8.67602348               1
       60007      180017   5.21304272E-03  -9.29204178               1
       60007      190018   3.80647508E-03  -9.64444542               1
       60007      200019   3.02373152E-03  -9.65587711               1
       60007      210020   2.62504630E-03  -9.36793804               1
       60007      220021   2.41688127E-03  -9.01744652               1
       60007      230022   2.20757537E-03  -8.83542919               1
       60007      240023   1.97442574E-03  -8.79363728               1
       60007      250024   1.74409465E-03  -8.80065155               1
       60007      260025   1.51496578E-03  -8.80570030               1
       60007      270026   1.33000093E-03  -8.79450226               1
       60007      280027   1.16881391E-03  -8.77009010               1
       60007      290028   1.02612155E-03  -8.74433136               1
       60007      300029   9.06757312E-04  -8.72359371               1
       60007      310030   8.03475326E-04  -8.70886993               1
       60007      320031   7.14652939E-04  -8.70139027               1
       60007      330032   6.37064979E-04  -8.69301414               1
       70008       20001   7.80301318E-02  -4.81174660               1
       70008       30002  0.135578677      -4.88082123               1
       70008       40003  0.267857134      -4.92584181               1
       70008       50004  0.663677037      -4.96391726               1
       70008       60005   2.60967946      -4.99105120               1
       70008      100009   2.60480285      -4.97238350               1
       70008      110010  0.670688450      -4.93305635               1
       70008      120011  0.263478875      -5.01160526               1
       70008      130012  0.118690312      -5.38600922               1
       70008      140013   5.79381138E-02  -6.00539970               1
       70008      150014   3.07745524E-02  -6.75923491               1
       70008      160015   1.75749902E-02  -7.57426739               1
       70008      170016   1.08180307E-02  -8.36144352               1
       70008      180017   7.05590332E-03  -9.02931690               1
       70008      190018   4.94943419E-03  -9.46333981               1
       70008      200019   3.79121886E-03  -9.56892395               1
       70008      210020   3.18918354E-03  -9.36453438               1
       70008      220021   2.86580017E-03  -9.06733227               1
       70008      230022   2.57196371E-03  -8.91227341               1
       70008      240023   2.27012369E-03  -8.88431835               1
       70008      250024   1.98385515E-03  -8.90013027               1
       70008      260025   1.70704885E-03  -8.91234779               1
       70008      270026   1.48579304E-03  -8.90790939               1
       70008      280027   1.29547413E-03  -8.89023018               1
       70008      290028   1.12909882E-03  -8.87136078               1
       70008      300029   9.90900211E-04  -8.85788727               1
       70008      310030   8.72385048E-04  -8.85077667               1
       70008      320031   7.71118735E-04  -8.85142422               1
       70008      330032   6.83342339E-04  -8.85141945               1
       80009       20001   4.99863476E-02  -4.69864559               1
       80009       30002   7.92969689E-02  -4.78352737               1
       80009       40003  0.136455461      -4.84300280               1
       80009       50004  0.269557834      -4.89919662               1
       80009       60005  0.665158987      -4.94884825               1
       80009       70006   2.61353898      -4.98254251               1
       80009      110010   2.61255741      -4.97472858               1
       80009      120011  0.663478255      -4.99399281               1
       80009      130012  0.248174176      -5.21887922               1
       80009      140013  0.108185157      -5.69669104               1
       80009      150014   5.27904853E-02  -6.34229088               1
       80009      160015   2.80582253E-02  -7.09636927               1
       80009      170016   1.62157025E-02  -7.88084412               1
       80009      180017   9.99616273E-03  -8.60241413               1
       80009      190018   6.65805582E-03  -9.13861465               1
       80009      200019   4.86509129E-03  -9.37245083               1
       80009      210020   3.92846065E-03  -9.28847790               1
       80009      220021   3.42140300E-03  -9.07116127               1
       80009      230022   3.00332299E-03  -8.95677757               1
       80009      240023   2.60834862E-03  -8.94868183               1
       80009      250024   2.25040456E-03  -8.97586727               1
       80009      260025   1.91514811E-03  -8.99639702               1
       80009      270026   1.65041361E-03  -8.99923515               1
       80009      280027   1.42604334E-03  -8.98852158               1
       80009      290028   1.23263872E-03  -8.97665405               1
       80009      300029   1.07329839E-03  -8.97052288               1
       80009      310030   9.38010227E-04  -8.97113037               1
       80009      320031   8.23260169E-04  -8.98006058               1
       80009      330032   7.24645564E-04  -8.98864460               1
       90010       20001   3.40663828E-02  -4.59650278               1
       90010       30002   5.07769883E-02  -4.68667936               1
       90010       40003   8.00126642E-02  -4.74974489               1
       90010       50004  0.138557911      -4.81112766               1
       90010       60005  0.273450792      -4.86788750               1
       90010       70006  0.671091497      -4.93296146               1
       90010       80007   2.60472703      -4.97277784               1
       90010      120011   2.60534596      -4.99249029               1
       90010      130012  0.652240276      -5.05691385               1
       90010      140013  0.236898556      -5.33564806               1
       90010      150014  0.102647349      -5.81605721               1
       90010      160015   4.96783890E-02  -6.45743370               1
       90010      170016   2.64962967E-02  -7.20058298               1
       90010      180017   1.51973134E-02  -7.95970154               1
       90010      190018   9.46257170E-03  -8.61253548               1
       90010      200019   6.49409415E-03  -9.01964951               1
       90010      210020   4.96122148E-03  -9.11765575               1
       90010      220021   4.14094841E-03  -9.03194141               1
       90010      230022   3.52915423E-03  -8.98841095               1
       90010      240023   3.00190179E-03  -9.01531696               1
       90010      250024   2.54903873E-03  -9.06169128               1
       90010      260025   2.14054296E-03  -9.09512997               1
       90010      270026   1.82300899E-03  -9.10836220               1
       90010      280027   1.55856821E-03  -9.10695839               1
       90010      290028   1.33428699E-03  -9.10402679               1
       90010      300029   1.15131016E-03  -9.10703659               1
       90010      310030   9.97714815E-04  -9.11709976               1
       90010      320031   8.68545496E-04  -9.13611698               1
       90010      330032   7.58604554E-04  -9.15517235               1
      100011       20001   2.33008023E-02  -4.62272692               1
      100011       30002   3.32220048E-02  -4.70659113               1
      100011       40003   4.93541546E-02  -4.75903368               1
      100011       50004   7.87922740E-02  -4.80640984               1
      100011       60005  0.137278005      -4.84178686               1
      100011       70006  0.272082388      -4.88172722               1
      100011       80007  0.670677841      -4.93479156               1
      100011       90008   2.61258841      -4.97502089               1
      100011      130012   2.60168862      -4.99345398               1
      100011      140013  0.644433439      -5.03714752               1
      100011      150014  0.232861817      -5.28845501               1
      100011      160015   9.95246023E-02  -5.74418449               1
      100011      170016   4.80135195E-02  -6.37324429               1
      100011      180017   2.51947474E-02  -7.11145973               1
      100011      190018   1.44087458E-02  -7.85653448               1
      100011      200019   9.10489913E-03  -8.46590424               1
      100011      210020   6.44253707E-03  -8.82645416               1
      100011      220021   5.05913515E-03  -8.96331882               1
      100011      230022   4.13223263E-03  -9.05472660               1
      100011      240023   3.41358664E-03  -9.15409851               1
      100011      250024   2.83652265E-03  -9.24227905               1
      100011      260025   2.34029093E-03  -9.30437660               1
      100011      270026   1.96282286E-03  -9.34059429               1
      100011      280027   1.65542995E-03  -9.35942650               1
      100011      290028   1.39992125E-03  -9.37550545               1
      100011      300029   1.19405973E-03  -9.39768696               1
      100011      310030   1.02365762E-03  -9.42728329               1
      100011      320031   8.81862768E-04  -9.46702099               1
      100011      330032   7.62572279E-04  -9.50768661               1
      110012       20001   1.54735353E-02  -4.95765543               1
      110012       30002   2.13293284E-02  -5.02718115               1
      110012       40003   3.03595085E-02  -5.05864811               1
      110012       50004   4.58714664E-02  -5.07794142               1
      110012       60005   7.39913657E-02  -5.07146406               1
      110012       70006  0.130438343      -5.04890776               1
      110012       80007  0.263599038      -5.01473570               1
      110012       90008  0.663637221      -4.99481153               1
      110012      100009   2.60552382      -4.99256802               1
      110012      140013   2.61726046      -4.97764730               1
      110012      150014  0.653449595      -4.98145771               1
      110012      160015  0.233494058      -5.19117594               1
      110012      170016   9.95013416E-02  -5.61932135               1
      110012      180017   4.71215323E-02  -6.23449755               1
      110012      190018   2.44506411E-02  -6.97234726               1
      110012      200019   1.40004288E-02  -7.72616768               1
      110012      210020   8.97814333E-03  -8.37440395               1
      110012      220021   6.48077857E-03  -8.82660007               1
      110012      230022   4.98076202E-03  -9.14499378               1
      110012      240023   3.94668756E-03  -9.37959576               1
      110012      250024   3.18272971E-03  -9.54974842               1
      110012      260025   2.56471918E-03  -9.66857147               1
      110012      270026   2.10869452E-03  -9.74968624               1
      110012      280027   1.74801599E-03  -9.80715466               1
      110012      290028   1.45575195E-03  -9.85863876               1
      110012      300029   1.22410303E-03  -9.91589832               1
      110012      310030   1.03564269E-03  -9.98068905               1
      110012      320031   8.80880514E-04  -10.0575047               1
      110012      330032   7.52481807E-04  -10.1369095               1
      120013       20001   9.87471640E-03  -5.61969709               1
      120013       30002   1.32361250E-02  -5.67288113               1
      120013       40003   1.82014983E-02  -5.68076181               1
      120013       50004   2.63603572E-02  -5.66849709               1
      120013       60005   4.02396917E-02  -5.61606979               1
      120013       70006   6.57824352E-02  -5.52534866               1
      120013       80007  0.118944712      -5.38815355               1
      120013       90008  0.248470277      -5.21927595               1
      120013      100009  0.652556658      -5.05677032               1
      120013      110010   2.60195637      -4.99335527               1
      120013      150014   2.62153125      -4.97015333               1
      120013      160015  0.654692590      -4.95523930               1
      120013      170016  0.235247269      -5.14056444               1
      120013      180017   9.91694257E-02  -5.54847527               1
      120013      190018   4.65453677E-02  -6.15197086               1
      120013      200019   2.41030287E-02  -6.89650345               1
      120013      210020   1.38941789E-02  -7.71105194               1
      120013      220021   9.07246768E-03  -8.45697689               1
      120013      230022   6.44993735E-03  -9.04760456               1
      120013      240023   4.83882288E-03  -9.46764374               1
      120013      250024   3.75349470E-03  -9.75546646               1
      120013      260025   2.93628010E-03  -9.95442963               1
      120013      270026   2.35663680E-03  -10.0958204               1
      120013      280027   1.91441877E-03  -10.2018576               1
      120013      290028   1.56687666E-03  -10.2949114               1
      120013      300029   1.29701034E-03  -10.3910456               1
      120013      310030   1.08185562E-03  -10.4931240               1
      120013      320031   9.07919602E-04  -10.6080360               1
      120013      330032   7.65841629E-04  -10.7266254               1
      130014       20001   6.35821419E-03  -6.48543739               1
      130014       30002   8.31660256E-03  -6.52362776               1
      130014       40003   1.10987937E-02  -6.51055193               1
      130014       50004   1.55006656E-02  -6.47066355               1
      130014       60005   2.26060692E-02  -6.37820911               1
      130014       70006   3.48508433E-02  -6.22831774               1
      130014       80007   5.82480989E-02  -6.00077581               1
      130014       90008  0.108540401      -5.69357300               1
      130014      100009  0.237278447      -5.33398104               1
      130014      110010  0.644776046      -5.03648567               1
      130014      120011   2.61750031      -4.97751141               1
      130014      160015   2.63790774      -4.96788931               1
      130014      170016  0.660180926      -4.95037127               1
      130014      180017  0.236293271      -5.12973261               1
      130014      190018   9.92478430E-02  -5.53133631               1
      130014      200019   4.66153212E-02  -6.13906240               1
      130014      210020   2.42923032E-02  -6.93952560               1
      130014      220021   1.43354088E-02  -7.82815647               1
      130014      230022   9.36055183E-03  -8.62532711               1
      130014      240023   6.59704115E-03  -9.21583080               1
      130014      250024   4.89434693E-03  -9.61824226               1
      130014      260025   3.70390806E-03  -9.89214420               1
      130014      270026   2.89686397E-03  -10.0834322               1
      130014      280027   2.30533304E-03  -10.2223778               1
      130014      290028   1.85568724E-03  -10.3364372               1
      130014      300029   1.51459710E-03  -10.4457207               1
      130014      310030   1.24841917E-03  -10.5549803               1
      130014      320031   1.03681220E-03  -10.6726551               1
      130014      330032   8.66607472E-04  -10.7905712               1
      140015       20001   4.27921675E-03  -7.40276861               1
      140015       30002   5.48022613E-03  -7.42782593               1
      140015       40003   7.12536741E-03  -7.39888382               1
      140015       50004   9.64059029E-03  -7.34016514               1
      140015       60005   1.35118319E-02  -7.22132063               1
      140015       70006   1.98148023E-02  -7.03192663               1
      140015       80007   3.10628340E-02  -6.74127769               1
      140015       90008   5.31246066E-02  -6.33099031               1
      140015      100009  0.103009775      -5.81030273               1
      140015      110010  0.233200446      -5.28616095               1
      140015      120011  0.653706551      -4.98081112               1
      140015      130012   2.62167239      -4.97003412               1
      140015      170016   2.62055039      -4.96781111               1
      140015      180017  0.659243822      -4.95078802               1
      140015      190018  0.236247718      -5.13031626               1
      140015      200019   9.95174795E-02  -5.53864384               1
      140015      210020   4.70068008E-02  -6.20013285               1
      140015      220021   2.51572318E-02  -7.07092094               1
      140015      230022   1.50644947E-02  -7.95388794               1
      140015      240023   9.93010681E-03  -8.65153694               1
      140015      250024   7.01667182E-03  -9.13617611               1
      140015      260025   5.12190117E-03  -9.46342182               1
      140015      270026   3.89743084E-03  -9.68511295               1
      140015      280027   3.03712045E-03  -9.83640957               1
      140015      290028   2.40577315E-03  -9.94858932               1
      140015      300029   1.93887693E-03  -10.0445461               1
      140015      310030   1.58256746E-03  -10.1312981               1
      140015      320031   1.30423077E-03  -10.2177801               1
      140015      330032   1.08372956E-03  -10.2973099               1
      150016       20001   2.99524143E-03  -8.30031967               1
      150016       30002   3.76905943E-03  -8.31129456               1
      150016       40003   4.79388097E-03  -8.26942825               1
      150016       50004   6.31238241E-03  -8.19966030               1
      150016       60005   8.54778197E-03  -8.06885719               1
      150016       70006   1.20010348E-02  -7.86289120               1
      150016       80007   1.77993216E-02  -7.54253960               1
      150016       90008   2.83267479E-02  -7.07427025               1
      150016      100009   4.99776341E-02  -6.44498825               1
      150016      110010   9.98134091E-02  -5.73872328               1
      150016      120011  0.233723983      -5.18938637               1
      150016      130012  0.654831588      -4.95473909               1
      150016      140013   2.63796949      -4.96780491               1
      150016      180017   2.61596274      -4.96635389               1
      150016      190018  0.658356786      -4.95032454               1
      150016      200019  0.236022666      -5.13518715               1
      150016      210020   9.94973630E-02  -5.59048939               1
      150016      220021   4.80637588E-02  -6.33063650               1
      150016      230022   2.62803566E-02  -7.18680143               1
      150016      240023   1.61061119E-02  -7.91766405               1
      150016      250024   1.07741030E-02  -8.44457150               1
      150016      260025   7.54693290E-03  -8.80381966               1
      150016      270026   5.56414947E-03  -9.04364967               1
      150016      280027   4.23256168E-03  -9.19934464               1
      150016      290028   3.29198805E-03  -9.30356789               1
      150016      300029   2.61581247E-03  -9.38064575               1
      150016      310030   2.11237487E-03  -9.43959141               1
      150016      320031   1.72668044E-03  -9.48958492               1
      150016      330032   1.42615545E-03  -9.52561092               1
      160017       20001   2.17557093E-03  -9.13216591               1
      160017       30002   2.70027621E-03  -9.12366772               1
      160017       40003   3.37480288E-03  -9.06689835               1
      160017       50004   4.34704823E-03  -8.98855877               1
      160017       60005   5.72167290E-03  -8.85485935               1
      160017       70006   7.74510764E-03  -8.65081882               1
      160017       80007   1.09578520E-02  -8.33249378               1
      160017       90008   1.63966287E-02  -7.85518122               1
      160017      100009   2.67091654E-02  -7.18299198               1
      160017      110010   4.82281707E-02  -6.36406136               1
      160017      120011   9.96792540E-02  -5.61579609               1
      160017      130012  0.235359535      -5.13936758               1
      160017      140013  0.660233021      -4.95005846               1
      160017      150014   2.62056708      -4.96777201               1
      160017      190018   2.62512064      -4.96746540               1
      160017      200019  0.656464338      -4.95274115               1
      160017      210020  0.234118566      -5.17036247               1
      160017      220021  0.100030825      -5.70679283               1
      160017      230022   4.94023673E-02  -6.44470406               1
      160017      240023   2.79053096E-02  -7.13483620               1
      160017      250024   1.75370071E-02  -7.65775061               1
      160017      260025   1.17090475E-02  -8.02342415               1
      160017      270026   8.31586961E-03  -8.26897621               1
      160017      280027   6.14475273E-03  -8.42482471               1
      160017      290028   4.67388704E-03  -8.52181053               1
      160017      300029   3.64945433E-03  -8.58387852               1
      160017      310030   2.90771341E-03  -8.62107182               1
      160017      320031   2.35191057E-03  -8.64259529               1
      160017      330032   1.92699244E-03  -8.64481640               1
      170018       20001   1.61492708E-03  -9.86636925               1
      170018       30002   1.98358460E-03  -9.83046246               1
      170018       40003   2.44536693E-03  -9.75330162               1
      170018       50004   3.09506548E-03  -9.66402721               1
      170018       60005   3.98097700E-03  -9.52978516               1
      170018       70006   5.22859348E-03  -9.33754444               1
      170018       80007   7.10889930E-03  -9.04333401               1
      170018       90008   1.00874007E-02  -8.59821987               1
      170018      100009   1.53216897E-02  -7.94938040               1
      170018      110010   2.53322292E-02  -7.10279274               1
      170018      120011   4.72428128E-02  -6.23016167               1
      170018      130012   9.92487147E-02  -5.54675627               1
      170018      140013  0.236328393      -5.12925529               1
      170018      150014  0.659250140      -4.95075798               1
      170018      160015   2.61595440      -4.96637774               1
      170018      200019   2.61864352      -4.96959925               1
      170018      210020  0.652812064      -4.97014999               1
      170018      220021  0.233310521      -5.26033735               1
      170018      230022  0.101539351      -5.80779123               1
      170018      240023   5.20840585E-02  -6.38650608               1
      170018      250024   3.04277167E-02  -6.85302925               1
      170018      260025   1.92032289E-02  -7.19111490               1
      170018      270026   1.30437054E-02  -7.42251301               1
      170018      280027   9.30433720E-03  -7.56893301               1
      170018      290028   6.88459724E-03  -7.65622330               1
      170018      300029   5.25829615E-03  -7.70563793               1
      170018      310030   4.11760155E-03  -7.72679377               1
      170018      320031   3.28446459E-03  -7.72825050               1
      170018      330032   2.66148918E-03  -7.70708227               1
      180019       20001   1.25561061E-03  -10.3889971               1
      180019       30002   1.52832258E-03  -10.3254747               1
      180019       40003   1.86201674E-03  -10.2287083               1
      180019       50004   2.32157833E-03  -10.1304932               1
      180019       60005   2.92791706E-03  -9.99994659               1
      180019       70006   3.74751608E-03  -9.82805920               1
      180019       80007   4.92313318E-03  -9.57524204               1
      180019       90008   6.66714367E-03  -9.19672585               1
      180019      100009   9.50520858E-03  -8.63516617               1
      180019      110010   1.44733191E-02  -7.86026573               1
      180019      120011   2.45152786E-02  -6.97082281               1
      180019      130012   4.65863496E-02  -6.15065622               1
      180019      140013   9.92555693E-02  -5.53111744               1
      180019      150014  0.236228496      -5.13059998               1
      180019      160015  0.658319414      -4.95056295               1
      180019      170016   2.62507558      -4.96754074               1
      180019      210020   2.62086153      -4.97442532               1
      180019      220021  0.648622870      -5.02252054               1
      180019      230022  0.235130623      -5.33423948               1
      180019      240023  0.106769115      -5.74373293               1
      180019      250024   5.71781397E-02  -6.10351753               1
      180019      260025   3.38084586E-02  -6.37628794               1
      180019      270026   2.18164194E-02  -6.56725502               1
      180019      280027   1.49382725E-02  -6.68762207               1
      180019      290028   1.07003665E-02  -6.75633001               1
      180019      300029   7.96029251E-03  -6.78990555               1
      180019      310030   6.10397663E-03  -6.79615450               1
      180019      320031   4.78618080E-03  -6.78199768               1
      180019      330032   3.82499094E-03  -6.74432325               1
      190020       20001   1.05552166E-03  -10.5049171               1
      190020       30002   1.27167383E-03  -10.4343615               1
      190020       40003   1.53025542E-03  -10.3365450               1
      190020       50004   1.87976775E-03  -10.2457561               1
      190020       60005   2.32702820E-03  -10.1338835               1
      190020       70006   2.90894182E-03  -9.99693775               1
      190020       80007   3.70542146E-03  -9.80281353               1
      190020       90008   4.81232908E-03  -9.51828003               1
      190020      100009   6.47462578E-03  -9.09726429               1
      190020      110010   9.11314320E-03  -8.49544621               1
      190020      120011   1.40193291E-02  -7.73206425               1
      190020      130012   2.41090711E-02  -6.89655685               1
      190020      140013   4.65912856E-02  -6.13972473               1
      190020      150014   9.94607136E-02  -5.53992081               1
      190020      160015  0.235936537      -5.13616610               1
      190020      170016  0.656356812      -4.95319223               1
      190020      180017   2.61852908      -4.96970463               1
      190020      220021   2.60821247      -4.99022865               1
      190020      230022  0.646382630      -5.06110573               1
      190020      240023  0.244115308      -5.26451921               1
      190020      250024  0.116562329      -5.47953367               1
      190020      260025   6.36702478E-02  -5.65664196               1
      190020      270026   3.87137532E-02  -5.78453779               1
      190020      280027   2.53003873E-02  -5.86271906               1
      190020      290028   1.74646489E-02  -5.90239716               1
      190020      300029   1.26056764E-02  -5.91428614               1
      190020      310030   9.43351816E-03  -5.90365171               1
      190020      320031   7.24954996E-03  -5.87502003               1
      190020      330032   5.69889415E-03  -5.82433939               1
      200021       20001   9.81819932E-04  -10.1117601               1
      200021       30002   1.16756954E-03  -10.0684280               1
      200021       40003   1.38474465E-03  -9.99944878               1
      200021       50004   1.67372369E-03  -9.94120598               1
      200021       60005   2.03308673E-03  -9.86885262               1
      200021       70006   2.48442241E-03  -9.78326988               1
      200021       80007   3.07593588E-03  -9.66087627               1
      200021       90008   3.84722278E-03  -9.48372364               1
      200021      100009   4.91301902E-03  -9.22954082               1
      200021      110010   6.42500399E-03  -8.87154675               1
      200021      120011   8.97593051E-03  -8.38083839               1
      200021      130012   1.38817001E-02  -7.70816231               1
      200021      140013   2.42444631E-02  -6.94033289               1
      200021      150014   4.69121225E-02  -6.20350790               1
      200021      160015   9.93535519E-02  -5.59346533               1
      200021      170016  0.233930558      -5.17199850               1
      200021      180017  0.652594626      -4.97074890               1
      200021      190018   2.62065530      -4.97455740               1
      200021      230022   2.60142112      -4.99560356               1
      200021      240023  0.657116175      -5.01599741               1
      200021      250024  0.260453582      -5.06679058               1
      200021      260025  0.127332181      -5.12876987               1
      200021      270026   7.17927888E-02  -5.17936611               1
      200021      280027   4.43756916E-02  -5.20520544               1
      200021      290028   2.93465052E-02  -5.20873737               1
      200021      300029   2.04611998E-02  -5.19422817               1
      200021      310030   1.48911253E-02  -5.16420698               1
      200021      320031   1.11820213E-02  -5.12053251               1
      200021      330032   8.62414390E-03  -5.05782509               1
      210022       20001   9.78942378E-04  -9.52338314               1
      210022       30002   1.14828930E-03  -9.51764297               1
      210022       40003   1.34203827E-03  -9.48533916               1
      210022       50004   1.59688143E-03  -9.46424770               1
      210022       60005   1.90605014E-03  -9.43201828               1
      210022       70006   2.28296057E-03  -9.39291859               1
      210022       80007   2.75943778E-03  -9.32991505               1
      210022       90008   3.34715610E-03  -9.23784828               1
      210022      100009   4.09951666E-03  -9.11878681               1
      210022      110010   5.04892459E-03  -8.98188591               1
      210022      120011   6.48586964E-03  -8.80454254               1
      210022      130012   9.06415377E-03  -8.43321228               1
      210022      140013   1.42819583E-02  -7.82250500               1
      210022      150014   2.50398684E-02  -7.07687712               1
      210022      160015   4.78752740E-02  -6.33808613               1
      210022      170016   9.97732133E-02  -5.71156645               1
      210022      180017  0.232998207      -5.26240969               1
      210022      190018  0.648297787      -5.02316189               1
      210022      200019   2.60794044      -4.99033928               1
      210022      240023   2.61437154      -4.97991753               1
      210022      250024  0.672901750      -4.94781876               1
      210022      260025  0.270786554      -4.90438652               1
      210022      270026  0.136210650      -4.87914801               1
      210022      280027   7.80397952E-02  -4.85357475               1
      210022      290028   4.88791838E-02  -4.82190800               1
      210022      300029   3.26789729E-02  -4.78185415               1
      210022      310030   2.30081771E-02  -4.73324919               1
      210022      320031   1.68140288E-02  -4.67548943               1
      210022      330032   1.26817310E-02  -4.60185051               1
      220023       20001   9.59806144E-04  -9.16635323               1
      220023       30002   1.11342606E-03  -9.18151760               1
      220023       40003   1.28602225E-03  -9.16932487               1
      220023       50004   1.51124864E-03  -9.16837311               1
      220023       60005   1.77921797E-03  -9.15746975               1
      220023       70006   2.09850958E-03  -9.14266396               1
      220023       80007   2.49136495E-03  -9.11046219               1
      220023       90008   2.95548490E-03  -9.06313610               1
      220023      100009   3.51430499E-03  -9.01866913               1
      220023      110010   4.14874870E-03  -9.01672459               1
      220023      120011   5.01213642E-03  -9.06607819               1
      220023      130012   6.46574795E-03  -8.97858524               1
      220023      140013   9.32561699E-03  -8.59922123               1
      220023      150014   1.49558410E-02  -7.95958996               1
      220023      160015   2.60878466E-02  -7.20157576               1
      220023      170016   4.91261259E-02  -6.45611668               1
      220023      180017  0.101193212      -5.81338692               1
      220023      190018  0.234756127      -5.33606577               1
      220023      200019  0.646047771      -5.06140327               1
      220023      210020   2.60120559      -4.99557257               1
      220023      250024   2.60674644      -4.97242069               1
      220023      260025  0.668412447      -4.93097782               1
      220023      270026  0.272943258      -4.86677122               1
      220023      280027  0.138335079      -4.80935240               1
      220023      290028   7.99785331E-02  -4.75523233               1
      220023      300029   5.04813604E-02  -4.69884205               1
      220023      310030   3.40318941E-02  -4.63835430               1
      220023      320031   2.40221806E-02  -4.57157087               1
      220023      330032   1.76176168E-02  -4.49074316               1
      230024       20001   9.12220683E-04  -9.01275635               1
      230024       30002   1.04901567E-03  -9.03726959               1
      230024       40003   1.20040379E-03  -9.03385639               1
      230024       50004   1.39687199E-03  -9.04164314               1
      230024       60005   1.62704533E-03  -9.03985023               1
      230024       70006   1.89648592E-03  -9.03539658               1
      230024       80007   2.22134567E-03  -9.01645851               1
      230024       90008   2.59268959E-03  -8.98902893               1
      230024      100009   3.01920180E-03  -8.97964478               1
      230024      110010   3.46199120E-03  -9.04680634               1
      230024      120011   4.00966173E-03  -9.22704601               1
      230024      130012   4.88591706E-03  -9.33296871               1
      230024      140013   6.59251539E-03  -9.15151310               1
      230024      150014   9.84959956E-03  -8.64804268               1
      230024      160015   1.59384832E-02  -7.93882132               1
      230024      170016   2.76500508E-02  -7.15542269               1
      230024      180017   5.17546497E-02  -6.39790678               1
      230024      190018  0.106405772      -5.74745703               1
      230024      200019  0.243785933      -5.26465940               1
      230024      210020  0.656903327      -5.01541424               1
      230024      220021   2.61430597      -4.97967434               1
      230024      260025   2.59320116      -4.97850943               1
      230024      270026  0.666608632      -4.94634104               1
      230024      280027  0.270698756      -4.89172935               1
      230024      290028  0.137290820      -4.83644247               1
      230024      300029   7.94569328E-02  -4.77859449               1
      230024      310030   5.03685810E-02  -4.71709681               1
      230024      320031   3.39181013E-02  -4.64968252               1
      230024      330032   2.39685588E-02  -4.56812096               1
      240025       20001   8.52024648E-04  -8.91777134               1
      240025       30002   9.72597045E-04  -8.94834042               1
      240025       40003   1.10426755E-03  -8.95046329               1
      240025       50004   1.27447431E-03  -8.96363544               1
      240025       60005   1.47129816E-03  -8.96722794               1
      240025       70006   1.69834634E-03  -8.96861649               1
      240025       80007   1.96767948E-03  -8.95681667               1
      240025       90008   2.26738816E-03  -8.93976498               1
      240025      100009   2.59869546E-03  -8.94863892               1
      240025      110010   2.91666202E-03  -9.05306244               1
      240025      120011   3.27710109E-03  -9.30873203               1
      240025      130012   3.83255305E-03  -9.53711510               1
      240025      140013   4.92340978E-03  -9.49749088               1
      240025      150014   6.97159721E-03  -9.11064243               1
      240025      160015   1.06437933E-02  -8.46664715               1
      240025      170016   1.73209291E-02  -7.68722916               1
      240025      180017   3.01389396E-02  -6.87153006               1
      240025      190018   5.68547100E-02  -6.10954523               1
      240025      200019  0.116270050      -5.47866583               1
      240025      210020  0.260275036      -5.06431532               1
      240025      220021  0.672871351      -4.94630527               1
      240025      230022   2.60679603      -4.97205067               1
      240025      270026   2.59556079      -4.98829651               1
      240025      280027  0.664164305      -4.96194696               1
      240025      290028  0.268872887      -4.92377281               1
      240025      300029  0.135832056      -4.87833118               1
      240025      310030   7.86957666E-02  -4.82650328               1
      240025      320031   4.96564470E-02  -4.76715469               1
      240025      330032   3.33932415E-02  -4.69199944               1
      250026       20001   7.77430832E-04  -8.81916046               1
      250026       30002   8.81975226E-04  -8.85444641               1
      250026       40003   9.94792557E-04  -8.86086559               1
      250026       50004   1.14019122E-03  -8.87818146               1
      250026       60005   1.30642159E-03  -8.88582325               1
      250026       70006   1.49575877E-03  -8.89143562               1
      250026       80007   1.71727908E-03  -8.88451099               1
      250026       90008   1.95811363E-03  -8.87412834               1
      250026      100009   2.21564551E-03  -8.89423943               1
      250026      110010   2.44527264E-03  -9.02153683               1
      250026      120011   2.68415455E-03  -9.32498360               1
      250026      130012   3.04235914E-03  -9.63512039               1
      250026      140013   3.76403029E-03  -9.69701481               1
      250026      150014   5.11311786E-03  -9.40192127               1
      250026      160015   7.45879579E-03  -8.81937408               1
      250026      170016   1.15412762E-02  -8.05999947               1
      250026      180017   1.89682972E-02  -7.21766853               1
      250026      190018   3.35414894E-02  -6.38538837               1
      250026      200019   6.34331256E-02  -5.65414238               1
      250026      210020  0.127204850      -5.12275839               1
      250026      220021  0.270806432      -4.89983988               1
      250026      230022  0.668519258      -4.92905617               1
      250026      240023   2.59331417      -4.97813988               1
      250026      280027   2.58815384      -4.99210835               1
      250026      290028  0.660647631      -4.97351265               1
      250026      300029  0.266080320      -4.94588852               1
      250026      310030  0.134436354      -4.90920639               1
      250026      320031   7.73845166E-02  -4.86334801               1
      250026      330032   4.86950316E-02  -4.79980564               1
      260027       20001   7.19748030E-04  -8.65230942               1
      260027       30002   8.11582606E-04  -8.69542313               1
      260027       40003   9.09524271E-04  -8.70913696               1
      260027       50004   1.03549531E-03  -8.73341846               1
      260027       60005   1.17795938E-03  -8.74779415               1
      260027       70006   1.33830239E-03  -8.76009083               1
      260027       80007   1.52353896E-03  -8.76015854               1
      260027       90008   1.72054931E-03  -8.75790691               1
      260027      100009   1.92469219E-03  -8.78921795               1
      260027      110010   2.09341850E-03  -8.93589211               1
      260027      120011   2.25321180E-03  -9.27674961               1
      260027      130012   2.48865550E-03  -9.64989948               1
      260027      140013   2.98575126E-03  -9.79126358               1
      260027      150014   3.92144639E-03  -9.57081127               1
      260027      160015   5.51336771E-03  -9.04283524               1
      260027      170016   8.18996318E-03  -8.30893898               1
      260027      180017   1.28539698E-02  -7.45713902               1
      260027      190018   2.15941668E-02  -6.58020496               1
      260027      200019   3.85153964E-02  -5.78009510               1
      260027      210020   7.16934130E-02  -5.16824150               1
      260027      220021  0.136249781      -4.86945057               1
      260027      230022  0.273071289      -4.86141014               1
      260027      240023  0.666751742      -4.94447613               1
      260027      250024   2.59567332      -4.98797560               1
      260027      290028   2.58435702      -4.99529123               1
      260027      300029  0.660388768      -4.98143864               1
      260027      310030  0.266889513      -4.95859432               1
      260027      320031  0.134262443      -4.92668819               1
      260027      330032   7.71817863E-02  -4.87658358               1
      270028       20001   6.66691049E-04  -8.44306946               1
      270028       30002   7.47548766E-04  -8.49494171               1
      270028       40003   8.32816237E-04  -8.51692581               1
      270028       50004   9.42347047E-04  -8.54914284               1
      270028       60005   1.06496760E-03  -8.57123661               1
      270028       70006   1.20145490E-03  -8.59115887               1
      270028       80007   1.35731208E-03  -8.59905338               1
      270028       90008   1.51966431E-03  -8.60546780               1
      270028      100009   1.68288732E-03  -8.64771366               1
      270028      110010   1.80741400E-03  -8.81148434               1
      270028      120011   1.91310048E-03  -9.18321419               1
      270028      130012   2.06759688E-03  -9.60720825               1
      270028      140013   2.41802749E-03  -9.81277752               1
      270028      150014   3.08893039E-03  -9.65355301               1
      270028      160015   4.21409262E-03  -9.17231274               1
      270028      170016   6.05550129E-03  -8.46394920               1
      270028      180017   9.15412139E-03  -7.61145115               1
      270028      190018   1.47541612E-02  -6.70574236               1
      270028      200019   2.51323618E-02  -5.85698175               1
      270028      210020   4.42923941E-02  -5.18819427               1
      270028      220021   7.80818537E-02  -4.83693314               1
      270028      230022  0.138464972      -4.79845095               1
      270028      240023  0.270852745      -4.88661194               1
      270028      250024  0.664299607      -4.96033812               1
      270028      260025   2.58823252      -4.99184132               1
      270028      300029   2.59338641      -4.99823284               1
      270028      310030  0.658647001      -4.98346329               1
      270028      320031  0.265303761      -4.96255970               1
      270028      330032  0.133549720      -4.92507696               1
      280029       20001   6.15304627E-04  -8.21673203               1
      280029       30002   6.86452433E-04  -8.27723122               1
      280029       40003   7.60685944E-04  -8.30743790               1
      280029       50004   8.55980965E-04  -8.34760094               1
      280029       60005   9.61666403E-04  -8.37747955               1
      280029       70006   1.07810460E-03  -8.40512466               1
      280029       80007   1.20966136E-03  -8.42092419               1
      280029       90008   1.34402886E-03  -8.43594456               1
      280029      100009   1.47522753E-03  -8.48860741               1
      280029      110010   1.56708038E-03  -8.66768837               1
      280029      120011   1.63509860E-03  -9.06569672               1
      280029      130012   1.73489656E-03  -9.53201675               1
      280029      140013   1.98588171E-03  -9.79074383               1
      280029      150014   2.47912598E-03  -9.68227291               1
      280029      160015   3.29962536E-03  -9.24034882               1
      280029      170016   4.61504934E-03  -8.55505943               1
      280029      180017   6.76749740E-03  -7.70564127               1
      280029      190018   1.05477218E-02  -6.78079605               1
      280029      200019   1.73195973E-02  -5.89658594               1
      280029      210020   2.92703062E-02  -5.18590593               1
      280029      220021   4.89126369E-02  -4.79718447               1
      280029      230022   8.00965428E-02  -4.73692799               1
      280029      240023  0.137441695      -4.82605219               1
      280029      250024  0.269019037      -4.91928911               1
      280029      260025  0.660752475      -4.97214508               1
      280029      270026   2.58443379      -4.99506283               1
      280029      310030   2.59626460      -4.99819231               1
      280029      320031  0.655727088      -4.98373032               1
      280029      330032  0.264151394      -4.95685291               1
      290030       20001   5.71565470E-04  -7.97017813               1
      290030       30002   6.34607160E-04  -8.03974628               1
      290030       40003   6.99699158E-04  -8.07866192               1
      290030       50004   7.83258292E-04  -8.12727833               1
      290030       60005   8.75096244E-04  -8.16548729               1
      290030       70006   9.75290372E-04  -8.20141888               1
      290030       80007   1.08735764E-03  -8.22569180               1
      290030       90008   1.19961752E-03  -8.24983692               1
      290030      100009   1.30603474E-03  -8.31321621               1
      290030      110010   1.37358578E-03  -8.50725842               1
      290030      120011   1.41486863E-03  -8.92967701               1
      290030      130012   1.47682463E-03  -9.43424416               1
      290030      140013   1.65880704E-03  -9.74042416               1
      290030      150014   2.02969927E-03  -9.67690659               1
      290030      160015   2.64479336E-03  -9.26972294               1
      290030      170016   3.61549784E-03  -8.60540581               1
      290030      180017   5.16796950E-03  -7.76058197               1
      290030      190018   7.83206802E-03  -6.82194757               1
      290030      200019   1.24758827E-02  -5.91008043               1
      290030      210020   2.03834102E-02  -5.16625404               1
      290030      220021   3.26933488E-02  -4.74839067               1
      290030      230022   5.05744480E-02  -4.67146206               1
      290030      240023   7.95892701E-02  -4.76073551               1
      290030      250024  0.135972112      -4.86883450               1
      290030      260025  0.266194105      -4.94186497               1
      290030      270026  0.660485446      -4.98019218               1
      290030      280027   2.59345508      -4.99801493               1
      290030      320031   2.58758497      -4.99712515               1
      290030      330032  0.661495984      -4.97832537               1
      300031       20001   5.31681406E-04  -7.71064997               1
      300031       30002   5.87717048E-04  -7.78926611               1
      300031       40003   6.44995074E-04  -7.83693171               1
      300031       50004   7.18562223E-04  -7.89408636               1
      300031       60005   7.98731518E-04  -7.94076395               1
      300031       70006   8.85388057E-04  -7.98516035               1
      300031       80007   9.81398742E-04  -8.01811218               1
      300031       90008   1.07576663E-03  -8.05157280               1
      300031      100009   1.16259581E-03  -8.12572098               1
      300031      110010   1.21182739E-03  -8.33430290               1
      300031      120011   1.23401370E-03  -8.77955914               1
      300031      130012   1.26951060E-03  -9.31909752               1
      300031      140013   1.40245538E-03  -9.66821480               1
      300031      150014   1.68639491E-03  -9.64504337               1
      300031      160015   2.15795077E-03  -9.26881504               1
      300031      170016   2.89362483E-03  -8.62338352               1
      300031      180017   4.04889835E-03  -7.78373384               1
      300031      190018   5.99529082E-03  -6.83502626               1
      300031      200019   9.31489654E-03  -5.90140152               1
      300031      210020   1.48087600E-02  -5.13108635               1
      300031      220021   2.30009835E-02  -4.69005346               1
      300031      230022   3.40965837E-02  -4.59995031               1
      300031      240023   5.04772291E-02  -4.68916655               1
      300031      250024   7.88233057E-02  -4.80920935               1
      300031      260025  0.134552628      -4.90010929               1
      300031      270026  0.267000794      -4.95466566               1
      300031      280027  0.658738732      -4.98218060               1
      300031      290028   2.59631872      -4.99795771               1
      300031      330032   2.58577442      -4.99241209               1
      310032       20001   4.96884692E-04  -7.42590809               1
      310032       30002   5.46925934E-04  -7.51407528               1
      310032       40003   5.97565493E-04  -7.57103252               1
      310032       50004   6.62678969E-04  -7.63728905               1
      310032       60005   7.33048248E-04  -7.69303751               1
      310032       70006   8.08427169E-04  -7.74653244               1
      310032       80007   8.91178788E-04  -7.78882837               1
      310032       90008   9.70968045E-04  -7.83228683               1
      310032      100009   1.04212703E-03  -7.91784716               1
      310032      110010   1.07725488E-03  -8.14140129               1
      310032      120011   1.08542445E-03  -8.60936260               1
      310032      130012   1.10187859E-03  -9.18289089               1
      310032      140013   1.19893812E-03  -9.57333088               1
      310032      150014   1.41912454E-03  -9.58875275               1
      310032      160015   1.78678567E-03  -9.24195480               1
      310032      170016   2.35566148E-03  -8.61458778               1
      310032      180017   3.23575153E-03  -7.78068209               1
      310032      190018   4.69659083E-03  -6.82431746               1
      310032      200019   7.14401528E-03  -5.87271738               1
      310032      210020   1.11005921E-02  -5.08016396               1
      310032      220021   1.67944040E-02  -4.61966991               1
      310032      230022   2.40693148E-02  -4.51843405               1
      310032      240023   3.40137593E-02  -4.60739994               1
      310032      250024   4.97811995E-02  -4.73763609               1
      310032      260025   7.75117055E-02  -4.84516048               1
      310032      270026  0.134395927      -4.91692877               1
      310032      280027  0.265424579      -4.95814848               1
      310032      290028  0.655811131      -4.98223829               1
      310032      300029   2.58764935      -4.99684525               1
      320033       20001   4.67767910E-04  -7.08773279               1
      320033       30002   5.12737839E-04  -7.18667555               1
      320033       40003   5.57784340E-04  -7.25417805               1
      320033       50004   6.15811674E-04  -7.33079576               1
      320033       60005   6.78010343E-04  -7.39691305               1
      320033       70006   7.44045828E-04  -7.46083260               1
      320033       80007   8.15891137E-04  -7.51384163               1
      320033       90008   8.83812376E-04  -7.56872177               1
      320033      100009   9.42401588E-04  -7.66715336               1
      320033      110010   9.66565800E-04  -7.90711880               1
      320033      120011   9.64303152E-04  -8.39902401               1
      320033      130012   9.66873078E-04  -9.00741100               1
      320033      140013   1.03737449E-03  -9.43969440               1
      320033      150014   1.21027185E-03  -9.49400616               1
      320033      160015   1.50169339E-03  -9.17682838               1
      320033      170016   1.95019925E-03  -8.56791306               1
      320033      180017   2.63574882E-03  -7.74092007               1
      320033      190018   3.76017205E-03  -6.77929211               1
      320033      200019   5.61683532E-03  -5.81305647               1
      320033      210020   8.56111012E-03  -5.00187159               1
      320033      220021   1.26749473E-02  -4.52496576               1
      320033      230022   1.76779013E-02  -4.41424084               1
      320033      240023   2.40847077E-02  -4.50284529               1
      320033      250024   3.35504301E-02  -4.64196444               1
      320033      260025   4.88698371E-02  -4.76510620               1
      320033      270026   7.73777887E-02  -4.85492849               1
      320033      280027  0.133743912      -4.91310310               1
      320033      290028  0.264313132      -4.95134878               1
      320033      300029  0.661647081      -4.97648191               1
      320033      310030   2.58586979      -4.99206829               1
