         930
       10002       40003   2.59735656      -4.99647141               1
       10002       50004  0.660789192      -4.97901297               1
       10002       60005  0.264207125      -4.96226597               1
       10002       70006  0.133298978      -4.91665602               1
       10002       80007   7.79249892E-02  -4.82743549               1
       10002       90008   4.99821864E-02  -4.70726824               1
       10002      100009   3.40903997E-02  -4.59329748               1
       10002      110010   2.32828874E-02  -4.60926723               1
       10002      120011   1.53749008E-02  -4.95633173               1
       10002      130012   9.71086230E-03  -5.65351915               1
       10002      140013   6.18413230E-03  -6.58029222               1
       10002      150014   4.13907412E-03  -7.55138159               1
       10002      160015   2.91040749E-03  -8.44807529               1
       10002      170016   2.15419359E-03  -9.16537285               1
       10002      180017   1.65817351E-03  -9.63181591               1
       10002      190018   1.35760021E-03  -9.75677872               1
       10002      200019   1.20234292E-03  -9.50356293               1
       10002      210020   1.15331472E-03  -8.97376060               1
       10002      220021   1.15184998E-03  -8.46345234               1
       10002      230022   1.11901492E-03  -8.19656277               1
       10002      240023   1.04954082E-03  -8.11061382               1
       10002      250024   9.63743776E-04  -8.08959770               1
       10002      260025   8.66237504E-04  -8.07304001               1
       10002      270026   7.84430071E-04  -8.04322624               1
       10002      280027   7.09638058E-04  -7.99680519               1
       10002      290028   6.39880775E-04  -7.94689465               1
       10002      300029   5.80018735E-04  -7.90386629               1
       10002      310030   5.26265881E-04  -7.86386204               1
       10002      320031   4.78672097E-04  -7.84328890               1
       10002      330032   4.36483533E-04  -7.80659342               1
       20003       50004   2.59784174      -4.99632597               1
       20003       60005  0.660486817      -4.97796297               1
       20003       70006  0.266194224      -4.95066977               1
       20003       80007  0.135537356      -4.88833618               1
       20003       90008   7.93143511E-02  -4.79127407               1
       20003      100009   5.08131944E-02  -4.68825912               1
       20003      110010   3.32105644E-02  -4.69962311               1
       20003      120011   2.12233141E-02  -5.02893686               1
       20003      130012   1.30478423E-02  -5.70164108               1
       20003      140013   8.10869969E-03  -6.60461521               1
       20003      150014   5.30504761E-03  -7.56113863               1
       20003      160015   3.65214609E-03  -8.45735168               1
       20003      170016   2.65168189E-03  -9.18879414               1
       20003      180017   2.00478546E-03  -9.68233967               1
       20003      190018   1.61303103E-03  -9.84598827               1
       20003      200019   1.40467752E-03  -9.63746643               1
       20003      210020   1.32686645E-03  -9.14826012               1
       20003      220021   1.30888494E-03  -8.66629791               1
       20003      230022   1.25947432E-03  -8.41809654               1
       20003      240023   1.17219181E-03  -8.34648705               1
       20003      250024   1.06918672E-03  -8.33844662               1
       20003      260025   9.55104129E-04  -8.33482552               1
       20003      270026   8.59882450E-04  -8.31830120               1
       20003      280027   7.73651933E-04  -8.28544807               1
       20003      290028   6.94026763E-04  -8.24930859               1
       20003      300029   6.25980436E-04  -8.22049141               1
       20003      310030   5.65292721E-04  -8.19492912               1
       20003      320031   5.11797261E-04  -8.18915176               1
       20003      330032   4.64616955E-04  -8.16751575               1
       30004       20001   2.59731579      -4.99677563               1
       30004       60005   2.60275102      -4.99882221               1
       30004       70006  0.661697030      -4.97517967               1
       30004       80007  0.267923445      -4.92739630               1
       30004       90008  0.136546060      -4.84609127               1
       30004      100009   8.01170617E-02  -4.74936962               1
       30004      110010   4.94014472E-02  -4.75076151               1
       30004      120011   3.02871019E-02  -5.05546236               1
       30004      130012   1.80149488E-02  -5.69630051               1
       30004      140013   1.08719319E-02  -6.56823015               1
       30004      150014   6.92311581E-03  -7.50431728               1
       30004      160015   4.64864727E-03  -8.39639187               1
       30004      170016   3.30020464E-03  -9.14053822               1
       30004      180017   2.44401349E-03  -9.66103554               1
       30004      190018   1.92789221E-03  -9.86370850               1
       30004      200019   1.64735259E-03  -9.70001602               1
       30004      210020   1.52961118E-03  -9.25086117               1
       30004      220021   1.48823683E-03  -8.79570103               1
       30004      230022   1.41699496E-03  -8.56396866               1
       30004      240023   1.30766863E-03  -8.50431252               1
       30004      250024   1.18408643E-03  -8.50689507               1
       30004      260025   1.05068926E-03  -8.51391029               1
       30004      270026   9.39996040E-04  -8.50844860               1
       30004      280027   8.40748777E-04  -8.48704910               1
       30004      290028   7.50051055E-04  -8.46268272               1
       30004      300029   6.72900234E-04  -8.44613171               1
       30004      310030   6.04585279E-04  -8.43316936               1
       30004      320031   5.44657581E-04  -8.44037151               1
       30004      330032   4.92089835E-04  -8.43205833               1
       40005       20001  0.660651803      -4.98114395               1
       40005       30002   2.59774852      -4.99681711               1
       40005       70006   2.59692001      -4.99286652               1
       40005       80007  0.663800657      -4.96471071               1
       40005       90008  0.269635648      -4.90240622               1
       40005      100009  0.138671607      -4.81453943               1
       40005      110010   7.88645893E-02  -4.80465412               1
       40005      120011   4.58130799E-02  -5.08005095               1
       40005      130012   2.61593554E-02  -5.68357420               1
       40005      140013   1.52397985E-02  -6.51937866               1
       40005      150014   9.39796586E-03  -7.43179464               1
       40005      160015   6.12773001E-03  -8.31942654               1
       40005      170016   4.23773564E-03  -9.07892990               1
       40005      180017   3.06473370E-03  -9.63084316               1
       40005      190018   2.36433349E-03  -9.87760162               1
       40005      200019   1.97848096E-03  -9.76316071               1
       40005      210020   1.80307322E-03  -9.35699749               1
       40005      220021   1.72850676E-03  -8.92957687               1
       40005      230022   1.62742834E-03  -8.71376514               1
       40005      240023   1.48864300E-03  -8.66484928               1
       40005      250024   1.33786863E-03  -8.67660427               1
       40005      260025   1.17908663E-03  -8.69270229               1
       40005      270026   1.04818260E-03  -8.69670105               1
       40005      280027   9.31982941E-04  -8.68515491               1
       40005      290028   8.26876843E-04  -8.67097664               1
       40005      300029   7.37914699E-04  -8.66509151               1
       40005      310030   6.59704674E-04  -8.66314125               1
       40005      320031   5.91441698E-04  -8.68171883               1
       40005      330032   5.31890022E-04  -8.68513489               1
       50006       20001  0.264015943      -4.96957350               1
       50006       30002  0.660339653      -4.98063183               1
       50006       40003   2.60262990      -4.99927616               1
       50006       80007   2.60961771      -4.99256849               1
       50006       90008  0.665240288      -4.95043898               1
       50006      100009  0.273575217      -4.86973667               1
       50006      110010  0.137382001      -4.84008121               1
       50006      120011   7.39607587E-02  -5.07244921               1
       50006      130012   4.00314890E-02  -5.62495804               1
       50006      140013   2.23110430E-02  -6.41218519               1
       50006      150014   1.32243456E-02  -7.29137087               1
       50006      160015   8.31710733E-03  -8.16969013               1
       50006      170016   5.57026500E-03  -8.94520664               1
       50006      180017   3.91406007E-03  -9.53356934               1
       50006      190018   2.94006383E-03  -9.83220291               1
       50006      200019   2.40008789E-03  -9.77533436               1
       50006      210020   2.13987567E-03  -9.41876030               1
       50006      220021   2.01633340E-03  -9.02221394               1
       50006      230022   1.87413883E-03  -8.82267952               1
       50006      240023   1.69720151E-03  -8.78361225               1
       50006      250024   1.51249126E-03  -8.80323029               1
       50006      260025   1.32289843E-03  -8.82698154               1
       50006      270026   1.16775825E-03  -8.83900928               1
       50006      280027   1.03152276E-03  -8.83594990               1
       50006      290028   9.09636845E-04  -8.83067894               1
       50006      300029   8.07049277E-04  -8.83422089               1
       50006      310030   7.17557385E-04  -8.84213257               1
       50006      320031   6.39881182E-04  -8.87095928               1
       50006      330032   5.72521472E-04  -8.88505268               1
       60007       20001  0.133068845      -4.93368244               1
       60007       30002  0.266003579      -4.95864820               1
       60007       40003  0.661526859      -4.97767019               1
       60007       50004   2.59679842      -4.99330997               1
       60007       90008   2.61381125      -4.98288918               1
       60007      100009  0.671125650      -4.93502426               1
       60007      110010  0.272137403      -4.88225460               1
       60007      120011  0.130418718      -5.05162668               1
       60007      130012   6.55661225E-02  -5.53234911               1
       60007      140013   3.45188901E-02  -6.25301266               1
       60007      150014   1.94763280E-02  -7.08515978               1
       60007      160015   1.17162047E-02  -7.94647646               1
       60007      170016   7.54273962E-03  -8.73824596               1
       60007      180017   5.11605712E-03  -9.37052345               1
       60007      190018   3.72022064E-03  -9.73385715               1
       60007      200019   2.94780242E-03  -9.74940968               1
       60007      210020   2.56040390E-03  -9.45542049               1
       60007      220021   2.36403476E-03  -9.09744930               1
       60007      230022   2.16472684E-03  -8.91718864               1
       60007      240023   1.93805038E-03  -8.88861465               1
       60007      250024   1.71082129E-03  -8.91584873               1
       60007      260025   1.48376159E-03  -8.94670486               1
       60007      270026   1.29956135E-03  -8.96613598               1
       60007      280027   1.13968097E-03  -8.97096443               1
       60007      290028   9.98303876E-04  -8.97405910               1
       60007      300029   8.80056701E-04  -8.98654461               1
       60007      310030   7.77762150E-04  -9.00391769               1
       60007      320031   6.89516077E-04  -9.04264069               1
       60007      330032   6.13485056E-04  -9.06714821               1
       70008       20001   7.76721388E-02  -4.85935354               1
       70008       30002  0.135314673      -4.90601397               1
       70008       40003  0.267710894      -4.93500519               1
       70008       50004  0.663621664      -4.96719360               1
       70008       60005   2.60948467      -4.99301624               1
       70008      100009   2.60504007      -4.97079897               1
       70008      110010  0.670477688      -4.93558455               1
       70008      120011  0.263573289      -5.01687145               1
       70008      130012  0.118754499      -5.39150286               1
       70008      140013   5.79034016E-02  -6.01531553               1
       70008      150014   3.06828301E-02  -6.77624702               1
       70008      160015   1.74604580E-02  -7.60421324               1
       70008      170016   1.07001178E-02  -8.40706158               1
       70008      180017   6.94430666E-03  -9.08987999               1
       70008      190018   4.84950654E-03  -9.53468323               1
       70008      200019   3.70350876E-03  -9.64472198               1
       70008      210020   3.11527983E-03  -9.43397141               1
       70008      220021   2.80645024E-03  -9.12733078               1
       70008      230022   2.52482225E-03  -8.97135448               1
       70008      240023   2.23084190E-03  -8.95418072               1
       70008      250024   1.94836094E-03  -8.98823071               1
       70008      260025   1.67401717E-03  -9.02468204               1
       70008      270026   1.45370525E-03  -9.04969215               1
       70008      280027   1.26488821E-03  -9.06046009               1
       70008      290028   1.09999243E-03  -9.06992912               1
       70008      300029   9.63043130E-04  -9.08930206               1
       70008      310030   8.45623086E-04  -9.11408615               1
       70008      320031   7.45004916E-04  -9.16059208               1
       70008      330032   6.58916135E-04  -9.19340706               1
       80009       20001   4.97408509E-02  -4.75808859               1
       80009       30002   7.90925324E-02  -4.82300091               1
       80009       40003  0.136323079      -4.86281490               1
       80009       50004  0.269429982      -4.90989685               1
       80009       60005  0.665065765      -4.95293713               1
       80009       70006   2.61368275      -4.98335361               1
       80009      110010   2.61275554      -4.97338343               1
       80009      120011  0.663222432      -4.99829245               1
       80009      130012  0.248302191      -5.22142267               1
       80009      140013  0.108231060      -5.70140266               1
       80009      150014   5.27350865E-02  -6.35118008               1
       80009      160015   2.79477201E-02  -7.11474991               1
       80009      170016   1.60863325E-02  -7.91195011               1
       80009      180017   9.86709166E-03  -8.64695835               1
       80009      190018   6.54022209E-03  -9.19448185               1
       80009      200019   4.76114545E-03  -9.43491554               1
       80009      210020   3.84106813E-03  -9.34670830               1
       80009      220021   3.35180317E-03  -9.11965656               1
       80009      230022   2.94868648E-03  -9.00231457               1
       80009      240023   2.56346492E-03  -9.00268364               1
       80009      250024   2.21040822E-03  -9.04609299               1
       80009      260025   1.87837309E-03  -9.08922577               1
       80009      270026   1.61504140E-03  -9.12029934               1
       80009      280027   1.39260571E-03  -9.13724518               1
       80009      290028   1.20104954E-03  -9.15324402               1
       80009      300029   1.04325905E-03  -9.17966080               1
       80009      310030   9.09318100E-04  -9.21207142               1
       80009      320031   7.95414031E-04  -9.26662445               1
       80009      330032   6.98715972E-04  -9.30812359               1
       90010       20001   3.38905714E-02  -4.66376972               1
       90010       30002   5.06248884E-02  -4.73621988               1
       90010       40003   7.99194872E-02  -4.77825689               1
       90010       50004  0.138478428      -4.83020782               1
       90010       60005  0.273399621      -4.87685347               1
       90010       70006  0.670983195      -4.93744612               1
       90010       80007   2.60495448      -4.97124577               1
       90010      120011   2.60503554      -4.99289560               1
       90010      130012  0.652154207      -5.05928278               1
       90010      140013  0.237061247      -5.33779240               1
       90010      150014  0.102681562      -5.81874800               1
       90010      160015   4.95983474E-02  -6.46506739               1
       90010      170016   2.63633393E-02  -7.21652937               1
       90010      180017   1.50485747E-02  -7.98605919               1
       90010      190018   9.32057761E-03  -8.65013695               1
       90010      200019   6.36635488E-03  -9.06739426               1
       90010      210020   4.85259574E-03  -9.16682625               1
       90010      220021   4.05385485E-03  -9.07427692               1
       90010      230022   3.46061261E-03  -9.02729511               1
       90010      240023   2.94592744E-03  -9.06083488               1
       90010      250024   2.49987724E-03  -9.12149811               1
       90010      260025   2.09611654E-03  -9.17587757               1
       90010      270026   1.78103196E-03  -9.21610355               1
       90010      280027   1.51945138E-03  -9.24159050               1
       90010      290028   1.29780849E-03  -9.26612186               1
       90010      300029   1.11702480E-03  -9.30149460               1
       90010      310030   9.65318643E-04  -9.34344006               1
       90010      320031   8.37442232E-04  -9.40802002               1
       90010      330032   7.29843625E-04  -9.46035099               1
      100011       20001   2.31709871E-02  -4.69407988               1
      100011       30002   3.31089832E-02  -4.76106119               1
      100011       40003   4.92918454E-02  -4.79118395               1
      100011       50004   7.87571222E-02  -4.82934523               1
      100011       60005  0.137287766      -4.85342598               1
      100011       70006  0.272069752      -4.88826084               1
      100011       80007  0.670457900      -4.93753576               1
      100011       90008   2.61278248      -4.97370720               1
      100011      130012   2.60120130      -4.99091911               1
      100011      140013  0.644448280      -5.03939152               1
      100011      150014  0.233073667      -5.28878355               1
      100011      160015   9.95664299E-02  -5.74470186               1
      100011      170016   4.79313470E-02  -6.37651873               1
      100011      180017   2.50511225E-02  -7.11969566               1
      100011      190018   1.42512759E-02  -7.87281990               1
      100011      200019   8.95422231E-03  -8.49447346               1
      100011      210020   6.30983524E-03  -8.86513042               1
      100011      220021   4.95057460E-03  -9.00325680               1
      100011      230022   4.04586503E-03  -9.09429359               1
      100011      240023   3.34317423E-03  -9.20011902               1
      100011      250024   2.77551892E-03  -9.30137062               1
      100011      260025   2.28617457E-03  -9.38316536               1
      100011      270026   1.91272690E-03  -9.44553280               1
      100011      280027   1.60952832E-03  -9.49098778               1
      100011      290028   1.35777949E-03  -9.53473663               1
      100011      300029   1.15501636E-03  -9.58984756               1
      100011      310030   9.87259438E-04  -9.65230083               1
      100011      320031   8.47394636E-04  -9.73850060               1
      100011      330032   7.30977627E-04  -9.81401348               1
      110012       20001   1.53639689E-02  -5.03962564               1
      110012       30002   2.12283712E-02  -5.09186077               1
      110012       40003   3.02947070E-02  -5.09906578               1
      110012       50004   4.58317958E-02  -5.10853672               1
      110012       60005   7.39995390E-02  -5.08934355               1
      110012       70006  0.130487591      -5.06031418               1
      110012       80007  0.263688475      -5.02036142               1
      110012       90008  0.663380682      -4.99918461               1
      110012      100009   2.60521507      -4.99297667               1
      110012      140013   2.61679840      -4.97644854               1
      110012      150014  0.653426528      -4.98498583               1
      110012      160015  0.233704492      -5.19291496               1
      110012      170016   9.95657891E-02  -5.61983490               1
      110012      180017   4.70423102E-02  -6.23437595               1
      110012      190018   2.43056752E-02  -6.97381735               1
      110012      200019   1.38366828E-02  -7.73652506               1
      110012      210020   8.82171001E-03  -8.40103436               1
      110012      220021   6.34761248E-03  -8.86652279               1
      110012      230022   4.87269461E-03  -9.19314098               1
      110012      240023   3.85839236E-03  -9.43767452               1
      110012      250024   3.10711307E-03  -9.62172031               1
      110012      260025   2.49881251E-03  -9.76025772               1
      110012      270026   2.04891968E-03  -9.86765575               1
      110012      280027   1.69420394E-03  -9.95241070               1
      110012      290028   1.40716753E-03  -10.0327234               1
      110012      300029   1.17978908E-03  -10.1245480               1
      110012      310030   9.94939008E-04  -10.2243862               1
      110012      320031   8.42916081E-04  -10.3498945               1
      110012      330032   7.18031486E-04  -10.4673939               1
      120013       20001   9.77453310E-03  -5.71034336               1
      120013       30002   1.31358169E-02  -5.74528933               1
      120013       40003   1.81197319E-02  -5.72667503               1
      120013       50004   2.62893029E-02  -5.70357800               1
      120013       60005   4.01943550E-02  -5.63701963               1
      120013       70006   6.57691360E-02  -5.53863525               1
      120013       80007  0.119008757      -5.39393616               1
      120013       90008  0.248601392      -5.22183323               1
      120013      100009  0.652475238      -5.05910587               1
      120013      110010   2.60147333      -4.99080896               1
      120013      150014   2.62098551      -4.97002840               1
      120013      160015  0.654528379      -4.95799732               1
      120013      170016  0.235534564      -5.14137125               1
      120013      180017   9.92790610E-02  -5.54593897               1
      120013      190018   4.64920886E-02  -6.14535999               1
      120013      200019   2.39667241E-02  -6.89081097               1
      120013      210020   1.37310661E-02  -7.71795321               1
      120013      220021   8.92168097E-03  -8.48289204               1
      120013      230022   6.32329518E-03  -9.09048176               1
      120013      240023   4.73461300E-03  -9.52587032               1
      120013      250024   3.66483745E-03  -9.82965565               1
      120013      260025   2.85998173E-03  -10.0487289               1
      120013      270026   2.28847074E-03  -10.2162666               1
      120013      280027   1.85393984E-03  -10.3495579               1
      120013      290028   1.51304528E-03  -10.4715614               1
      120013      300029   1.24856702E-03  -10.6025572               1
      120013      310030   1.03792176E-03  -10.7403154               1
      120013      320031   8.67451425E-04  -10.9043541               1
      120013      330032   7.29478255E-04  -11.0623426               1
      130014       20001   6.26648543E-03  -6.58966637               1
      130014       30002   8.21956154E-03  -6.60843277               1
      130014       40003   1.10083902E-02  -6.56642056               1
      130014       50004   1.54098710E-02  -6.51431274               1
      130014       60005   2.25220378E-02  -6.40603971               1
      130014       70006   3.47766876E-02  -6.24711132               1
      130014       80007   5.82159236E-02  -6.01039648               1
      130014       90008  0.108591244      -5.69794798               1
      130014      100009  0.237447023      -5.33591890               1
      130014      110010  0.644796312      -5.03865385               1
      130014      120011   2.61704135      -4.97630215               1
      130014      160015   2.63781595      -4.96680784               1
      130014      170016  0.659929395      -4.95264626               1
      130014      180017  0.236553147      -5.13021755               1
      130014      190018   9.93575752E-02  -5.52664709               1
      130014      200019   4.65590693E-02  -6.13015461               1
      130014      210020   2.41458323E-02  -6.93535042               1
      130014      220021   1.41758816E-02  -7.83895445               1
      130014      230022   9.21846554E-03  -8.65490818               1
      130014      240023   6.47839718E-03  -9.26354885               1
      130014      250024   4.79349447E-03  -9.68290043               1
      130014      260025   3.61774559E-03  -9.97623062               1
      130014      270026   2.82056304E-03  -10.1919489               1
      130014      280027   2.23836955E-03  -10.3559189               1
      130014      290028   1.79673487E-03  -10.4962177               1
      130014      300029   1.46208669E-03  -10.6370630               1
      130014      310030   1.20123662E-03  -10.7783194               1
      130014      320031   9.93692316E-04  -10.9405403               1
      130014      330032   8.28188844E-04  -11.0930805               1
      140015       20001   4.19729156E-03  -7.52444077               1
      140015       30002   5.39112883E-03  -7.52864504               1
      140015       40003   7.03696301E-03  -7.46814394               1
      140015       50004   9.54657700E-03  -7.39545822               1
      140015       60005   1.34147648E-02  -7.25872898               1
      140015       70006   1.97139364E-02  -7.05849695               1
      140015       80007   3.09738964E-02  -6.75661850               1
      140015       90008   5.30737415E-02  -6.33868456               1
      140015      100009  0.103049144      -5.81233978               1
      140015      110010  0.233416945      -5.28623199               1
      140015      120011  0.653686285      -4.98427677               1
      140015      130012   2.62112784      -4.96990013               1
      140015      170016   2.62043428      -4.96566725               1
      140015      180017  0.658959389      -4.95338488               1
      140015      190018  0.236513883      -5.13056993               1
      140015      200019   9.96325463E-02  -5.53398085               1
      140015      210020   4.69334796E-02  -6.19499397               1
      140015      220021   2.50164215E-02  -7.07356167               1
      140015      230022   1.49195176E-02  -7.97108984               1
      140015      240023   9.80371796E-03  -8.68548584               1
      140015      250024   6.90755714E-03  -9.18584442               1
      140015      260025   5.02828788E-03  -9.53046322               1
      140015      270026   3.81439575E-03  -9.77364445               1
      140015      280027   2.96459137E-03  -9.94639397               1
      140015      290028   2.34230538E-03  -10.0805607               1
      140015      300029   1.88265811E-03  -10.2028856               1
      140015      310030   1.53227954E-03  -10.3157387               1
      140015      320031   1.25835498E-03  -10.4397383               1
      140015      330032   1.04310329E-03  -10.5461054               1
      150016       20001   2.92245904E-03  -8.44478607               1
      150016       30002   3.68875451E-03  -8.43328857               1
      150016       40003   4.71140910E-03  -8.35723972               1
      150016       50004   6.22222293E-03  -8.27163124               1
      150016       60005   8.45014304E-03  -8.12080669               1
      150016       70006   1.18930535E-02  -7.90210438               1
      150016       80007   1.76865179E-02  -7.56835365               1
      150016       90008   2.82192193E-02  -7.08978558               1
      150016      100009   4.99010198E-02  -6.45101547               1
      150016      110010   9.98583585E-02  -5.73855591               1
      150016      120011  0.233936206      -5.19092131               1
      150016      130012  0.654668033      -4.95745039               1
      150016      140013   2.63787746      -4.96671677               1
      150016      180017   2.61594105      -4.96368885               1
      150016      190018  0.658080995      -4.95223951               1
      150016      200019  0.236320868      -5.13451958               1
      150016      210020   9.95810628E-02  -5.58769178               1
      150016      220021   4.79930080E-02  -6.33023071               1
      150016      230022   2.61567738E-02  -7.19524384               1
      150016      240023   1.59841180E-02  -7.93932295               1
      150016      250024   1.06631862E-02  -8.47950745               1
      150016      260025   7.44939782E-03  -8.85363197               1
      150016      270026   5.47617581E-03  -9.11207390               1
      150016      280027   4.15549055E-03  -9.28606796               1
      150016      290028   3.22459475E-03  -9.40872574               1
      150016      300029   2.55616591E-03  -9.50792408               1
      150016      310030   2.05901964E-03  -9.58829498               1
      150016      320031   1.67782267E-03  -9.67034340               1
      150016      330032   1.38304452E-03  -9.72735596               1
      160017       20001   2.11028405E-03  -9.30175495               1
      160017       30002   2.62772781E-03  -9.26866722               1
      160017       40003   3.29878717E-03  -9.17494678               1
      160017       50004   4.26281895E-03  -9.07872105               1
      160017       60005   5.62842004E-03  -8.92288876               1
      160017       70006   7.63929635E-03  -8.70438004               1
      160017       80007   1.08400229E-02  -8.37084389               1
      160017       90008   1.62682366E-02  -7.88101768               1
      160017      100009   2.65776347E-02  -7.19576931               1
      160017      110010   4.81474362E-02  -6.36585903               1
      160017      120011   9.97444540E-02  -5.61580944               1
      160017      130012  0.235647112      -5.14003849               1
      160017      140013  0.659981430      -4.95230341               1
      160017      150014   2.62045097      -4.96562481               1
      160017      190018   2.62512064      -4.96640348               1
      160017      200019  0.656250775      -4.95485353               1
      160017      210020  0.234354034      -5.17073393               1
      160017      220021  0.100090615      -5.70623398               1
      160017      230022   4.93351184E-02  -6.44771099               1
      160017      240023   2.78053954E-02  -7.14671803               1
      160017      250024   1.74332540E-02  -7.67972326               1
      160017      260025   1.16120540E-02  -8.05742836               1
      160017      270026   8.22486077E-03  -8.31879616               1
      160017      280027   6.06400473E-03  -8.49028969               1
      160017      290028   4.60292585E-03  -8.60304546               1
      160017      300029   3.58638819E-03  -8.68422413               1
      160017      310030   2.85104127E-03  -8.73976707               1
      160017      320031   2.29953066E-03  -8.78980923               1
      160017      330032   1.88081921E-03  -8.80958843               1
      170018       20001   1.55625213E-03  -10.0622606               1
      170018       30002   1.91820192E-03  -9.99866390               1
      170018       40003   2.37604440E-03  -9.88123226               1
      170018       50004   3.01779178E-03  -9.77153683               1
      170018       60005   3.89458705E-03  -9.61285877               1
      170018       70006   5.12960367E-03  -9.40450859               1
      170018       80007   6.99564163E-03  -9.09378910               1
      170018       90008   9.95729957E-03  -8.63488007               1
      170018      100009   1.51724415E-02  -7.97051907               1
      170018      110010   2.51884777E-02  -7.10831642               1
      170018      120011   4.71634381E-02  -6.22901344               1
      170018      130012   9.93583277E-02  -5.54391956               1
      170018      140013  0.236588269      -5.12967110               1
      170018      150014  0.658965886      -4.95334578               1
      170018      160015   2.61593294      -4.96371317               1
      170018      200019   2.61814141      -4.96922684               1
      170018      210020  0.652788818      -4.97290897               1
      170018      220021  0.233533382      -5.26081610               1
      170018      230022  0.101583444      -5.80754232               1
      170018      240023   5.20397983E-02  -6.39085245               1
      170018      250024   3.03500723E-02  -6.86405468               1
      170018      260025   1.91172212E-02  -7.21110296               1
      170018      270026   1.29551180E-02  -7.45544052               1
      170018      280027   9.22317617E-03  -7.61501074               1
      170018      290028   6.81217294E-03  -7.71584558               1
      170018      300029   5.19309752E-03  -7.78204393               1
      170018      310030   4.05829865E-03  -7.81942987               1
      170018      320031   3.22864787E-03  -7.84699202               1
      170018      330032   2.61213514E-03  -7.84145927               1
      180019       20001   1.20254245E-03  -10.6112528               1
      180019       30002   1.46929617E-03  -10.5157690               1
      180019       40003   1.79922138E-03  -10.3746080               1
      180019       50004   2.25165742E-03  -10.2528467               1
      180019       60005   2.84973765E-03  -10.0952625               1
      180019       70006   3.65801994E-03  -9.90563774               1
      180019       80007   4.82002553E-03  -9.63552761               1
      180019       90008   6.54659793E-03  -9.24319935               1
      180019      100009   9.36115813E-03  -8.66580105               1
      180019      110010   1.43145695E-02  -7.87240744               1
      180019      120011   2.43696216E-02  -6.97051144               1
      180019      130012   4.65330072E-02  -6.14350414               1
      180019      140013   9.93655175E-02  -5.52631950               1
      180019      150014  0.236495078      -5.13085699               1
      180019      160015  0.658044040      -4.95249224               1
      180019      170016   2.62507582      -4.96648359               1
      180019      210020   2.62027240      -4.97405720               1
      180019      220021  0.648627520      -5.02571869               1
      180019      230022  0.235307142      -5.33457804               1
      180019      240023  0.106832378      -5.74517393               1
      180019      250024   5.71650788E-02  -6.10862207               1
      180019      260025   3.37577052E-02  -6.38748312               1
      180019      270026   2.17446387E-02  -6.58861876               1
      180019      280027   1.48661854E-02  -6.71974754               1
      180019      290028   1.06330914E-02  -6.79999256               1
      180019      300029   7.89745711E-03  -6.84834480               1
      180019      310030   6.04496337E-03  -6.86918640               1
      180019      320031   4.72837640E-03  -6.87928391               1
      180019      330032   3.77324154E-03  -6.85616112               1
      190020       20001   1.00668485E-03  -10.7453699               1
      190020       30002   1.21767481E-03  -10.6390409               1
      190020       40003   1.47304882E-03  -10.4930840               1
      190020       50004   1.81649474E-03  -10.3761368               1
      190020       60005   2.25673174E-03  -10.2351789               1
      190020       70006   2.82903318E-03  -10.0794830               1
      190020       80007   3.61363287E-03  -9.86817169               1
      190020       90008   4.70472220E-03  -9.57142544               1
      190020      100009   6.34408183E-03  -9.13743114               1
      190020      110010   8.96081794E-03  -8.51885414               1
      190020      120011   1.38550326E-02  -7.73986483               1
      190020      130012   2.39731856E-02  -6.89010000               1
      190020      140013   4.65358160E-02  -6.13076067               1
      190020      150014   9.95766073E-02  -5.53535891               1
      190020      160015  0.236235350      -5.13558245               1
      190020      170016  0.656143427      -4.95534182               1
      190020      180017   2.61802649      -4.96934032               1
      190020      220021   2.60767365      -4.98967791               1
      190020      230022  0.646345913      -5.06362343               1
      190020      240023  0.244265065      -5.26657104               1
      190020      250024  0.116648600      -5.48318911               1
      190020      260025   6.36859387E-02  -5.66425705               1
      190020      270026   3.86794694E-02  -5.80013752               1
      190020      280027   2.52521373E-02  -5.88715315               1
      190020      290028   1.74134020E-02  -5.93676519               1
      190020      300029   1.25528527E-02  -5.96177959               1
      190020      310030   9.37991962E-03  -5.96445704               1
      190020      320031   7.19243754E-03  -5.95853996               1
      190020      330032   5.64626185E-03  -5.92177439               1
      200021       20001   9.37180012E-04  -10.3430395               1
      200021       30002   1.11875089E-03  -10.2634077               1
      200021       40003   1.33376475E-03  -10.1451473               1
      200021       50004   1.61811977E-03  -10.0605488               1
      200021       60005   1.97216636E-03  -9.95912457               1
      200021       70006   2.41604587E-03  -9.85546398               1
      200021       80007   2.99817137E-03  -9.71746731               1
      200021       90008   3.75644048E-03  -9.53143501               1
      200021      100009   4.80207382E-03  -9.27042961               1
      200021      110010   6.29140809E-03  -8.90434933               1
      200021      120011   8.81995913E-03  -8.40430355               1
      200021      130012   1.37199974E-02  -7.71433401               1
      200021      140013   2.40994822E-02  -6.93652534               1
      200021      150014   4.68398184E-02  -6.19888544               1
      200021      160015   9.94374603E-02  -5.59102249               1
      200021      170016  0.234165132      -5.17254448               1
      200021      180017  0.652569413      -4.97356892               1
      200021      190018   2.62006378      -4.97420120               1
      200021      230022   2.60116196      -4.99453068               1
      200021      240023  0.656896472      -5.01882458               1
      200021      250024  0.260577738      -5.06988955               1
      200021      260025  0.127431467      -5.13406944               1
      200021      270026   7.18205795E-02  -5.19086885               1
      200021      280027   4.43742946E-02  -5.22404718               1
      200021      290028   2.93307938E-02  -5.23635197               1
      200021      300029   2.04334557E-02  -5.23369312               1
      200021      310030   1.48540642E-02  -5.21601868               1
      200021      320031   1.11327125E-02  -5.19371319               1
      200021      330032   8.57552700E-03  -5.14451694               1
      210022       20001   9.39053134E-04  -9.73354721               1
      210022       30002   1.10532553E-03  -9.69271660               1
      210022       40003   1.29823445E-03  -9.61138725               1
      210022       50004   1.55010726E-03  -9.56487465               1
      210022       60005   1.85590493E-03  -9.50435066               1
      210022       70006   2.22771685E-03  -9.44807339               1
      210022       80007   2.69763847E-03  -9.37063026               1
      210022       90008   3.27567849E-03  -9.27183342               1
      210022      100009   4.01176745E-03  -9.15053844               1
      210022      110010   4.94120782E-03  -9.01458549               1
      210022      120011   6.35483488E-03  -8.84048653               1
      210022      130012   8.91606603E-03  -8.45868587               1
      210022      140013   1.41246114E-02  -7.83479452               1
      210022      150014   2.48999968E-02  -7.08118296               1
      210022      160015   4.78038304E-02  -6.33882380               1
      210022      170016   9.98304412E-02  -5.71161270               1
      210022      180017  0.233216718      -5.26314020               1
      210022      190018  0.648297012      -5.02643871               1
      210022      200019   2.60739613      -4.98980188               1
      210022      240023   2.61462927      -4.97889853               1
      210022      250024  0.672651410      -4.95132732               1
      210022      260025  0.270825982      -4.90890837               1
      210022      270026  0.136246368      -4.88824940               1
      210022      280027   7.80655518E-02  -4.86879396               1
      210022      290028   4.88936491E-02  -4.84516859               1
      210022      300029   3.26754525E-02  -4.81612730               1
      210022      310030   2.29879916E-02  -4.77930784               1
      210022      320031   1.67718604E-02  -4.74183321               1
      210022      330032   1.26360236E-02  -4.68159199               1
      220023       20001   9.24910069E-04  -9.37137032               1
      220023       30002   1.07640051E-03  -9.35163593               1
      220023       40003   1.24921720E-03  -9.28992367               1
      220023       50004   1.47282542E-03  -9.26357841               1
      220023       60005   1.73899485E-03  -9.22421074               1
      220023       70006   2.05509737E-03  -9.19197464               1
      220023       80007   2.44371826E-03  -9.14495182               1
      220023       90008   2.90100113E-03  -9.09069061               1
      220023      100009   3.44719668E-03  -9.04477882               1
      220023      110010   4.06523841E-03  -9.04753208               1
      220023      120011   4.90797870E-03  -9.10899830               1
      220023      130012   6.34311698E-03  -9.02096462               1
      220023      140013   9.18646809E-03  -8.63175011               1
      220023      150014   1.48119535E-02  -7.98040771               1
      220023      160015   2.59631276E-02  -7.21271038               1
      220023      170016   4.90553640E-02  -6.46065855               1
      220023      180017  0.101231605      -5.81383371               1
      220023      190018  0.234925687      -5.33664894               1
      220023      200019  0.646004260      -5.06397820               1
      220023      210020   2.60094213      -4.99450254               1
      220023      250024   2.60689735      -4.97155762               1
      220023      260025  0.668309093      -4.93385839               1
      220023      270026  0.272913754      -4.87305689               1
      220023      280027  0.138337493      -4.82072639               1
      220023      290028   7.99912885E-02  -4.77433825               1
      220023      300029   5.04795201E-02  -4.72863340               1
      220023      310030   3.40119042E-02  -4.67995358               1
      220023      320031   2.39732768E-02  -4.63280773               1
      220023      330032   1.75627824E-02  -4.56585932               1
      230024       20001   8.81210144E-04  -9.23377419               1
      230024       30002   1.01649191E-03  -9.22259903               1
      230024       40003   1.16869400E-03  -9.16843224               1
      230024       50004   1.36436080E-03  -9.15002060               1
      230024       60005   1.59367279E-03  -9.11881065               1
      230024       70006   1.86111056E-03  -9.09586716               1
      230024       80007   2.18320591E-03  -9.06080532               1
      230024       90008   2.54963944E-03  -9.02493858               1
      230024      100009   2.96631618E-03  -9.01264954               1
      230024      110010   3.39594809E-03  -9.08412075               1
      230024      120011   3.92654957E-03  -9.27927494               1
      230024      130012   4.78665903E-03  -9.39045525               1
      230024      140013   6.47746352E-03  -9.20342922               1
      230024      150014   9.72472690E-03  -8.68782616               1
      230024      160015   1.58156268E-02  -7.96523380               1
      230024      170016   2.75468547E-02  -7.17020750               1
      230024      180017   5.17050140E-02  -6.40363264               1
      230024      190018  0.106462672      -5.74937963               1
      230024      200019  0.243930072      -5.26679945               1
      230024      210020  0.656681418      -5.01821280               1
      230024      220021   2.61456561      -4.97863674               1
      230024      260025   2.59339666      -4.97758102               1
      230024      270026  0.666614592      -4.94902515               1
      230024      280027  0.270660847      -4.89764595               1
      230024      290028  0.137269139      -4.84945345               1
      230024      300029   7.94241205E-02  -4.80206442               1
      230024      310030   5.03208898E-02  -4.75293398               1
      230024      320031   3.38373668E-02  -4.70511293               1
      230024      330032   2.38816254E-02  -4.63898754               1
      240025       20001   8.23176233E-04  -9.16890049               1
      240025       30002   9.42537677E-04  -9.16255665               1
      240025       40003   1.07522169E-03  -9.11236572               1
      240025       50004   1.24497025E-03  -9.09815979               1
      240025       60005   1.44132250E-03  -9.07104588               1
      240025       70006   1.66692329E-03  -9.05255795               1
      240025       80007   1.93421263E-03  -9.02299500               1
      240025       90008   2.23009498E-03  -8.99555302               1
      240025      100009   2.55342317E-03  -8.99922657               1
      240025      110010   2.86069536E-03  -9.10573292               1
      240025      120011   3.20718484E-03  -9.37550354               1
      240025      130012   3.74923693E-03  -9.61057854               1
      240025      140013   4.82653547E-03  -9.56733227               1
      240025      150014   6.86449325E-03  -9.16821384               1
      240025      160015   1.05327237E-02  -8.50849533               1
      240025      170016   1.72149371E-02  -7.71364164               1
      240025      180017   3.00574191E-02  -6.88470125               1
      240025      190018   5.68373948E-02  -6.11532688               1
      240025      200019  0.116353594      -5.48232651               1
      240025      210020  0.260400742      -5.06722450               1
      240025      220021  0.672627628      -4.94967556               1
      240025      230022   2.60695529      -4.97115135               1
      240025      270026   2.59553862      -4.98954582               1
      240025      280027  0.664230347      -4.96411562               1
      240025      290028  0.268857300      -4.92993736               1
      240025      300029  0.135770231      -4.89293385               1
      240025      310030   7.86110908E-02  -4.85333204               1
      240025      320031   4.95266616E-02  -4.81352329               1
      240025      330032   3.32521498E-02  -4.75636148               1
      250026       20001   7.50176318E-04  -9.11192417               1
      250026       30002   8.53664707E-04  -9.10875225               1
      250026       40003   9.67486645E-04  -9.06104946               1
      250026       50004   1.11254212E-03  -9.04951286               1
      250026       60005   1.27843255E-03  -9.02489853               1
      250026       70006   1.46658928E-03  -9.00901318               1
      250026       80007   1.68644649E-03  -8.98247910               1
      250026       90008   1.92415412E-03  -8.95954514               1
      250026      100009   2.17511738E-03  -8.97184563               1
      250026      110010   2.39608204E-03  -9.09827232               1
      250026      120011   2.62375362E-03  -9.41331291               1
      250026      130012   2.97120446E-03  -9.72896671               1
      250026      140013   3.68178496E-03  -9.78697395               1
      250026      150014   5.02170110E-03  -9.47861290               1
      250026      160015   7.36163231E-03  -8.87809563               1
      250026      170016   1.14429994E-02  -8.09990788               1
      250026      180017   1.88798979E-02  -7.24045134               1
      250026      190018   3.34885679E-02  -6.39724016               1
      250026      200019   6.34488761E-02  -5.66140556               1
      250026      210020  0.127309203      -5.12742853               1
      250026      220021  0.270856708      -4.90387344               1
      250026      230022  0.668429494      -4.93171835               1
      250026      240023   2.59352112      -4.97716665               1
      250026      280027   2.58828163      -4.99154663               1
      250026      290028  0.660654306      -4.97632933               1
      250026      300029  0.266017258      -4.95300674               1
      250026      310030  0.134337291      -4.92623186               1
      250026      320031   7.72107765E-02  -4.89872694               1
      250026      330032   4.84879911E-02  -4.85612392               1
      260027       20001   6.92912494E-04  -8.99332619               1
      260027       30002   7.83732219E-04  -8.99674034               1
      260027       40003   8.82586697E-04  -8.95480633               1
      260027       50004   1.00819115E-03  -8.94902325               1
      260027       60005   1.15029013E-03  -8.92984581               1
      260027       70006   1.30951917E-03  -8.91925335               1
      260027       80007   1.49322767E-03  -8.89807415               1
      260027       90008   1.68749073E-03  -8.88128185               1
      260027      100009   1.88600284E-03  -8.90226364               1
      260027      110010   2.04754458E-03  -9.04499340               1
      260027      120011   2.19821068E-03  -9.39428806               1
      260027      130012   2.42497330E-03  -9.77045631               1
      260027      140013   2.91290320E-03  -9.90621948               1
      260027      150014   3.84042412E-03  -9.67059898               1
      260027      160015   5.42593142E-03  -9.12210655               1
      260027      170016   8.09825771E-03  -8.36608315               1
      260027      180017   1.27640599E-02  -7.49337387               1
      260027      190018   2.15217993E-02  -6.60192585               1
      260027      200019   3.84832770E-02  -5.79461193               1
      260027      210020   7.17288405E-02  -5.17827511               1
      260027      220021  0.136299402      -4.87734270               1
      260027      230022  0.273059189      -4.86700630               1
      260027      240023  0.666774094      -4.94690704               1
      260027      250024   2.59566307      -4.98917723               1
      260027      290028   2.58437705      -4.99432707               1
      260027      300029  0.660298586      -4.98512220               1
      260027      310030  0.266805798      -4.96795559               1
      260027      320031  0.134061307      -4.95122290               1
      260027      330032   7.68888220E-02  -4.92456770               1
      270028       20001   6.40513550E-04  -8.82808113               1
      270028       30002   7.20413052E-04  -8.83955765               1
      270028       40003   8.06525699E-04  -8.80491257               1
      270028       50004   9.15692130E-04  -8.80635834               1
      270028       60005   1.03795098E-03  -8.79410553               1
      270028       70006   1.17341010E-03  -8.79024315               1
      270028       80007   1.32788671E-03  -8.77574825               1
      270028       90008   1.48784439E-03  -8.76613426               1
      270028      100009   1.64625375E-03  -8.79603672               1
      270028      110010   1.76484452E-03  -8.95324039               1
      270028      120011   1.86314830E-03  -9.33046913               1
      270028      130012   2.01075152E-03  -9.75479126               1
      270028      140013   2.35381373E-03  -9.95260429               1
      270028      150014   3.01790610E-03  -9.77601910               1
      270028      160015   4.13727714E-03  -9.27171040               1
      270028      170016   5.97403012E-03  -8.53815174               1
      270028      180017   9.07188561E-03  -7.66127729               1
      270028      190018   1.46819698E-02  -6.73769140               1
      270028      200019   2.50869300E-02  -5.87921715               1
      270028      210020   4.42993194E-02  -5.20426464               1
      270028      220021   7.81223252E-02  -4.84975243               1
      270028      230022  0.138486117      -4.80824041               1
      270028      240023  0.270833522      -4.89174986               1
      270028      250024  0.664381087      -4.96224022               1
      270028      260025   2.58837056      -4.99123192               1
      270028      300029   2.59355831      -4.99832249               1
      270028      310030  0.658385217      -4.98649216               1
      270028      320031  0.265092015      -4.97466326               1
      270028      330032  0.133147642      -4.96109867               1
      280029       20001   5.89694362E-04  -8.64275646               1
      280029       30002   6.59918878E-04  -8.66250229               1
      280029       40003   7.34908157E-04  -8.63546371               1
      280029       50004   8.29814642E-04  -8.64448261               1
      280029       60005   9.35113756E-04  -8.63956642               1
      280029       70006   1.05057203E-03  -8.64288044               1
      280029       80007   1.18084752E-03  -8.63551807               1
      280029       90008   1.31309673E-03  -8.63341522               1
      280029      100009   1.44015579E-03  -8.67214108               1
      280029      110010   1.52711303E-03  -8.84244728               1
      280029      120011   1.58920384E-03  -9.24328804               1
      280029      130012   1.68360479E-03  -9.70721149               1
      280029      140013   1.92872726E-03  -9.95573521               1
      280029      150014   2.41637812E-03  -9.82743073               1
      280029      160015   3.23187653E-03  -9.35977650               1
      280029      170016   4.54292679E-03  -8.64632320               1
      280029      180017   6.69371756E-03  -7.76929379               1
      280029      190018   1.04801310E-02  -6.82344580               1
      280029      200019   1.72709003E-02  -5.92718315               1
      280029      210020   2.92624049E-02  -5.20889091               1
      280029      220021   4.89411317E-02  -4.81626415               1
      280029      230022   8.01276639E-02  -4.75298119               1
      280029      240023  0.137439266      -4.83726025               1
      280029      250024  0.269020736      -4.92461300               1
      280029      260025  0.660772741      -4.97468138               1
      280029      270026   2.58446288      -4.99404621               1
      280029      310030   2.59612036      -4.99870729               1
      280029      320031  0.655480504      -4.98775816               1
      280029      330032  0.263540030      -4.98109818               1
      290030       20001   5.46283787E-04  -8.43609905               1
      290030       30002   6.08418719E-04  -8.46502876               1
      290030       40003   6.74175913E-04  -8.44655800               1
      290030       50004   7.57307105E-04  -8.46410942               1
      290030       60005   8.48717755E-04  -8.46752930               1
      290030       70006   9.47950932E-04  -8.47903252               1
      290030       80007   1.05879514E-03  -8.47982121               1
      290030       90008   1.16914150E-03  -8.48620510               1
      290030      100009   1.27195031E-03  -8.53452206               1
      290030      110010   1.33544020E-03  -8.71804810               1
      290030      120011   1.37196621E-03  -9.14101982               1
      290030      130012   1.42972218E-03  -9.64064217               1
      290030      140013   1.60702015E-03  -9.93410492               1
      290030      150014   1.97325554E-03  -9.84809303               1
      290030      160015   2.58396380E-03  -9.41231728               1
      290030      170016   3.55053740E-03  -8.71672535               1
      290030      180017   5.10073686E-03  -7.84094000               1
      290030      190018   7.76817324E-03  -6.87803221               1
      290030      200019   1.24246310E-02  -5.95154953               1
      290030      210020   2.03620289E-02  -5.19843102               1
      290030      220021   3.27019915E-02  -4.77585888               1
      290030      230022   5.05892076E-02  -4.69590139               1
      290030      240023   7.95747414E-02  -4.78061152               1
      290030      250024  0.135927871      -4.88138771               1
      290030      260025  0.266146332      -4.94803810               1
      290030      270026  0.660407424      -4.98354626               1
      290030      280027   2.59363580      -4.99803829               1
      290030      320031   2.58691025      -4.99896669               1
      290030      330032  0.660717309      -4.99075127               1
      300031       20001   5.06522541E-04  -8.20680046               1
      300031       30002   5.61647757E-04  -8.24545193               1
      300031       40003   6.19488070E-04  -8.23616314               1
      300031       50004   6.92566973E-04  -8.26288509               1
      300031       60005   7.72246043E-04  -8.27533817               1
      300031       70006   8.57930048E-04  -8.29577637               1
      300031       80007   9.52737813E-04  -8.30550385               1
      300031       90008   1.04533799E-03  -8.32118130               1
      300031      100009   1.12898392E-03  -8.37980461               1
      300031      110010   1.17484282E-03  -8.57685089               1
      300031      120011   1.19324424E-03  -9.02113056               1
      300031      130012   1.22552656E-03  -9.55384922               1
      300031      140013   1.35472324E-03  -9.88823032               1
      300031      150014   1.63471536E-03  -9.84025097               1
      300031      160015   2.10232195E-03  -9.43284798               1
      300031      170016   2.83399969E-03  -8.75332260               1
      300031      180017   3.98646621E-03  -7.87968683               1
      300031      190018   5.93393110E-03  -6.90375185               1
      300031      200019   9.26115829E-03  -5.95319033               1
      300031      210020   1.47756273E-02  -5.17209816               1
      300031      220021   2.29897797E-02  -4.72576857               1
      300031      230022   3.40897441E-02  -4.63296461               1
      300031      240023   5.04448079E-02  -4.71870232               1
      300031      250024   7.87541866E-02  -4.83193350               1
      300031      260025  0.134468108      -4.91482830               1
      300031      270026  0.266929805      -4.96293163               1
      300031      280027  0.658487499      -4.98480940               1
      300031      290028   2.59618115      -4.99839306               1
      300031      330032   2.58449936      -4.99671888               1
      310032       20001   4.71131236E-04  -7.96741867               1
      310032       30002   5.20206289E-04  -8.01628017               1
      310032       40003   5.71265875E-04  -8.01671124               1
      310032       50004   6.35770732E-04  -8.05315304               1
      310032       60005   7.05524988E-04  -8.07523537               1
      310032       70006   7.79849652E-04  -8.10523319               1
      310032       80007   8.61339795E-04  -8.12456226               1
      310032       90008   9.39419726E-04  -8.15021515               1
      310032      100009   1.00770686E-03  -8.21977806               1
      310032      110010   1.04004215E-03  -8.43073463               1
      310032      120011   1.04527758E-03  -8.89603901               1
      310032      130012   1.05937303E-03  -9.46051979               1
      310032      140013   1.15341647E-03  -9.83365440               1
      310032      150014   1.37009216E-03  -9.82130527               1
      310032      160015   1.73391076E-03  -9.44007778               1
      310032      170016   2.29851995E-03  -8.77515030               1
      310032      180017   3.17480951E-03  -7.90358305               1
      310032      190018   4.63401107E-03  -6.91637754               1
      310032      200019   7.08353426E-03  -5.94483519               1
      310032      210020   1.10506993E-02  -5.13931561               1
      310032      220021   1.67552289E-02  -4.67221022               1
      310032      230022   2.40265355E-02  -4.56778288               1
      310032      240023   3.39409374E-02  -4.65359211               1
      310032      250024   4.96598557E-02  -4.77745152               1
      310032      260025   7.73460120E-02  -4.87636471               1
      310032      270026  0.134201765      -4.93907690               1
      310032      280027  0.265218377      -4.96907854               1
      310032      290028  0.655566812      -4.98583937               1
      310032      300029   2.58697343      -4.99860239               1
      320033       20001   4.41497134E-04  -7.66411161               1
      320033       30002   4.85470693E-04  -7.72497082               1
      320033       40003   5.30837162E-04  -7.73693180               1
      320033       50004   5.88177005E-04  -7.78489876               1
      320033       60005   6.49681722E-04  -7.81845713               1
      320033       70006   7.14624068E-04  -7.85988855               1
      320033       80007   7.85192940E-04  -7.89074135               1
      320033       90008   8.51491175E-04  -7.92836380               1
      320033      100009   9.07506794E-04  -8.01093578               1
      320033      110010   9.29394097E-04  -8.23792267               1
      320033      120011   9.24930151E-04  -8.72626209               1
      320033      130012   9.25878878E-04  -9.32419586               1
      320033      140013   9.94017348E-04  -9.73734856               1
      320033      150014   1.16385426E-03  -9.76151085               1
      320033      160015   1.45167101E-03  -9.40708923               1
      320033      170016   1.89592235E-03  -8.75750446               1
      320033      180017   2.57723103E-03  -7.88949728               1
      320033      190018   3.69845051E-03  -6.89370441               1
      320033      200019   5.55378292E-03  -5.90476561               1
      320033      210020   8.50210339E-03  -5.07866478               1
      320033      220021   1.26191359E-02  -4.59413862               1
      320033      230022   1.76131800E-02  -4.48017597               1
      320033      240023   2.39874329E-02  -4.56673241               1
      320033      250024   3.33976969E-02  -4.70154381               1
      320033      260025   4.86491174E-02  -4.81854868               1
      320033      270026   7.70679787E-02  -4.90138912               1
      320033      280027  0.133320734      -4.94848013               1
      320033      290028  0.263673544      -4.97548676               1
      320033      300029  0.660831511      -4.98901272               1
      320033      310030   2.58454776      -4.99644423               1
