         930
       10002       40003   2.59958172      -4.97954226               1
       10002       50004  0.663885236      -4.96775103               1
       10002       60005  0.266627461      -4.90538597               1
       10002       70006  0.135094181      -4.83508921               1
       10002       80007   7.92565718E-02  -4.70547533               1
       10002       90008   5.10369651E-02  -4.53284073               1
       10002      100009   3.49413119E-02  -4.39010000               1
       10002      110010   2.39583682E-02  -4.36316442               1
       10002      120011   1.58977043E-02  -4.69308281               1
       10002      130012   1.01071391E-02  -5.38656521               1
       10002      140013   6.49544038E-03  -6.31659937               1
       10002      150014   4.40445170E-03  -7.26367474               1
       10002      160015   3.15141538E-03  -8.09169674               1
       10002      170016   2.37815036E-03  -8.73031425               1
       10002      180017   1.86834950E-03  -9.13536167               1
       10002      190018   1.56126218E-03  -9.20471764               1
       10002      200019   1.40733900E-03  -8.93932247               1
       10002      210020   1.36696571E-03  -8.39902496               1
       10002      220021   1.37498206E-03  -7.91128588               1
       10002      230022   1.34236005E-03  -7.64458942               1
       10002      240023   1.26594724E-03  -7.53319073               1
       10002      250024   1.17007212E-03  -7.46771669               1
       10002      260025   1.05923950E-03  -7.40090656               1
       10002      270026   9.66362713E-04  -7.28941965               1
       10002      280027   8.79564031E-04  -7.19900227               1
       10002      290028   7.96824577E-04  -7.07985926               1
       10002      300029   7.25903781E-04  -7.00325727               1
       10002      310030   6.62879786E-04  -6.91813517               1
       10002      320031   6.07671333E-04  -6.84928560               1
       10002      330032   5.58936270E-04  -6.77206516               1
       20003       50004   2.59803128      -5.01332188               1
       20003       60005  0.661003411      -4.97796011               1
       20003       70006  0.266829759      -4.94301033               1
       20003       80007  0.136165097      -4.85208273               1
       20003       90008   7.99372196E-02  -4.70690966               1
       20003      100009   5.13795391E-02  -4.57549715               1
       20003      110010   3.36933732E-02  -4.54232550               1
       20003      120011   2.16177460E-02  -4.85480356               1
       20003      130012   1.33637302E-02  -5.52437401               1
       20003      140013   8.37262068E-03  -6.43290567               1
       20003      150014   5.54492930E-03  -7.36834955               1
       20003      160015   3.88201443E-03  -8.19928741               1
       20003      170016   2.87260208E-03  -8.85464191               1
       20003      180017   2.21632142E-03  -9.28890228               1
       20003      190018   1.82011398E-03  -9.39933586               1
       20003      200019   1.61350716E-03  -9.18236065               1
       20003      210020   1.54364470E-03  -8.68799686               1
       20003      220021   1.53375475E-03  -8.23478222               1
       20003      230022   1.48311479E-03  -7.99229908               1
       20003      240023   1.38782465E-03  -7.90012264               1
       20003      250024   1.27399771E-03  -7.85189724               1
       20003      260025   1.14603341E-03  -7.80206060               1
       20003      270026   1.03925751E-03  -7.70777130               1
       20003      280027   9.40533762E-04  -7.63440180               1
       20003      290028   8.47482588E-04  -7.53238010               1
       20003      300029   7.68018595E-04  -7.47299576               1
       20003      310030   6.97847805E-04  -7.40518951               1
       20003      320031   6.36610261E-04  -7.35359097               1
       20003      330032   5.82816778E-04  -7.29341745               1
       30004       20001   2.59939289      -4.98026371               1
       30004       60005   2.59628248      -5.03494167               1
       30004       70006  0.660135329      -5.00151253               1
       30004       80007  0.267531812      -4.93309116               1
       30004       90008  0.136633530      -4.81040621               1
       30004      100009   8.03661644E-02  -4.68813610               1
       30004      110010   4.96801287E-02  -4.64497280               1
       30004      120011   3.05460989E-02  -4.93470812               1
       30004      130012   1.82457715E-02  -5.57419348               1
       30004      140013   1.10874642E-02  -6.45517111               1
       30004      150014   7.14008557E-03  -7.37417746               1
       30004      160015   4.87250276E-03  -8.20521164               1
       30004      170016   3.52438446E-03  -8.87605572               1
       30004      180017   2.66362960E-03  -9.33874989               1
       30004      190018   2.14529806E-03  -9.48914623               1
       30004      200019   1.86710921E-03  -9.31877708               1
       30004      210020   1.75696076E-03  -8.86792088               1
       30004      220021   1.72264606E-03  -8.44642544               1
       30004      230022   1.64876052E-03  -8.22520065               1
       30004      240023   1.53009291E-03  -8.14939880               1
       30004      250024   1.39453122E-03  -8.11570454               1
       30004      260025   1.24615617E-03  -8.08021164               1
       30004      270026   1.12296198E-03  -8.00057602               1
       30004      280027   1.01028057E-03  -7.94183111               1
       30004      290028   9.05262074E-04  -7.85464573               1
       30004      300029   8.15948704E-04  -7.81024933               1
       30004      310030   7.37593451E-04  -7.75766468               1
       30004      320031   6.69494504E-04  -7.72128153               1
       30004      330032   6.09978975E-04  -7.67622375               1
       40005       20001  0.663587093      -4.97163868               1
       40005       30002   2.59787679      -5.01402760               1
       40005       70006   2.58600950      -5.04157925               1
       40005       80007  0.662056625      -4.98953056               1
       40005       90008  0.269353777      -4.89357615               1
       40005      100009  0.138782889      -4.78592300               1
       40005      110010   7.90611133E-02  -4.73365355               1
       40005      120011   4.60029356E-02  -4.99820518               1
       40005      130012   2.63382588E-02  -5.60395765               1
       40005      140013   1.54275559E-02  -6.45408154               1
       40005      150014   9.60955955E-03  -7.35516453               1
       40005      160015   6.36263425E-03  -8.18766594               1
       40005      170016   4.48151585E-03  -8.87772655               1
       40005      180017   3.30781471E-03  -9.37351036               1
       40005      190018   2.60670157E-03  -9.56820011               1
       40005      200019   2.22342298E-03  -9.44748402               1
       40005      210020   2.05532508E-03  -9.04154491               1
       40005      220021   1.98694691E-03  -8.65160751               1
       40005      230022   1.88144599E-03  -8.45045090               1
       40005      240023   1.73121213E-03  -8.38944149               1
       40005      250024   1.56636583E-03  -8.36857605               1
       40005      260025   1.39042141E-03  -8.34567070               1
       40005      270026   1.24516047E-03  -8.27892303               1
       40005      280027   1.11369509E-03  -8.23307419               1
       40005      290028   9.92494402E-04  -8.15904045               1
       40005      300029   8.89882387E-04  -8.12796211               1
       40005      310030   8.00442940E-04  -8.08897877               1
       40005      320031   7.23047822E-04  -8.06623268               1
       40005      330032   6.55756041E-04  -8.03478050               1
       50006       20001  0.266284883      -4.91715145               1
       50006       30002  0.660795510      -4.98160744               1
       50006       40003   2.59613919      -5.03551722               1
       50006       80007   2.60396600      -5.00424910               1
       50006       90008  0.664453506      -4.93771029               1
       50006      100009  0.273597479      -4.84619331               1
       50006      110010  0.137505740      -4.77810812               1
       50006      120011   7.40401596E-02  -5.00554609               1
       50006      130012   4.01045009E-02  -5.56492472               1
       50006      140013   2.24301051E-02  -6.37284374               1
       50006      150014   1.34060262E-02  -7.24783373               1
       50006      160015   8.55090376E-03  -8.07877636               1
       50006      170016   5.82851237E-03  -8.79027462               1
       50006      180017   4.17941576E-03  -9.32492352               1
       50006      190018   3.20823444E-03  -9.57135201               1
       50006      200019   2.67190393E-03  -9.50737762               1
       50006      210020   2.41894159E-03  -9.15137768               1
       50006      220021   2.30059307E-03  -8.79499340               1
       50006      230022   2.15195026E-03  -8.61360264               1
       50006      240023   1.96120958E-03  -8.56612873               1
       50006      250024   1.76010747E-03  -8.55651665               1
       50006      260025   1.55094382E-03  -8.54454327               1
       50006      270026   1.37939304E-03  -8.48903942               1
       50006      280027   1.22587383E-03  -8.45449257               1
       50006      290028   1.08595379E-03  -8.39211082               1
       50006      300029   9.68095264E-04  -8.37287426               1
       50006      310030   8.66083894E-04  -8.34611988               1
       50006      320031   7.78236368E-04  -8.33565140               1
       50006      330032   7.02283869E-04  -8.31650829               1
       60007       20001  0.134725526      -4.85982084               1
       60007       30002  0.266583979      -4.95313501               1
       60007       40003  0.659947157      -5.00442219               1
       60007       50004   2.58588934      -5.04206181               1
       60007       90008   2.61039805      -4.98052073               1
       60007      100009  0.671288371      -4.93504477               1
       60007      110010  0.272458464      -4.85005999               1
       60007      120011  0.130451918      -5.02271318               1
       60007      130012   6.54987022E-02  -5.51613092               1
       60007      140013   3.45269144E-02  -6.26482725               1
       60007      150014   1.96012128E-02  -7.10134411               1
       60007      160015   1.19368080E-02  -7.92551088               1
       60007      170016   7.81180384E-03  -8.66149616               1
       60007      180017   5.40473126E-03  -9.24481964               1
       60007      190018   4.01759241E-03  -9.55708122               1
       60007      200019   3.25083802E-03  -9.56482220               1
       60007      210020   2.87091173E-03  -9.27121830               1
       60007      220021   2.67863623E-03  -8.95582390               1
       60007      230022   2.47051497E-03  -8.79737854               1
       60007      240023   2.22725119E-03  -8.76457977               1
       60007      250024   1.98086398E-03  -8.76659012               1
       60007      260025   1.73135498E-03  -8.76569843               1
       60007      270026   1.52828381E-03  -8.72157860               1
       60007      280027   1.34872284E-03  -8.69850731               1
       60007      290028   1.18702964E-03  -8.64803696               1
       60007      300029   1.05160719E-03  -8.64097786               1
       60007      310030   9.35272605E-04  -8.62689590               1
       60007      320031   8.35625571E-04  -8.62922192               1
       60007      330032   7.49991857E-04  -8.62298584               1
       70008       20001   7.88810253E-02  -4.74889231               1
       70008       30002  0.135897487      -4.87345648               1
       70008       40003  0.267310888      -4.94160223               1
       70008       50004  0.661889136      -4.99213123               1
       70008       60005   2.60384870      -5.00468302               1
       70008      100009   2.60163975      -4.98693180               1
       70008      110010  0.670969725      -4.91602564               1
       70008      120011  0.263526917      -5.00393009               1
       70008      130012  0.118370309      -5.39429283               1
       70008      140013   5.76505139E-02  -6.05118847               1
       70008      150014   3.06562781E-02  -6.82361698               1
       70008      160015   1.76155232E-02  -7.62504482               1
       70008      170016   1.09514957E-02  -8.38211823               1
       70008      180017   7.24163651E-03  -9.02282810               1
       70008      190018   5.16890967E-03  -9.41876411               1
       70008      200019   4.03414760E-03  -9.51958942               1
       70008      210020   3.45503190E-03  -9.30680561               1
       70008      220021   3.14949057E-03  -9.04298687               1
       70008      230022   2.85673072E-03  -8.91104221               1
       70008      240023   2.54344405E-03  -8.89297867               1
       70008      250024   2.23911577E-03  -8.90523720               1
       70008      260025   1.93951873E-03  -8.91347122               1
       70008      270026   1.69790478E-03  -8.87853909               1
       70008      280027   1.48701051E-03  -8.86464500               1
       70008      290028   1.29951676E-03  -8.82379913               1
       70008      300029   1.14349613E-03  -8.82657146               1
       70008      310030   1.01054984E-03  -8.82288361               1
       70008      320031   8.97347170E-04  -8.83568954               1
       70008      330032   8.00699461E-04  -8.84008694               1
       80009       20001   5.06884754E-02  -4.59899473               1
       80009       30002   7.96803236E-02  -4.74397087               1
       80009       40003  0.136411086      -4.82856941               1
       80009       50004  0.269169003      -4.90124941               1
       80009       60005  0.664305747      -4.94012165               1
       80009       70006   2.61029434      -4.98096848               1
       80009      110010   2.60471559      -4.99772596               1
       80009      120011  0.662552476      -5.01720333               1
       80009      130012  0.247273490      -5.25136137               1
       80009      140013  0.107485406      -5.76335812               1
       80009      150014   5.24231382E-02  -6.42648363               1
       80009      160015   2.79692337E-02  -7.17078114               1
       80009      170016   1.62852984E-02  -7.93116570               1
       80009      180017   1.01568112E-02  -8.63164902               1
       80009      190018   6.87503349E-03  -9.13327217               1
       80009      200019   5.11715375E-03  -9.36197090               1
       80009      210020   4.20963624E-03  -9.26559830               1
       80009      220021   3.72331426E-03  -9.07759571               1
       80009      230022   3.30682402E-03  -8.98361588               1
       80009      240023   2.89952732E-03  -8.98470211               1
       80009      250024   2.52181105E-03  -9.00856590               1
       80009      260025   2.16155103E-03  -9.02607727               1
       80009      270026   1.87429995E-03  -9.00000191               1
       80009      280027   1.62721670E-03  -8.99472618               1
       80009      290028   1.41064380E-03  -8.96291924               1
       80009      300029   1.23177702E-03  -8.97490788               1
       80009      310030   1.08074106E-03  -8.98109913               1
       80009      320031   9.53003007E-04  -9.00388336               1
       80009      330032   8.44741240E-04  -9.01849079               1
       90010       20001   3.46502662E-02  -4.47865486               1
       90010       30002   5.11653759E-02  -4.62980270               1
       90010       40003   8.01765174E-02  -4.71861362               1
       90010       50004  0.138617858      -4.80157423               1
       90010       60005  0.273457468      -4.85294914               1
       90010       70006  0.671181202      -4.93733454               1
       90010       80007   2.60158038      -4.98734903               1
       90010      120011   2.59105015      -5.06005096               1
       90010      130012  0.648657620      -5.11663723               1
       90010      140013  0.235199913      -5.41856623               1
       90010      150014  0.101814292      -5.90988779               1
       90010      160015   4.93672676E-02  -6.54101419               1
       90010      170016   2.64509991E-02  -7.26346254               1
       90010      180017   1.53024951E-02  -8.00784874               1
       90010      190018   9.65817738E-03  -8.63286591               1
       90010      200019   6.74203085E-03  -9.03874779               1
       90010      210020   5.24720363E-03  -9.12230015               1
       90010      220021   4.45192959E-03  -9.06082821               1
       90010      230022   3.84344673E-03  -9.03277588               1
       90010      240023   3.30408849E-03  -9.06635284               1
       90010      250024   2.83059152E-03  -9.10825348               1
       90010      260025   2.39558239E-03  -9.13853550               1
       90010      270026   2.05385010E-03  -9.12351227               1
       90010      280027   1.76494766E-03  -9.12834167               1
       90010      290028   1.51580723E-03  -9.10676861               1
       90010      300029   1.31189683E-03  -9.12903404               1
       90010      310030   1.14149926E-03  -9.14620018               1
       90010      320031   9.98518430E-04  -9.18007374               1
       90010      330032   8.78343533E-04  -9.20608425               1
      100011       20001   2.37748958E-02  -4.46767092               1
      100011       30002   3.35761458E-02  -4.61042023               1
      100011       40003   4.95849624E-02  -4.68669033               1
      100011       50004   7.89870694E-02  -4.75782919               1
      100011       60005  0.137453228      -4.79059744               1
      100011       70006  0.272434056      -4.85566950               1
      100011       80007  0.670986712      -4.91782904               1
      100011       90008   2.60476875      -4.99802208               1
      100011      130012   2.57767630      -5.10613680               1
      100011      140013  0.639272094      -5.14350557               1
      100011      150014  0.231113300      -5.38903856               1
      100011      160015   9.89162624E-02  -5.82650328               1
      100011      170016   4.78298664E-02  -6.43031073               1
      100011      180017   2.52283327E-02  -7.15302515               1
      100011      190018   1.45687042E-02  -7.87352037               1
      100011      200019   9.33403708E-03  -8.48685074               1
      100011      210020   6.71811495E-03  -8.83285236               1
      100011      220021   5.36380662E-03  -8.98726273               1
      100011      230022   4.44297912E-03  -9.08467102               1
      100011      240023   3.71394749E-03  -9.18385696               1
      100011      250024   3.11678764E-03  -9.26273537               1
      100011      260025   2.59382650E-03  -9.31840420               1
      100011      270026   2.19145184E-03  -9.32424831               1
      100011      280027   1.85871893E-03  -9.34745979               1
      100011      290028   1.57750526E-03  -9.34378052               1
      100011      300029   1.34999992E-03  -9.38391685               1
      100011      310030   1.16230827E-03  -9.41985226               1
      100011      320031   1.00634969E-03  -9.47294235               1
      100011      330032   8.76585196E-04  -9.51888752               1
      110012       20001   1.58361364E-02  -4.79446077               1
      110012       30002   2.16170363E-02  -4.92222738               1
      110012       40003   3.05730738E-02  -4.97745275               1
      110012       50004   4.60578687E-02  -5.02433729               1
      110012       60005   7.41237029E-02  -5.02020311               1
      110012       70006  0.130568624      -5.03021383               1
      110012       80007  0.263686121      -5.00687599               1
      110012       90008  0.662746906      -5.01791191               1
      110012      100009   2.59125590      -5.06009960               1
      110012      140013   2.59467888      -5.08320618               1
      110012      150014  0.649640203      -5.05886698               1
      110012      160015  0.232744619      -5.24536180               1
      110012      170016   9.93411988E-02  -5.64597607               1
      110012      180017   4.71666679E-02  -6.24324465               1
      110012      190018   2.46100891E-02  -6.95678425               1
      110012      200019   1.42189404E-02  -7.72179461               1
      110012      210020   9.23812762E-03  -8.36453819               1
      110012      220021   6.76813442E-03  -8.83634186               1
      110012      230022   5.27612586E-03  -9.15331745               1
      110012      240023   4.23443783E-03  -9.37958527               1
      110012      250024   3.45221325E-03  -9.53332806               1
      110012      260025   2.80848192E-03  -9.64008999               1
      110012      270026   2.32775533E-03  -9.68644714               1
      110012      280027   1.94163888E-03  -9.74411011               1
      110012      290028   1.62353937E-03  -9.77256298               1
      110012      300029   1.37012592E-03  -9.84427738               1
      110012      310030   1.16438232E-03  -9.91262245               1
      110012      320031   9.95519920E-04  -9.99904919               1
      110012      330032   8.56737315E-04  -10.0796995               1
      120013       20001   1.01383412E-02  -5.45635462               1
      120013       30002   1.34536587E-02  -5.56709862               1
      120013       40003   1.83727704E-02  -5.59860039               1
      120013       50004   2.65049972E-02  -5.61724043               1
      120013       60005   4.03127000E-02  -5.57139969               1
      120013       70006   6.57515004E-02  -5.51907492               1
      120013       80007  0.118673250      -5.39497566               1
      120013       90008  0.247616664      -5.25102282               1
      120013      100009  0.649015307      -5.11622906               1
      120013      110010   2.57797432      -5.10597229               1
      120013      150014   2.60626316      -5.03938675               1
      120013      160015  0.653364003      -4.99213552               1
      120013      170016  0.235309348      -5.15344763               1
      120013      180017   9.93671566E-02  -5.54384041               1
      120013      190018   4.67704982E-02  -6.11933613               1
      120013      200019   2.43291836E-02  -6.87406206               1
      120013      210020   1.41336732E-02  -7.68893147               1
      120013      220021   9.32841282E-03  -8.46238136               1
      120013      230022   6.71557104E-03  -9.04994678               1
      120013      240023   5.10226935E-03  -9.45562744               1
      120013      250024   4.00310615E-03  -9.71967316               1
      120013      260025   3.16328509E-03  -9.89977646               1
      120013      270026   2.56058364E-03  -10.0005283               1
      120013      280027   2.09385157E-03  -10.1007919               1
      120013      290028   1.72107341E-03  -10.1658478               1
      120013      300029   1.42988574E-03  -10.2712936               1
      120013      310030   1.19794637E-03  -10.3727798               1
      120013      320031   1.01039093E-03  -10.4923792               1
      120013      330032   8.58411193E-04  -10.6072044               1
      130014       20001   6.55638566E-03  -6.33374453               1
      130014       30002   8.48895870E-03  -6.42931032               1
      130014       40003   1.12460749E-02  -6.44044209               1
      130014       50004   1.56325437E-02  -6.43562365               1
      130014       60005   2.26845238E-02  -6.35539484               1
      130014       70006   3.48336548E-02  -6.25134277               1
      130014       80007   5.80132157E-02  -6.04179621               1
      130014       90008  0.107893847      -5.75768518               1
      130014      100009  0.235629380      -5.41584253               1
      130014      110010  0.639655411      -5.14249372               1
      130014      120011   2.59494662      -5.08301067               1
      130014      160015   2.63286972      -4.97664499               1
      130014      170016  0.660435438      -4.93709469               1
      130014      180017  0.236808613      -5.10733891               1
      130014      190018   9.96351615E-02  -5.48356867               1
      130014      200019   4.68752906E-02  -6.10012341               1
      130014      210020   2.45035645E-02  -6.90153694               1
      130014      220021   1.45401293E-02  -7.82573271               1
      130014      230022   9.57925804E-03  -8.62567329               1
      130014      240023   6.82534510E-03  -9.20354176               1
      130014      250024   5.11839520E-03  -9.58003616               1
      130014      260025   3.91198834E-03  -9.83150196               1
      130014      270026   3.08562862E-03  -9.97817802               1
      130014      280027   2.47163023E-03  -10.1063156               1
      130014      290028   1.99777097E-03  -10.1878386               1
      130014      300029   1.63602969E-03  -10.3015175               1
      130014      310030   1.35380647E-03  -10.4062824               1
      130014      320031   1.12926879E-03  -10.5245438               1
      130014      330032   9.49957524E-04  -10.6350813               1
      140015       20001   4.44619963E-03  -7.24669695               1
      140015       30002   5.63656259E-03  -7.32728815               1
      140015       40003   7.27371173E-03  -7.32151318               1
      140015       50004   9.78920050E-03  -7.30040407               1
      140015       60005   1.36356922E-02  -7.19840670               1
      140015       70006   1.98840555E-02  -7.06211519               1
      140015       80007   3.09953485E-02  -6.79570723               1
      140015       90008   5.28098494E-02  -6.40937090               1
      140015      100009  0.102227427      -5.90145350               1
      140015      110010  0.231495678      -5.38574123               1
      140015      120011  0.649929941      -5.05797577               1
      140015      130012   2.60642362      -5.03923464               1
      140015      170016   2.61756110      -4.97958374               1
      140015      180017  0.659431994      -4.95411444               1
      140015      190018  0.236715764      -5.11433363               1
      140015      200019   9.97761935E-02  -5.53284216               1
      140015      210020   4.71480377E-02  -6.19164991               1
      140015      220021   2.52647866E-02  -7.09651995               1
      140015      230022   1.52023360E-02  -7.98326874               1
      140015      240023   1.01036178E-02  -8.67055130               1
      140015      250024   7.20568979E-03  -9.12927914               1
      140015      260025   5.30807767E-03  -9.43239307               1
      140015      270026   4.07171529E-03  -9.60665607               1
      140015      280027   3.19287623E-03  -9.74241352               1
      140015      290028   2.53902306E-03  -9.81721592               1
      140015      300029   2.05244753E-03  -9.91190720               1
      140015      310030   1.68109557E-03  -9.98921299               1
      140015      320031   1.39070360E-03  -10.0713024               1
      140015      330032   1.16219826E-03  -10.1391058               1
      150016       20001   3.14887357E-03  -8.11034584               1
      150016       30002   3.92279774E-03  -8.17393208               1
      150016       40003   4.95187519E-03  -8.15293312               1
      150016       50004   6.48362096E-03  -8.12174129               1
      150016       60005   8.71810317E-03  -8.01124763               1
      150016       70006   1.21537447E-02  -7.86548805               1
      150016       80007   1.78852212E-02  -7.57768583               1
      150016       90008   2.82855555E-02  -7.13868046               1
      150016      100009   4.97135408E-02  -6.52347088               1
      150016      110010   9.92466360E-02  -5.81896448               1
      150016      120011  0.233006820      -5.24299431               1
      150016      130012  0.653523505      -4.99152994               1
      150016      140013   2.63294125      -4.97655058               1
      150016      180017   2.61276436      -4.97268295               1
      150016      190018  0.658483982      -4.93874693               1
      150016      200019  0.236226246      -5.14140463               1
      150016      210020   9.95334014E-02  -5.59651136               1
      150016      220021   4.80154753E-02  -6.36937284               1
      150016      230022   2.62880586E-02  -7.22845602               1
      150016      240023   1.61936916E-02  -7.95204353               1
      150016      250024   1.09107513E-02  -8.45599079               1
      150016      260025   7.70292897E-03  -8.79265308               1
      150016      270026   5.72091015E-03  -8.98486328               1
      150016      280027   4.37761750E-03  -9.12168121               1
      150016      290028   3.41755664E-03  -9.18408489               1
      150016      300029   2.72339489E-03  -9.25368309               1
      150016      310030   2.20650434E-03  -9.29706192               1
      150016      320031   1.81004719E-03  -9.33600616               1
      150016      330032   1.50309585E-03  -9.35389709               1
      160017       20001   2.32014759E-03  -8.90416336               1
      160017       30002   2.85114744E-03  -8.94438553               1
      160017       40003   3.53660900E-03  -8.90472794               1
      160017       50004   4.52895509E-03  -8.86359215               1
      160017       60005   5.91607112E-03  -8.75091076               1
      160017       70006   7.94334989E-03  -8.61143780               1
      160017       80007   1.11302463E-02  -8.33267117               1
      160017       90008   1.65077820E-02  -7.89114332               1
      160017      100009   2.67053135E-02  -7.23774672               1
      160017      110010   4.80815470E-02  -6.41751528               1
      160017      120011   9.95481834E-02  -5.64134932               1
      160017      130012  0.235440418      -5.15202856               1
      160017      140013  0.660496712      -4.93675518               1
      160017      150014   2.61758065      -4.97954559               1
      160017      190018   2.62157035      -4.97200727               1
      160017      200019  0.655772626      -4.97589970               1
      160017      210020  0.233844176      -5.19990349               1
      160017      220021   9.96948108E-02  -5.76934528               1
      160017      230022   4.91871051E-02  -6.50696564               1
      160017      240023   2.78477538E-02  -7.19078064               1
      160017      250024   1.75847691E-02  -7.69413710               1
      160017      260025   1.18131125E-02  -8.04104614               1
      160017      270026   8.44211783E-03  -8.24177551               1
      160017      280027   6.27141912E-03  -8.37789726               1
      160017      290028   4.78704972E-03  -8.43056297               1
      160017      300029   3.74823133E-03  -8.48014736               1
      160017      310030   2.99616228E-03  -8.49651241               1
      160017      320031   2.43202783E-03  -8.50076389               1
      160017      330032   2.00332026E-03  -8.47867489               1
      170018       20001   1.75211031E-03  -9.61349106               1
      170018       30002   2.13051727E-03  -9.62243748               1
      170018       40003   2.60662776E-03  -9.55813503               1
      170018       50004   3.27955978E-03  -9.50321484               1
      170018       60005   4.18506330E-03  -9.38846207               1
      170018       70006   5.44852717E-03  -9.26222801               1
      170018       80007   7.32711796E-03  -9.01207161               1
      170018       90008   1.02831032E-02  -8.60868454               1
      170018      100009   1.54621489E-02  -7.98573685               1
      170018      110010   2.53973883E-02  -7.13854361               1
      170018      120011   4.73125577E-02  -6.23691893               1
      170018      130012   9.94619951E-02  -5.54167271               1
      170018      140013  0.236850783      -5.10679674               1
      170018      150014  0.659439623      -4.95408821               1
      170018      160015   2.61275458      -4.97270775               1
      170018      200019   2.60793805      -5.01290941               1
      170018      210020  0.650382280      -5.01871157               1
      170018      220021  0.232128695      -5.34269953               1
      170018      230022  0.100870304      -5.88594770               1
      170018      240023   5.17629758E-02  -6.45740271               1
      170018      250024   3.03174332E-02  -6.90733814               1
      170018      260025   1.92130730E-02  -7.23211479               1
      170018      270026   1.31123792E-02  -7.42462206               1
      170018      280027   9.39501915E-03  -7.55366087               1
      170018      290028   6.97342819E-03  -7.59708214               1
      170018      300029   5.34012169E-03  -7.63123369               1
      170018      310030   4.19524172E-03  -7.62818432               1
      170018      320031   3.35843535E-03  -7.60751820               1
      170018      330032   2.73625599E-03  -7.55699635               1
      180019       20001   1.39062782E-03  -10.1061258               1
      180019       30002   1.67512684E-03  -10.0845318               1
      180019       40003   2.02495675E-03  -9.99688148               1
      180019       50004   2.50925124E-03  -9.92990589               1
      180019       60005   3.13895359E-03  -9.81616020               1
      180019       70006   3.98098957E-03  -9.70942116               1
      180019       80007   5.16870385E-03  -9.50218010               1
      180019       90008   6.91247592E-03  -9.16887474               1
      180019      100009   9.72938631E-03  -8.64034176               1
      180019      110010   1.46584474E-02  -7.86919451               1
      180019      120011   2.46934518E-02  -6.95226908               1
      180019      130012   4.68218401E-02  -6.11737919               1
      180019      140013   9.96453837E-02  -5.48331356               1
      180019      150014  0.236693412      -5.11468554               1
      180019      160015  0.658440471      -4.93901443               1
      180019      170016   2.62151861      -4.97209215               1
      180019      210020   2.60358262      -5.04219389               1
      180019      220021  0.644504547      -5.10849619               1
      180019      230022  0.233590662      -5.40504885               1
      180019      240023  0.106077820      -5.80112505               1
      180019      250024   5.68691939E-02  -6.14370632               1
      180019      260025   3.37032825E-02  -6.40721226               1
      180019      270026   2.18155105E-02  -6.56599426               1
      180019      280027   1.49867386E-02  -6.67311668               1
      180019      290028   1.07618468E-02  -6.70072985               1
      180019      300029   8.02440848E-03  -6.71831989               1
      180019      310030   6.17243117E-03  -6.69893932               1
      180019      320031   4.85745165E-03  -6.65940619               1
      180019      330032   3.90353356E-03  -6.58876848               1
      190020       20001   1.19363505E-03  -10.2369947               1
      190020       30002   1.42267696E-03  -10.2040167               1
      190020       40003   1.69825274E-03  -10.1103401               1
      190020       50004   2.07309378E-03  -10.0465097               1
      190020       60005   2.54539028E-03  -9.94716072               1
      190020       70006   3.15277185E-03  -9.87206173               1
      190020       80007   3.96820158E-03  -9.72161674               1
      190020       90008   5.08601777E-03  -9.48177814               1
      190020      100009   6.74416171E-03  -9.09797096               1
      190020      110010   9.36047826E-03  -8.50613880               1
      190020      120011   1.42497523E-02  -7.72365904               1
      190020      130012   2.43390687E-02  -6.87339449               1
      190020      140013   4.68474589E-02  -6.10096931               1
      190020      150014   9.97097418E-02  -5.53443813               1
      190020      160015  0.236126676      -5.14255524               1
      190020      170016  0.655649960      -4.97642946               1
      190020      180017   2.60780859      -5.01303911               1
      190020      220021   2.58509135      -5.11102295               1
      190020      230022  0.642155468      -5.14174032               1
      190020      240023  0.242858738      -5.31781149               1
      190020      250024  0.116055936      -5.51021242               1
      190020      260025   6.34591952E-02  -5.67914057               1
      190020      270026   3.86453010E-02  -5.78047657               1
      190020      280027   2.53069773E-02  -5.84961176               1
      190020      290028   1.74990445E-02  -5.85203314               1
      190020      300029   1.26533331E-02  -5.84852791               1
      190020      310030   9.49661061E-03  -5.81244040               1
      190020      320031   7.32415589E-03  -5.75673819               1
      190020      330032   5.78984059E-03  -5.67105579               1
      200021       20001   1.12899404E-03  -9.86866665               1
      200021       30002   1.32833119E-03  -9.85636139               1
      200021       40003   1.56308187E-03  -9.78500843               1
      200021       50004   1.87793188E-03  -9.74851513               1
      200021       60005   2.26327241E-03  -9.68338585               1
      200021       70006   2.74162740E-03  -9.65465641               1
      200021       80007   3.35554685E-03  -9.57115936               1
      200021       90008   4.14332561E-03  -9.43358040               1
      200021      100009   5.21348696E-03  -9.21427059               1
      200021      110010   6.71146810E-03  -8.86708546               1
      200021      120011   9.24044196E-03  -8.36745071               1
      200021      130012   1.41176656E-02  -7.68671513               1
      200021      140013   2.44444776E-02  -6.90403700               1
      200021      150014   4.70356606E-02  -6.19659662               1
      200021      160015   9.93670523E-02  -5.60043144               1
      200021      170016  0.233630434      -5.20203924               1
      200021      180017  0.650137842      -5.01952600               1
      200021      190018   2.60335279      -5.04237843               1
      200021      230022   2.58336663      -5.07512283               1
      200021      240023  0.654914558      -5.04533100               1
      200021      250024  0.260062605      -5.06356192               1
      200021      260025  0.127207801      -5.11661482               1
      200021      270026   7.17465878E-02  -5.14606571               1
      200021      280027   4.43841256E-02  -5.16707611               1
      200021      290028   2.93775667E-02  -5.13780069               1
      200021      300029   2.05076709E-02  -5.10912037               1
      200021      310030   1.49628511E-02  -5.05468082               1
      200021      320031   1.12742214E-02  -4.98301077               1
      200021      330032   8.74360837E-03  -4.88397980               1
      210022       20001   1.13621075E-03  -9.36155605               1
      210022       30002   1.31935568E-03  -9.37850189               1
      210022       40003   1.53083832E-03  -9.33606148               1
      210022       50004   1.81172020E-03  -9.33073425               1
      210022       60005   2.14704173E-03  -9.29987621               1
      210022       70006   2.55133584E-03  -9.31196785               1
      210022       80007   3.05144163E-03  -9.28188896               1
      210022       90008   3.65790678E-03  -9.22201920               1
      210022      100009   4.41844203E-03  -9.13056374               1
      210022      110010   5.35772555E-03  -8.99729347               1
      210022      120011   6.77092513E-03  -8.81352615               1
      210022      130012   9.30976961E-03  -8.44262218               1
      210022      140013   1.44685647E-02  -7.82521296               1
      210022      150014   2.51223631E-02  -7.10709763               1
      210022      160015   4.77960669E-02  -6.37990522               1
      210022      170016   9.94016752E-02  -5.77592802               1
      210022      180017  0.231777906      -5.34567547               1
      210022      190018  0.644142568      -5.10945606               1
      210022      200019   2.58478951      -5.11120653               1
      210022      240023   2.60264611      -5.02567053               1
      210022      250024  0.672450244      -4.94484854               1
      210022      260025  0.270945400      -4.88873482               1
      210022      270026  0.136259168      -4.84855223               1
      210022      280027   7.80642629E-02  -4.82263994               1
      210022      290028   4.89045009E-02  -4.76306248               1
      210022      300029   3.27187292E-02  -4.71004772               1
      210022      310030   2.30871215E-02  -4.63821459               1
      210022      320031   1.69264823E-02  -4.55154037               1
      210022      330032   1.28367115E-02  -4.44019222               1
      220023       20001   1.11954869E-03  -9.06007862               1
      220023       30002   1.28641177E-03  -9.09287739               1
      220023       40003   1.47600076E-03  -9.06585407               1
      220023       50004   1.72621245E-03  -9.07729912               1
      220023       60005   2.01915228E-03  -9.06446171               1
      220023       70006   2.36461544E-03  -9.09757805               1
      220023       80007   2.78042164E-03  -9.09454727               1
      220023       90008   3.26335384E-03  -9.07407570               1
      220023      100009   3.83182312E-03  -9.05052376               1
      220023      110010   4.45895968E-03  -9.04249096               1
      220023      120011   5.30080218E-03  -9.07865810               1
      220023      130012   6.71706209E-03  -8.99041462               1
      220023      140013   9.52255167E-03  -8.61025524               1
      220023      150014   1.50649659E-02  -7.99886322               1
      220023      160015   2.60605197E-02  -7.25052786               1
      220023      170016   4.88703921E-02  -6.52307415               1
      220023      180017  0.100479536      -5.89412117               1
      220023      190018  0.233171478      -5.40792799               1
      220023      200019  0.641781390      -5.14237213               1
      220023      210020   2.58312392      -5.07513428               1
      220023      250024   2.60156393      -4.99455881               1
      220023      260025  0.668633163      -4.92964077               1
      220023      270026  0.273006022      -4.85550594               1
      220023      280027  0.138284579      -4.80120611               1
      220023      290028   7.99284130E-02  -4.72385454               1
      220023      300029   5.04647419E-02  -4.65448523               1
      220023      310030   3.40869501E-02  -4.57104015               1
      220023      320031   2.41360664E-02  -4.47317600               1
      220023      330032   1.77976638E-02  -4.35187435               1
      230024       20001   1.06780441E-03  -8.93089771               1
      230024       30002   1.21683488E-03  -8.97069740               1
      230024       40003   1.38391205E-03  -8.95032406               1
      230024       50004   1.60350313E-03  -8.96937752               1
      230024       60005   1.85664056E-03  -8.96460533               1
      230024       70006   2.15012161E-03  -9.00711346               1
      230024       80007   2.49621901E-03  -9.01609612               1
      230024       90008   2.88526108E-03  -9.01319122               1
      230024      100009   3.32160294E-03  -9.02133465               1
      230024      110010   3.75910103E-03  -9.07608986               1
      230024      120011   4.28854395E-03  -9.23640919               1
      230024      130012   5.13355667E-03  -9.33641338               1
      230024      140013   6.79815421E-03  -9.15605831               1
      230024      150014   9.99381766E-03  -8.68315601               1
      230024      160015   1.59903988E-02  -7.98622513               1
      230024      170016   2.75509674E-02  -7.22059822               1
      230024      180017   5.13870753E-02  -6.47436666               1
      230024      190018  0.105666503      -5.80736780               1
      230024      200019  0.242485046      -5.31885672               1
      230024      210020  0.654667497      -5.04490185               1
      230024      220021   2.60255980      -5.02543592               1
      230024      260025   2.59138131      -4.97584724               1
      230024      270026  0.666204512      -4.94387102               1
      230024      280027  0.270323098      -4.89850950               1
      230024      290028  0.137034237      -4.82845449               1
      230024      300029   7.93112516E-02  -4.75912809               1
      230024      310030   5.03645912E-02  -4.67663956               1
      230024      320031   3.40183638E-02  -4.57697153               1
      230024      330032   2.41701528E-02  -4.45274734               1
      240025       20001   9.99477343E-04  -8.83610153               1
      240025       30002   1.13105960E-03  -8.88087177               1
      240025       40003   1.27685943E-03  -8.86511993               1
      240025       50004   1.46796100E-03  -8.88948345               1
      240025       60005   1.68537966E-03  -8.89013290               1
      240025       70006   1.93392683E-03  -8.93863297               1
      240025       80007   2.22226582E-03  -8.95474815               1
      240025       90008   2.53789383E-03  -8.96148682               1
      240025      100009   2.87831482E-03  -8.98647594               1
      240025      110010   3.19203991E-03  -9.07482433               1
      240025      120011   3.53687000E-03  -9.30558395               1
      240025      130012   4.06643888E-03  -9.52207088               1
      240025      140013   5.12568932E-03  -9.48169899               1
      240025      150014   7.13278772E-03  -9.12561512               1
      240025      160015   1.07465098E-02  -8.49707699               1
      240025      170016   1.73288304E-02  -7.73831081               1
      240025      180017   2.99833901E-02  -6.93553162               1
      240025      190018   5.64978793E-02  -6.15455437               1
      240025      200019  0.115717597      -5.51122999               1
      240025      210020  0.259845823      -5.06144285               1
      240025      220021  0.672392905      -4.94334698               1
      240025      230022   2.60159636      -4.99417973               1
      240025      270026   2.59267235      -4.98776340               1
      240025      280027  0.662934303      -4.97642136               1
      240025      290028  0.268242151      -4.93554258               1
      240025      300029  0.135491654      -4.88172674               1
      240025      310030   7.86179379E-02  -4.81366301               1
      240025      320031   4.97490466E-02  -4.72344255               1
      240025      330032   3.36331725E-02  -4.60567856               1
      250026       20001   9.13498283E-04  -8.73303890               1
      250026       30002   1.02771120E-03  -8.78189564               1
      250026       40003   1.15295011E-03  -8.76994514               1
      250026       50004   1.31678733E-03  -8.79867935               1
      250026       60005   1.50104321E-03  -8.80373287               1
      250026       70006   1.70912256E-03  -8.85695362               1
      250026       80007   1.94715790E-03  -8.87837410               1
      250026       90008   2.20179488E-03  -8.89172554               1
      250026      100009   2.46724393E-03  -8.92750549               1
      250026      110010   2.69311364E-03  -9.03664589               1
      250026      120011   2.91839265E-03  -9.31184006               1
      250026      130012   3.25495936E-03  -9.60490608               1
      250026      140013   3.95266386E-03  -9.66281796               1
      250026      150014   5.27457288E-03  -9.39698982               1
      250026      160015   7.58450525E-03  -8.83222675               1
      250026      170016   1.16093960E-02  -8.09764004               1
      250026      180017   1.89367328E-02  -7.27300692               1
      250026      190018   3.33915092E-02  -6.42406082               1
      250026      200019   6.31775111E-02  -5.67985773               1
      250026      210020  0.127041459      -5.11118984               1
      250026      220021  0.270935059      -4.88411617               1
      250026      230022  0.668717682      -4.92763233               1
      250026      240023   2.59147930      -4.97545481               1
      250026      280027   2.58121777      -5.00636196               1
      250026      290028  0.658880055      -4.99556780               1
      250026      300029  0.265395194      -4.96101618               1
      250026      310030  0.134280413      -4.91549540               1
      250026      320031   7.74975196E-02  -4.84446812               1
      250026      330032   4.90115210E-02  -4.74316788               1
      260027       20001   8.45245377E-04  -8.51971722               1
      260027       30002   9.45511158E-04  -8.57688713               1
      260027       40003   1.05434132E-03  -8.57288170               1
      260027       50004   1.19657326E-03  -8.60995388               1
      260027       60005   1.35477388E-03  -8.62327385               1
      260027       70006   1.53139688E-03  -8.68485260               1
      260027       80007   1.73085555E-03  -8.71491718               1
      260027       90008   1.93964655E-03  -8.73767853               1
      260027      100009   2.15037959E-03  -8.78573799               1
      260027      110010   2.31538643E-03  -8.91414642               1
      260027      120011   2.46283296E-03  -9.22568130               1
      260027      130012   2.67946511E-03  -9.57862282               1
      260027      140013   3.15738656E-03  -9.71332359               1
      260027      150014   4.07418329E-03  -9.52020359               1
      260027      160015   5.64368768E-03  -9.01150608               1
      260027      170016   8.28458648E-03  -8.30655766               1
      260027      180017   1.28857736E-02  -7.47867537               1
      260027      190018   2.15525664E-02  -6.59053326               1
      260027      200019   3.84052694E-02  -5.78136206               1
      260027      210020   7.16090724E-02  -5.13614225               1
      260027      220021  0.136266664      -4.83879328               1
      260027      230022  0.273108512      -4.84996891               1
      260027      240023  0.666327953      -4.94193172               1
      260027      250024   2.59277177      -4.98743057               1
      260027      290028   2.57669830      -5.01498604               1
      260027      300029  0.658976197      -4.98164463               1
      260027      310030  0.266731262      -4.95046520               1
      260027      320031  0.134494498      -4.89930105               1
      260027      330032   7.76631981E-02  -4.81985855               1
      270028       20001   7.80882605E-04  -8.30644226               1
      270028       30002   8.68954055E-04  -8.37201881               1
      270028       40003   9.63628816E-04  -8.37611103               1
      270028       50004   1.08732551E-03  -8.42166042               1
      270028       60005   1.22349383E-03  -8.44341660               1
      270028       70006   1.37391395E-03  -8.51350403               1
      270028       80007   1.54177612E-03  -8.55228138               1
      270028       90008   1.71392516E-03  -8.58428574               1
      270028      100009   1.88235356E-03  -8.64369869               1
      270028      110010   2.00302945E-03  -8.78855896               1
      270028      120011   2.09732982E-03  -9.12929726               1
      270028      130012   2.23514624E-03  -9.52904606               1
      270028      140013   2.56955484E-03  -9.72337151               1
      270028      150014   3.22646787E-03  -9.58687973               1
      270028      160015   4.33689682E-03  -9.12303352               1
      270028      170016   6.15548063E-03  -8.44440365               1
      270028      180017   9.21346806E-03  -7.61913776               1
      270028      190018   1.47675630E-02  -6.70583677               1
      270028      200019   2.51023173E-02  -5.85081148               1
      270028      210020   4.42663766E-02  -5.15139008               1
      270028      220021   7.80767426E-02  -4.80542231               1
      270028      230022  0.138389662      -4.78959608               1
      270028      240023  0.270457059      -4.89298105               1
      270028      250024  0.663055241      -4.97465801               1
      270028      260025   2.58128786      -5.00606966               1
      270028      300029   2.58768320      -5.02668047               1
      270028      310030  0.658356667      -4.99771786               1
      270028      320031  0.265723825      -4.96075773               1
      270028      330032  0.134255022      -4.90377998               1
      280029       20001   7.17273098E-04  -8.03344250               1
      280029       30002   7.94434105E-04  -8.10842991               1
      280029       40003   8.76633741E-04  -8.12168694               1
      280029       50004   9.84058483E-04  -8.17675209               1
      280029       60005   1.10118417E-03  -8.20803642               1
      280029       70006   1.22930901E-03  -8.28773117               1
      280029       80007   1.37073779E-03  -8.33631897               1
      280029       90008   1.51299173E-03  -8.37860394               1
      280029      100009   1.64803781E-03  -8.45006084               1
      280029      110010   1.73588598E-03  -8.61111259               1
      280029      120011   1.79339154E-03  -8.97832489               1
      280029      130012   1.87828648E-03  -9.41847992               1
      280029      140013   2.11540284E-03  -9.66294765               1
      280029      150014   2.59742839E-03  -9.57338142               1
      280029      160015   3.40724457E-03  -9.14674282               1
      280029      170016   4.70683631E-03  -8.49117279               1
      280029      180017   6.83127111E-03  -7.67134857               1
      280029      190018   1.05810547E-02  -6.74208689               1
      280029      200019   1.73244327E-02  -5.85454416               1
      280029      210020   2.92735565E-02  -5.11628151               1
      280029      220021   4.89143543E-02  -4.73698473               1
      280029      230022   8.00271481E-02  -4.70396042               1
      280029      240023  0.137170210      -4.81696510               1
      280029      250024  0.268378705      -4.93049049               1
      280029      260025  0.658981025      -4.99401045               1
      280029      270026   2.57677746      -5.01469851               1
      280029      310030   2.59606218      -4.99381924               1
      280029      320031  0.656535923      -4.96204281               1
      280029      330032  0.265079200      -4.92613268               1
      290030       20001   6.63336599E-04  -7.77708244               1
      290030       30002   7.31408363E-04  -7.86162329               1
      290030       40003   8.03285744E-04  -7.88422775               1
      290030       50004   8.97304679E-04  -7.94899893               1
      290030       60005   9.98865347E-04  -7.99003410               1
      290030       70006   1.10892334E-03  -8.07957745               1
      290030       80007   1.22914417E-03  -8.13821793               1
      290030       90008   1.34776218E-03  -8.19099331               1
      290030      100009   1.45695521E-03  -8.27448845               1
      290030      110010   1.52041530E-03  -8.45113468               1
      290030      120011   1.55193766E-03  -8.84272385               1
      290030      130012   1.60044571E-03  -9.31895447               1
      290030      140013   1.77021651E-03  -9.60724926               1
      290030      150014   2.13182834E-03  -9.55774212               1
      290030      160015   2.73891981E-03  -9.16197968               1
      290030      170016   3.69841699E-03  -8.52503490               1
      290030      180017   5.23132179E-03  -7.70934296               1
      290030      190018   7.87552446E-03  -6.76661253               1
      290030      200019   1.25021096E-02  -5.85161209               1
      290030      210020   2.04104688E-02  -5.08034897               1
      290030      220021   3.27180251E-02  -4.67251205               1
      290030      230022   5.05472757E-02  -4.62290001               1
      290030      240023   7.94374794E-02  -4.73803425               1
      290030      250024  0.135630772      -4.87015676               1
      290030      260025  0.265513629      -4.95594740               1
      290030      270026  0.659083843      -4.97990131               1
      290030      280027   2.58776546      -5.02635670               1
      290030      320031   2.58904767      -5.00464869               1
      290030      330032  0.662706256      -4.98184299               1
      300031       20001   6.16177800E-04  -7.46713114               1
      300031       30002   6.76538912E-04  -7.56262922               1
      300031       40003   7.39727693E-04  -7.59602976               1
      300031       50004   8.22504342E-04  -7.67194986               1
      300031       60005   9.11123992E-04  -7.72423124               1
      300031       70006   1.00629777E-03  -7.82514572               1
      300031       80007   1.10922463E-03  -7.89540958               1
      300031       90008   1.20886136E-03  -7.96030092               1
      300031      100009   1.29773084E-03  -8.05744648               1
      300031      110010   1.34285854E-03  -8.25113773               1
      300031      120011   1.35589135E-03  -8.66788292               1
      300031      130012   1.37911038E-03  -9.17981148               1
      300031      140013   1.50126859E-03  -9.51030064               1
      300031      150014   1.77766872E-03  -9.49866390               1
      300031      160015   2.24363431E-03  -9.13164043               1
      300031      170016   2.97215185E-03  -8.51220608               1
      300031      180017   4.11504647E-03  -7.70167065               1
      300031      190018   6.05113897E-03  -6.74945450               1
      300031      200019   9.36568156E-03  -5.81316948               1
      300031      210020   1.48711959E-02  -5.01579380               1
      300031      220021   2.30759494E-02  -4.58555126               1
      300031      230022   3.41530368E-02  -4.52332354               1
      300031      240023   5.04795462E-02  -4.64110327               1
      300031      250024   7.87570998E-02  -4.79088783               1
      300031      260025  0.134413838      -4.90301991               1
      300031      270026  0.266866356      -4.94455147               1
      300031      280027  0.658475518      -4.99567032               1
      300031      290028   2.59613943      -4.99340343               1
      300031      330032   2.58507490      -4.98583555               1
      310032       20001   5.76870923E-04  -7.11976337               1
      310032       30002   6.30753639E-04  -7.22728586               1
      310032       40003   6.86672924E-04  -7.27258158               1
      310032       50004   7.60086928E-04  -7.36076069               1
      310032       60005   8.37985193E-04  -7.42544174               1
      310032       70006   9.20903054E-04  -7.53890562               1
      310032       80007   1.00969151E-03  -7.62200832               1
      310032       90008   1.09397073E-03  -7.70028210               1
      310032      100009   1.16664299E-03  -7.81235313               1
      310032      110010   1.19762775E-03  -8.02431107               1
      310032      120011   1.19702716E-03  -8.46711063               1
      310032      130012   1.20202336E-03  -9.01507664               1
      310032      140013   1.28940702E-03  -9.38742447               1
      310032      150014   1.50350539E-03  -9.41281319               1
      310032      160015   1.86761061E-03  -9.07328033               1
      310032      170016   2.43267813E-03  -8.47018814               1
      310032      180017   3.30616906E-03  -7.66442919               1
      310032      190018   4.76452988E-03  -6.70383406               1
      310032      200019   7.21720699E-03  -5.74857235               1
      310032      210020   1.11962752E-02  -4.92768574               1
      310032      220021   1.69176441E-02  -4.47684431               1
      310032      230022   2.42009815E-02  -4.40186262               1
      310032      240023   3.41376625E-02  -4.51926947               1
      310032      250024   4.99032289E-02  -4.68195438               1
      310032      260025   7.76598230E-02  -4.81792641               1
      310032      270026  0.134670407      -4.88389730               1
      310032      280027  0.265891552      -4.95341873               1
      310032      290028  0.656664193      -4.95933342               1
      310032      300029   2.58915067      -5.00411987               1
      320033       20001   5.47262316E-04  -6.69785357               1
      320033       30002   5.95870428E-04  -6.81905222               1
      320033       40003   6.45865628E-04  -6.87794399               1
      320033       50004   7.11706060E-04  -6.98011923               1
      320033       60005   7.80937262E-04  -7.05900335               1
      320033       70006   8.53970647E-04  -7.18686819               1
      320033       80007   9.31397430E-04  -7.28473377               1
      320033       90008   1.00338447E-03  -7.37842083               1
      320033      100009   1.06318237E-03  -7.50757551               1
      320033      110010   1.08307635E-03  -7.74014378               1
      320033      120011   1.07208302E-03  -8.21150684               1
      320033      130012   1.06355629E-03  -8.79812908               1
      320033      140013   1.12520531E-03  -9.21479130               1
      320033      150014   1.29341090E-03  -9.27921581               1
      320033      160015   1.58340123E-03  -8.96855640               1
      320033      170016   2.03152956E-03  -8.38283539               1
      320033      180017   2.71613244E-03  -7.58314180               1
      320033      190018   3.84603138E-03  -6.61631918               1
      320033      200019   5.71907032E-03  -5.64497089               1
      320033      210020   8.69944319E-03  -4.80358219               1
      320033      220021   1.28590548E-02  -4.33446884               1
      320033      230022   1.78963579E-02  -4.24758673               1
      320033      240023   2.43318267E-02  -4.36330843               1
      320033      250024   3.38421836E-02  -4.53603506               1
      320033      260025   4.92437407E-02  -4.69377041               1
      320033      270026   7.79242292E-02  -4.78731012               1
      320033      280027  0.134519100      -4.88522339               1
      320033      290028  0.265308201      -4.91709185               1
      320033      300029  0.662919223      -4.97880220               1
      320033      310030   2.58521748      -4.98524141               1
