      -2.250      -6.000
      -2.250      -5.500
      -2.250      -5.000
      -2.250      -4.500
      -2.250      -4.000
      -2.250      -3.500
      -2.250      -3.000
      -2.250      -2.500
      -2.250      -2.000
      -2.250      -1.500
      -2.250      -1.000
      -2.250      -0.500
      -2.250       0.000
      -1.750       0.000
      -1.250       0.000
      -0.750       0.000
      -0.250       0.000
       0.250       0.000
       0.750       0.000
       1.250       0.000
       1.750       0.000
       2.250       0.000
       2.250      -0.500
       2.250      -1.000
       2.250      -1.500
       2.250      -2.000
       2.250      -2.500
       2.250      -3.000
       2.250      -3.500
       2.250      -4.000
       2.250      -4.500
       2.250      -5.000
       2.250      -5.500
       2.250      -6.000
       4.500       0.000
       4.500      -8.250
      -4.500      -8.250
      -4.500       0.000
      -2.250      -5.875
      -2.250      -5.750
      -2.250      -5.625
      -2.250      -5.375
      -2.250      -5.250
      -2.250      -5.125
      -2.250      -4.875
      -2.250      -4.750
      -2.250      -4.625
      -2.250      -4.375
      -2.250      -4.250
      -2.250      -4.125
      -2.250      -3.875
      -2.250      -3.750
      -2.250      -3.625
      -2.250      -3.375
      -2.250      -3.250
      -2.250      -3.125
      -2.250      -2.875
      -2.250      -2.750
      -2.250      -2.625
      -2.250      -2.375
      -2.250      -2.250
      -2.250      -2.125
      -2.250      -1.875
      -2.250      -1.750
      -2.250      -1.625
      -2.250      -1.375
      -2.250      -1.250
      -2.250      -1.125
      -2.250      -0.875
      -2.250      -0.750
      -2.250      -0.625
      -2.250      -0.375
      -2.250      -0.250
      -2.250      -0.125
      -2.125       0.000
      -2.000       0.000
      -1.875       0.000
      -1.625       0.000
      -1.500       0.000
      -1.375       0.000
      -1.125       0.000
      -1.000       0.000
      -0.875       0.000
      -0.625       0.000
      -0.500       0.000
      -0.375       0.000
      -0.125       0.000
      -0.000       0.000
       0.125       0.000
       0.375       0.000
       0.500       0.000
       0.625       0.000
       0.875       0.000
       1.000       0.000
       1.125       0.000
       1.375       0.000
       1.500       0.000
       1.625       0.000
       1.875       0.000
       2.000       0.000
       2.125       0.000
       2.250      -0.125
       2.250      -0.250
       2.250      -0.375
       2.250      -0.625
       2.250      -0.750
       2.250      -0.875
       2.250      -1.125
       2.250      -1.250
       2.250      -1.375
       2.250      -1.625
       2.250      -1.750
       2.250      -1.875
       2.250      -2.125
       2.250      -2.250
       2.250      -2.375
       2.250      -2.625
       2.250      -2.750
       2.250      -2.875
       2.250      -3.125
       2.250      -3.250
       2.250      -3.375
       2.250      -3.625
       2.250      -3.750
       2.250      -3.875
       2.250      -4.125
       2.250      -4.250
       2.250      -4.375
       2.250      -4.625
       2.250      -4.750
       2.250      -4.875
       2.250      -5.125
       2.250      -5.250
       2.250      -5.375
       2.250      -5.625
       2.250      -5.750
       2.250      -5.875
       4.500      -0.344
       4.500      -0.687
       4.500      -1.031
       4.500      -1.375
       4.500      -1.719
       4.500      -2.062
       4.500      -2.406
       4.500      -2.750
       4.500      -3.094
       4.500      -3.437
       4.500      -3.781
       4.500      -4.125
       4.500      -4.469
       4.500      -4.812
       4.500      -5.156
       4.500      -5.500
       4.500      -5.844
       4.500      -6.187
       4.500      -6.531
       4.500      -6.875
       4.500      -7.219
       4.500      -7.562
       4.500      -7.906
       4.179      -8.250
       3.857      -8.250
       3.536      -8.250
       3.214      -8.250
       2.893      -8.250
       2.571      -8.250
       2.250      -8.250
       1.929      -8.250
       1.607      -8.250
       1.286      -8.250
       0.964      -8.250
       0.643      -8.250
       0.321      -8.250
       0.000      -8.250
      -0.321      -8.250
      -0.643      -8.250
      -0.964      -8.250
      -1.286      -8.250
      -1.607      -8.250
      -1.929      -8.250
      -2.250      -8.250
      -2.571      -8.250
      -2.893      -8.250
      -3.214      -8.250
      -3.536      -8.250
      -3.857      -8.250
      -4.179      -8.250
      -4.500      -7.906
      -4.500      -7.563
      -4.500      -7.219
      -4.500      -6.875
      -4.500      -6.531
      -4.500      -6.188
      -4.500      -5.844
      -4.500      -5.500
      -4.500      -5.156
      -4.500      -4.813
      -4.500      -4.469
      -4.500      -4.125
      -4.500      -3.781
      -4.500      -3.438
      -4.500      -3.094
      -4.500      -2.750
      -4.500      -2.406
      -4.500      -2.063
      -4.500      -1.719
      -4.500      -1.375
      -4.500      -1.031
      -4.500      -0.688
      -4.500      -0.344
       3.938       0.000
       3.375       0.000
       2.813       0.000
      -2.812       0.000
      -3.375       0.000
      -3.937       0.000
       0.186      -4.130
      -1.821      -2.538
       1.932      -2.446
       0.054      -1.928
      -1.929      -5.622
      -1.058      -1.289
       1.204      -1.272
       1.993      -5.814
       0.052      -6.135
       1.849      -4.127
      -0.185      -0.929
      -1.429      -4.085
      -0.607      -3.090
       0.794      -2.956
      -2.937      -3.637
       0.537      -0.780
       3.090      -3.333
      -2.975      -1.566
      -2.222      -1.004
      -0.664      -5.094
       1.034      -5.065
       3.040      -4.868
      -2.986      -6.701
       3.091      -1.546
       2.202      -1.035
       1.196      -0.622
      -0.801      -0.701
      -1.178      -6.850
      -1.424      -0.635
       3.030      -6.801
       1.205      -6.865
      -0.844      -2.180
      -3.133      -5.005
       0.937      -2.136
      -1.769      -1.695
       1.709      -0.516
       1.028      -3.803
       1.603      -3.220
       0.515      -1.451
       0.072      -0.498
      -2.867      -2.635
      -1.920      -0.493
       2.178      -0.498
      -0.609      -3.912
      -0.467      -1.533
       1.815      -1.685
      -2.023      -3.432
       0.071      -2.696
      -0.166      -7.193
      -2.213      -4.742
       0.208      -4.959
       3.456      -5.832
       0.951      -5.983
      -0.418      -0.451
      -2.095      -7.246
      -0.992      -5.893
       0.025      -3.417
       2.151      -7.250
       2.857      -2.438
      -1.341      -3.102
       1.920      -4.946
       0.817      -0.423
      -3.534      -5.925
       2.363      -3.027
      -1.418      -4.917
      -1.617      -1.167
       2.707      -4.069
       1.312      -2.622
       3.606      -4.068
       1.529      -0.964
       0.436      -0.377
      -3.607      -4.244
      -1.067      -0.391
      -3.591      -3.064
       0.009      -1.404
      -1.248      -1.828
      -0.627      -1.120
      -2.367      -2.079
       3.655      -2.677
      -3.631      -7.365
       0.754      -4.444
      -2.233      -6.397
      -2.725      -5.778
      -0.347      -4.498
      -3.699      -2.199
       1.330      -1.793
       3.657      -7.376
       0.631      -7.433
       3.619      -0.822
       2.887      -0.752
       2.367      -2.003
      -0.346      -2.328
      -1.230      -2.577
       0.910      -0.952
       2.329      -6.467
       0.443      -2.318
       2.769      -5.555
       0.213      -1.023
      -2.332      -4.033
       1.371      -4.519
       1.314      -0.329
       0.560      -3.512
      -2.843      -7.507
       0.463      -6.670
      -2.348      -1.548
      -0.851      -7.497
      -1.157      -0.902
      -0.542      -6.509
      -0.917      -4.413
       0.469      -5.595
       1.576      -6.319
      -0.740      -0.331
      -3.693      -1.227
       2.812      -7.442
      -1.560      -0.331
      -1.105      -3.637
       3.761      -1.969
       1.418      -5.531
       3.780      -6.482
       3.777      -5.124
       2.098      -3.557
       1.495      -7.582
      -3.768      -6.600
      -2.354      -2.881
       0.938      -1.634
      -0.404      -5.680
       0.533      -1.871
       2.467      -4.692
      -2.184      -0.335
      -1.532      -6.297
      -0.193      -0.294
      -0.476      -0.763
       1.951      -0.307
      -2.974      -4.353
       3.715      -3.372
      -0.835      -1.660
      -0.639      -2.643
      -3.807      -5.277
      -1.554      -7.567
       1.146      -3.353
      -1.583      -2.101
       1.559      -2.241
       1.506      -3.688
       1.575      -1.365
       2.860      -6.147
       0.800      -2.535
       0.326      -3.064
       2.271      -1.482
      -0.465      -1.971
      -2.891      -0.797
       0.184      -0.244
      -2.356      -5.296
       0.621      -1.108
       1.052      -0.262
      -1.729      -0.837
      -0.172      -3.827
      -0.196      -0.625
       1.560      -0.246
      -1.080      -5.382
      -0.418      -3.477
      -1.396      -1.473
      -1.602      -3.661
       2.575      -3.525
      -3.839      -3.643
      -1.848      -3.013
      -1.316      -0.243
      -1.811      -0.247
       1.850      -0.808
       0.628      -3.938
      -0.175      -3.060
       0.254      -0.754
       2.634      -1.176
       1.933      -2.886
      -1.921      -4.295
      -0.975      -2.873
      -0.329      -1.250
       1.768      -6.839
       2.388      -2.571
       3.905      -4.577
       2.273      -5.299
      -2.780      -3.144
       0.907      -0.697
       1.226      -0.934
      -1.693      -6.854
      -1.207      -2.205
       0.349      -4.557
      -1.911      -5.100
       0.160      -7.675
      -1.990      -1.335
       0.645      -0.244
       0.007      -5.364
      -0.082      -6.651
       0.874      -1.265
       2.195      -0.255
      -2.259      -0.644
       0.255      -1.642
       0.476      -2.717
       0.650      -4.860
      -0.638      -6.986
       0.918      -5.487
       0.066      -2.306
       0.254      -3.731
      -0.325      -2.703
      -0.946      -3.279
       2.480      -0.761
       2.599      -0.355
      -0.146      -1.683
       3.153      -4.301
       3.127      -3.842
      -3.954      -4.711
      -3.076      -6.194
       3.250      -5.339
       2.796      -2.932
       1.462      -0.706
       1.869      -2.056
       0.534      -6.204
      -0.867      -0.944
      -2.876      -2.046
      -0.428      -0.213
       1.962      -1.351
      -2.366      -7.735
      -1.083      -0.645
      -2.471      -6.839
       1.148      -2.967
       3.984      -6.023
       1.355      -4.103
      -2.469      -3.566
      -2.670      -4.838
       2.284      -3.945
       2.053      -4.550
      -0.248      -4.934
      -1.416      -5.698
       2.369      -7.742
       0.953      -6.474
      -0.748      -1.392
      -1.442      -0.918
      -1.937      -2.069
      -3.154      -5.569
       0.010      -0.763
       2.513      -6.924
      -3.939      -1.727
      -3.968      -2.668
       3.888      -1.386
       3.340      -2.282
      -1.018      -4.856
       1.440      -4.938
      -0.935      -0.212
      -1.963      -3.869
      -1.001      -4.033
      -4.016      -7.708
       1.012      -7.742
       0.624      -0.525
       1.183      -2.334
      -1.557      -4.510
      -3.291      -7.719
      -1.022      -6.388
       3.988      -7.002
      -2.294      -5.934
      -0.407      -7.777
       3.260      -7.766
       1.949      -0.567
      -3.967      -6.183
      -3.390      -3.806
      -2.191      -2.488
       2.439      -5.980
      -3.369      -2.666
       2.855      -1.991
      -1.520      -2.795
       0.289      -1.298
       0.855      -0.205
       1.818      -5.365
      -1.330      -1.190
      -1.687      -0.551
      -2.643      -1.138
       2.638      -5.076
      -4.009      -7.077
      -0.644      -0.521
       4.035      -7.736
       1.026      -0.487
      -0.019      -1.146
      -0.169      -4.191
      -0.768      -3.584
      -0.005      -0.203
       1.671      -2.635
       3.286      -2.895
       4.005      -3.775
       3.293      -6.406
       4.020      -2.381
      -3.208      -7.147
      -3.242      -3.321
      -0.975      -2.476
       2.004      -6.180
       1.877      -7.772
      -1.271      -0.453
       3.507      -6.966
      -3.436      -1.760
       0.430      -0.192
      -3.474      -4.695
       0.282      -7.131
       1.761      -0.204
      -4.061      -5.685
       4.045      -2.981
      -0.988      -1.928
       1.056      -4.680
      -3.889      -0.578
       1.799      -1.089
      -2.628      -6.259
       0.997      -4.191
       1.076      -7.292
       1.358      -1.516
      -1.115      -1.577
      -0.653      -6.028
       0.276      -0.504
       0.572      -5.234
       1.365      -5.949
       1.620      -1.905
      -2.662      -0.411
       2.129      -0.741
      -1.561      -5.330
      -1.133      -0.196
      -2.484      -4.428
      -1.912      -1.104
      -0.599      -4.258
      -0.427      -1.003
       1.977      -3.245
      -1.908      -7.781
      -2.007      -0.212
      -0.659      -4.665
       1.484      -0.450
      -0.210      -2.062
       4.027      -0.489
       4.042      -5.550
      -0.004      -4.600
      -4.044      -3.203
       3.515      -4.627
      -1.164      -7.819
       1.501      -2.911
      -2.804      -5.303
       1.058      -1.881
      -0.883      -0.482
      -2.000      -0.785
       0.319      -2.052
      -1.661      -3.321
      -4.040      -4.142
      -1.688      -1.461
      -1.170      -7.314
       0.801      -3.287
       0.497      -4.243
      -1.503      -2.436
      -0.611      -0.200
       3.196      -7.295
      -2.730      -4.010
      -1.895      -6.075
       1.186      -0.176
       3.261      -1.095
      -0.728      -5.480
       2.666      -1.606
       2.778      -4.480
       2.110      -1.806
       0.617      -2.166
      -0.567      -2.334
       0.460      -0.958
      -2.361      -3.262
       2.365      -4.321
      -1.561      -1.859
       1.401      -1.205
       0.087      -5.794
      -2.137      -1.732
       0.483      -7.842
       2.170      -2.202
      -2.602      -1.858
       0.777      -6.970
      -1.831      -4.775
       0.773      -0.855
       1.083      -2.727
       2.809      -6.535
      -0.148      -0.468
      -4.091      -2.274
       0.280      -3.389
       1.699      -4.633
       0.669      -1.653
       1.568      -7.109
      -0.674      -0.817
       1.422      -0.179
       1.771      -3.499
      -0.661      -1.725
      -1.183      -4.612
      -0.201      -1.417
       2.164      -6.869
      -0.546      -1.292
      -1.345      -3.448
      -0.372      -5.377
       1.247      -2.060
       3.041      -5.788
      -3.271      -6.482
       0.443      -0.635
       0.869      -3.607
       1.052      -0.817
       2.366      -5.623
       3.390      -3.512
      -1.263      -2.845
      -1.981      -2.772
       0.795      -1.880
       2.206      -4.987
       3.553      -1.535
      -2.719      -7.867
      -0.899      -1.177
      -2.575      -2.409
      -0.077      -2.495
      -1.720      -7.221
       1.402      -3.450
      -2.150      -6.801
      -2.447      -7.269
      -1.446      -0.173
       1.602      -1.605
       4.135      -4.171
       1.670      -0.715
       0.621      -5.884
       1.596      -4.246
       4.112      -4.916
       1.316      -5.220
       0.234      -2.474
       0.210      -6.468
       0.071      -2.985
      -1.679      -0.173
       1.115      -1.105
       3.208      -1.903
      -0.776      -0.143
      -3.160      -2.918
      -0.729      -1.963
      -3.285      -1.089
       1.717      -6.002
       1.104      -1.537
      -3.177      -2.218
       1.851      -3.851
       2.582      -2.343
      -1.246      -0.738
      -2.455      -0.865
      -0.264      -6.202
      -3.135      -4.061
       2.692      -7.919
      -0.412      -0.612
      -0.288      -0.168
       2.677      -3.225
       0.271      -5.246
       4.139      -7.386
      -3.515      -7.025
      -0.461      -7.292
       1.297      -0.525
      -2.243      -1.269
       4.126      -6.368
       4.065      -0.929
      -1.877      -6.498
      -1.364      -3.839
      -1.699      -3.973
       2.044      -0.174
      -2.462      -0.229
       0.584      -3.284
       0.063      -0.923
      -0.701      -7.892
       1.305      -6.529
       2.115      -2.667
      -0.601      -0.323
      -4.127      -6.702
       0.764      -1.409
      -1.355      -6.085
       2.304      -3.415
      -2.814      -7.080
      -2.191      -0.125
       3.466      -4.968
       2.485      -7.328
       1.131      -0.394
       2.932      -7.129
       1.211      -3.608
       1.188      -5.689
      -3.521      -3.501
      -3.587      -7.875
      -4.131      -1.205
       3.344      -0.473
       3.574      -7.868
      -0.892      -6.707
      -3.438      -5.232
      -0.519      -2.837
       0.980      -2.363
       4.145      -1.895
      -2.250      -5.616
      -0.228      -3.310
       1.351      -3.205
      -0.638      -3.369
      -0.356      -1.785
       1.454      -7.929
       3.538      -5.512
       3.561      -6.203
      -0.360      -4.009
      -1.071      -1.083
      -0.304      -0.819
       2.406      -0.179
      -1.851      -2.282
       1.775      -7.359
      -4.124      -5.018
      -1.176      -4.208
       0.307      -0.134
      -0.948      -0.778
       0.542      -2.942
       1.157      -6.186
      -0.423      -3.736
       0.044      -4.339
       4.094      -3.341
       0.740      -0.643
      -2.099      -3.185
       2.832      -3.771
      -1.429      -6.637
      -0.190      -3.575
      -0.392      -6.765
      -1.369      -2.008
       3.580      -3.067
      -3.632      -6.289
       1.955      -6.596
       3.145      -2.567
       0.427      -1.155
      -0.278      -0.413
       1.598      -3.955
       2.367      -1.230
      -4.192      -7.395
       1.495      -2.476
       0.060      -0.341
      -0.139      -0.153
      -3.132      -4.673
      -0.186      -5.896
      -2.661      -6.584
       0.726      -4.199
       1.611      -5.171
      -2.385      -4.978
      -3.596      -5.579
      -3.406      -0.687
       0.318      -5.990
       0.639      -2.393
       2.723      -5.865
      -2.644      -2.838
       1.729      -5.642
      -1.411      -0.397
       1.781      -0.350
      -0.702      -5.760
      -1.460      -7.919
       0.047      -1.606
      -3.319      -4.371
       1.312      -0.784
       0.068      -3.914
      -0.932      -5.117
      -3.049      -5.861
      -2.225      -4.308
       2.033      -1.580
       3.003      -5.162
       0.959      -0.134
       2.741      -4.769
      -0.959      -1.451
      -1.444      -7.003
       2.366      -0.371
       2.321      -3.680
      -0.464      -2.517
       0.694      -2.754
       3.699      -3.721
       0.630      -0.915
       0.159      -3.215
       0.807      -1.104
       0.550      -0.125
      -1.756      -1.951
       0.486      -1.653
       1.775      -2.262
       0.575      -0.386
       2.522      -2.833
      -1.533      -1.621
      -1.098      -3.089
       0.970      -3.142
      -2.177      -3.665
       0.289      -2.851
       1.893      -0.154
      -0.452      -2.165
      -0.654      -1.556
       3.204      -6.111
      -1.554      -0.775
      -2.735      -3.441
      -2.663      -1.518
       0.113      -0.141
      -0.005      -5.107
       0.347      -1.849
       0.364      -3.957
      -0.842      -3.832
      -0.127      -1.265
      -1.696      -0.405
      -0.047      -0.605
       1.787      -1.476
       0.482      -3.733
       2.967      -0.413
      -0.623      -0.666
      -4.144      -4.438
      -0.380      -3.130
      -0.746      -2.847
      -0.196      -7.533
      -2.142      -0.476
      -2.342      -0.434
       1.132      -4.423
      -0.132      -2.837
       0.031      -3.664
       4.163      -2.676
       1.697      -3.000
      -2.063      -5.372
       0.742      -0.150
      -0.138      -7.931
       0.328      -0.288
      -0.152      -0.768
       0.181      -6.833
       0.621      -1.312
       3.687      -2.342
      -4.205      -2.928
       1.312      -3.839
      -1.840      -0.667
       2.438      -0.996
       0.584      -4.620
      -1.162      -5.652
      -1.205      -5.105
       1.556      -0.115
      -0.853      -3.073
       0.194      -1.465
      -1.939      -0.333
      -1.056      -2.664
       0.130      -0.647
      -2.101      -2.254
      -3.698      -4.947
      -1.318      -0.114
      -1.575      -3.017
       2.097      -0.363
       3.655      -4.371
       0.394      -4.787
      -1.607      -0.973
       3.052      -7.972
       4.213      -6.736
      -3.672      -3.937
       1.599      -1.129
      -1.254      -1.346
       0.337      -7.414
       2.433      -1.706
      -1.654      -4.257
      -1.746      -2.789
      -0.966      -7.071
      -0.340      -0.300
       1.987      -1.044
      -4.191      -0.842
       0.909      -0.323
       0.394      -0.783
       1.132      -2.510
       2.291      -0.653
      -1.884      -3.634
       0.938      -1.443
      -1.602      -5.949
      -3.066      -7.967
       3.804      -5.732
      -0.429      -4.705
      -4.197      -3.623
       2.533      -3.859
      -1.278      -1.028
      -1.809      -0.117
       0.806      -3.813
       0.195      -0.404
      -1.538      -0.483
       0.666      -6.471
      -2.587      -5.495
       2.092      -4.287
       0.154      -1.182
       3.732      -4.845
      -0.880      -0.338
       0.793      -7.978
       0.453      -5.034
       2.997      -4.061
       1.699      -0.922
      -4.170      -5.397
      -1.900      -7.512
       3.042      -2.221
      -0.995      -2.282
      -1.017      -1.739
       2.675      -0.908
       0.835      -5.221
      -1.187      -0.320
       0.192      -0.875
       2.932      -1.062
      -0.204      -1.101
       2.164      -2.931
       2.074      -7.580
       2.551      -6.310
      -1.470      -1.292
       1.128      -1.730
      -1.433      -2.249
       0.815      -4.663
      -2.136      -4.976
       2.156      -2.415
       3.294      -4.058
       4.157      -5.292
      -1.971      -1.593
       0.823      -6.207
       3.564      -1.223
       2.183      -0.111
      -1.186      -3.324
       3.350      -3.219
      -3.662      -2.785
      -1.152      -1.994
       4.197      -1.551
       2.076      -3.795
       1.635      -6.580
       2.019      -5.198
      -0.758      -4.096
      -2.020      -4.555
      -0.544      -0.919
       2.106      -7.948
      -2.431      -2.623
       2.854      -3.459
       1.832      -4.405
       1.291      -4.712
      -4.198      -1.899
       0.885      -0.548
      -0.138      -1.884
      -4.205      -1.555
      -0.027      -2.101
      -1.778      -1.270
      -0.138      -5.578
       4.244      -4.630
      -0.854      -6.165
      -1.303      -1.637
       2.073      -5.531
       0.261      -2.235
      -0.329      -2.923
      -3.118      -7.454
       3.346      -6.720
       1.267      -1.109
      -2.121      -7.954
      -1.852      -3.250
      -0.468      -1.142
       1.164      -5.437
       2.669      -2.618
      -2.347      -1.827
      -2.526      -3.872
      -1.645      -5.591
      -3.138      -1.843
      -2.081      -4.086
      -3.261      -6.825
       1.054      -0.634
       1.442      -2.010
      -0.387      -4.265
       0.773      -0.294
      -1.015      -0.508
       1.866      -2.652
      -3.666      -1.569
      -3.202      -3.582
       2.131      -1.244
       1.439      -0.312
       1.605      -0.390
       2.545      -5.364
      -1.654      -4.974
       0.207      -7.997
       0.466      -2.523
       1.687      -0.102
       0.297      -4.333
      -0.656      -2.116
       1.304      -0.107
       1.890      -7.085
      -4.214      -6.342
       0.562      -7.176
      -4.198      -5.968
      -1.941      -0.106
      -1.038      -0.124
       0.986      -6.756
       0.514      -0.270
      -0.533      -0.122
       2.269      -0.846
       1.466      -6.840
       1.370      -1.369
      -3.881      -2.983
      -0.790      -2.360
      -2.863      -5.052
      -0.076      -6.391
       0.707      -5.626
       2.837      -1.387
       0.973      -2.903
      -1.149      -2.407
       1.769      -1.272
      -3.832      -5.887
      -1.367      -4.383
      -0.980      -3.492
      -0.070      -0.336
      -1.217      -4.005
      -2.914      -6.401
       4.158      -5.798
      -1.279      -6.341
      -2.823      -6.066
      -3.844      -4.416
       1.404      -0.887
      -0.521      -0.557
      -2.611      -2.166
       3.061      -3.069
      -1.563      -0.102
       3.041      -6.375
       2.061      -4.779
      -3.324      -6.107
       3.383      -3.802
      -2.717      -4.281
       0.886      -4.003
      -2.406      -1.106
       1.677      -2.068
      -3.301      -1.471
      -3.124      -0.370
       1.827      -0.625
       1.559      -0.563
      -1.961      -6.992
       3.031      -4.568
       0.373      -3.557
      -0.154      -2.278
       0.495      -0.511
       3.020      -5.472
      -0.142      -6.922
      -2.755      -4.565
      -2.900      -5.556
      -4.217      -7.960
      -1.076      -7.556
       1.188      -7.532
       2.616      -4.299
       0.202      -5.524
      -0.311      -6.480
      -0.758      -0.445
       0.721      -7.686
      -1.347      -5.434
      -2.418      -8.005
      -0.389      -1.414
      -0.010      -4.838
       2.152      -6.003
       1.780      -1.879
       1.123      -2.180
       0.139      -1.781
      -2.503      -3.071
      -3.688      -1.896
       1.132      -4.023
      -0.418      -5.124
      -0.699      -0.973
       0.797      -2.274
       1.143      -7.987
      -2.505      -0.630
      -1.461      -1.093
      -3.351      -8.012
      -2.468      -1.322
       2.406      -8.017
      -2.835      -2.358
      -2.461      -4.682
       1.031      -1.258
       4.179      -1.233
      -2.081      -1.142
      -2.138      -6.148
      -4.252      -2.596
      -3.386      -4.931
       0.814      -5.010
      -4.243      -0.522
      -2.063      -0.108
       1.086      -0.108
      -2.607      -5.155
       0.366      -1.480
      -0.778      -4.878
       3.861      -1.688
       0.748      -0.515
       4.228      -3.927
      -0.300      -1.580
       1.062      -0.973
      -0.923      -0.618
      -0.674      -0.109
       3.343      -8.019
      -0.370      -7.042
       2.627      -1.867
       3.711      -6.790
      -0.172      -4.419
       0.896      -0.817
      -0.455      -8.020
       0.916      -5.754
      -1.185      -0.100
      -2.260      -7.477
      -0.538      -4.468
       2.912      -2.681
       1.713      -2.456
       3.266      -5.596
      -2.549      -5.988
       2.684      -0.615
      -3.416      -4.082
       1.307      -2.827
       3.179      -0.775
      -0.745      -7.281
       0.183      -4.709
       3.243      -7.021
       2.524      -1.429
      -0.906      -4.615
      -2.561      -7.529
       3.714      -7.117
       3.662      -0.339
      -0.743      -1.229
      -1.948      -1.841
      -1.419      -2.612
      -2.361      -6.606
       2.489      -6.666
      -0.842      -2.624
       2.195      -3.193
       2.263      -6.230
       3.113      -3.604
      -1.399      -0.782
      -3.088      -5.303
      -2.988      -3.388
       1.551      -0.833
      -0.310      -1.933
       3.433      -2.584
      -3.716      -2.496
       0.455      -1.318
      -1.601      -4.735
      -3.891      -7.418
      -1.242      -0.585
      -0.399      -0.100
       0.963      -1.107
      -2.272      -7.032
       0.190      -3.547
      -0.809      -0.832
       1.980      -2.237
      -0.037      -3.198
      -1.883      -0.906
      -3.774      -3.299
       2.455      -4.112
       1.747      -7.984
       4.229      -3.634
       4.221      -7.961
       2.757      -6.848
      -4.240      -4.695
       0.484      -2.028
       4.227      -2.197
      -3.135      -2.504
      -1.415      -7.303
       0.783      -2.054
      -0.929      -5.589
      -3.408      -2.912
      -3.530      -7.608
       0.071      -7.341
      -2.137      -1.489
       1.158      -0.514
      -1.191      -1.190
      -2.945      -1.257
      -0.818      -1.840
       1.207      -0.295
       1.316      -0.649
      -1.617      -2.588
      -1.767      -7.996
      -2.046      -5.877
      -0.995      -2.101
       3.100      -7.526
       1.344      -2.233
      -1.235      -4.823
       4.266      -7.043
       1.509      -1.782
      -0.575      -3.587
       1.269      -7.102
       3.845      -6.225
       2.067      -4.027
       2.287      -4.527
      -2.032      -2.583
       0.312      -0.907
      -0.007      -4.109
       3.911      -4.004
      -0.292      -0.543
       1.681      -4.883
       2.459      -4.908
      -1.009      -0.922
       1.353      -4.322
      -2.239      -3.434
       0.150      -2.091
       2.590      -7.601
      -4.238      -3.939
      -1.170      -6.589
      -0.208      -4.666
      -0.885      -0.105
       3.425      -7.519
      -1.802      -5.364
       2.780      -2.210
      -1.143      -0.482
       2.370      -7.089
      -3.933      -1.449
      -3.329      -5.757
       0.323      -0.415
       1.881      -0.460
      -1.767      -4.506
       1.304      -2.440
      -1.032      -0.277
      -3.005      -7.700
      -3.938      -6.431
      -3.431      -2.049
       0.295      -2.661
       1.502      -2.717
      -2.149      -1.966
      -2.477      -5.754
      -3.909      -0.963
       3.492      -2.057
       1.826      -6.354
       0.679      -3.677
       0.935      -4.862
       4.250      -6.054
      -2.711      -3.712
      -0.043      -0.091
       1.041      -3.541
       0.070      -2.489
       0.749      -0.982
      -3.768      -7.143
       0.834      -0.098
       1.197      -4.925
       3.302      -1.382
      -0.892      -1.311
       1.420      -0.556
      -3.562      -0.331
      -3.881      -7.991
       1.505      -4.694
      -2.381      -6.185
       2.088      -0.606
      -1.304      -0.873
       0.050      -7.071
      -2.189      -3.889
      -1.108      -3.822
      -0.475      -0.330
      -0.601      -7.575
       2.091      -2.007
      -1.123      -6.128
       0.622      -2.594
       1.978      -0.705
       2.361      -2.284
      -1.090      -0.790
       3.463      -7.215
      -2.752      -6.859
      -2.912      -2.902
       0.310      -6.234
       1.794      -0.094
       3.415      -4.312
       2.032      -3.065
       1.671      -0.279
       3.791      -7.615
       3.896      -2.643
      -2.049      -0.616
      -0.103      -1.529
      -0.059      -1.010
      -0.446      -5.954
      -2.109      -7.675
      -2.067      -0.330
       2.220      -1.682
      -1.330      -2.415
       1.491      -5.758
      -0.760      -6.434
      -1.863      -4.092
       3.498      -5.237
       0.895      -7.481
       0.934      -4.499
      -3.114      -3.797
       0.699      -0.398
      -1.677      -0.689
      -2.854      -1.782
       0.704      -3.131
       2.228      -0.390
      -4.277      -7.700
       2.882      -1.716
      -0.942      -4.244
       1.660      -7.761
      -2.198      -2.713
      -0.827      -1.527
      -2.172      -0.812
       0.575      -0.644
       0.880      -2.731
      -1.798      -0.493
       4.291      -2.925
       4.265      -7.679
      -1.649      -2.323
       1.061      -5.271
      -4.273      -7.051
       1.592      -5.394
       3.965      -2.136
       1.787      -3.315
       2.794      -5.273
      -3.791      -6.872
       3.883      -7.990
       1.181      -3.144
      -1.772      -6.283
       0.434      -0.087
       1.305      -0.229
      -2.373      -2.335
       1.010      -0.380
       0.287      -1.142
      -2.916      -4.817
       0.931      -1.962
       0.719      -6.717
      -3.376      -7.373
      -2.374      -0.118
       4.234      -0.196
      -4.215      -0.250
       0.826      -7.226
      -1.318      -3.630
      -3.435      -2.370
      -0.410      -0.884
       1.433      -0.080
       0.140      -1.323
       1.933      -1.191
       2.422      -5.131
      -3.930      -2.004
       3.764      -2.905
       1.716      -2.807
      -1.775      -3.454
      -0.764      -0.572
       0.547      -4.408
      -0.544      -4.099
       1.567      -4.475
      -0.259      -2.496
      -1.401      -1.782
       2.319      -2.798
      -2.572      -3.286
      -2.283      -4.535
      -2.960      -7.250
       1.401      -1.041
       1.938      -3.437
       1.617      -3.453
      -1.429      -0.283
       0.081      -1.059
      -3.880      -5.546
      -3.611      -3.716
      -3.054      -3.137
       1.234      -1.447
       2.871      -4.281
       2.889      -3.207
      -0.461      -3.286
       1.670      -1.765
       3.945      -3.560
      -0.494      -2.672
      -4.290      -5.677
       1.810      -5.127
       0.484      -6.929
       3.809      -5.403
       2.647      -6.077
      -0.593      -5.307
      -0.532      -0.241
      -1.381      -0.510
       1.026      -7.037
       0.208      -1.939
      -1.439      -0.078
      -3.598      -4.491
       1.094      -1.389
       0.300      -0.625
       0.200      -0.099
      -0.149      -4.012
      -0.066      -0.882
      -1.750      -1.054
      -1.471      -3.273
       2.332      -7.496
       0.926      -0.433
      -1.698      -7.757
      -1.392      -4.674
       0.972      -2.572
       1.495      -3.076
       0.939      -1.796
       1.216      -1.912
      -1.686      -0.078
      -3.011      -6.974
      -0.635      -6.686
      -1.573      -0.620
       4.284      -0.704
      -1.313      -0.347
       1.478      -1.497
       0.164      -4.513
       2.467      -0.549
       2.033      -0.874
      -0.191      -5.252
       3.850      -1.116
       0.743      -3.460
       0.377      -4.148
      -0.541      -4.896
      -1.534      -3.470
       2.104      -1.413
       1.388      -7.330
      -0.544      -5.513
      -0.955      -7.998
      -1.124      -1.431
      -1.843      -1.468
       3.235      -5.056
       3.526      -6.519
       0.674      -5.424
       1.418      -6.183
      -2.128      -2.944
       0.442      -5.398
       2.914      -7.717
      -2.499      -4.177
      -2.171      -5.165
       1.191      -0.746
      -1.680      -6.541
       3.841      -3.142
      -0.818      -3.396
       0.131      -0.782
       0.326      -5.758
       1.259      -7.757
      -0.751      -4.394
      -1.978      -2.425
      -0.654      -3.734
       1.332      -3.018
      -1.230      -0.191
      -3.632      -0.911
       0.743      -1.235
       0.089      -0.234
      -4.265      -3.284
      -1.458      -5.148
       1.271      -1.625
      -0.145      -2.654
       4.218      -4.382
       1.372      -0.427
      -0.927      -1.049
      -0.101      -0.244
       0.466      -7.612
       4.271      -2.467
      -0.539      -6.254
      -0.345      -1.095
       2.108      -3.375
      -1.694      -0.285
       2.448      -3.237
      -3.472      -3.256
       3.961      -6.668
      -1.426      -2.933
      -0.305      -2.175
      -0.556      -0.438
       3.281      -4.522
       1.901      -3.636
      -2.454      -6.403
       1.134      -5.910
       0.186      -0.536
       1.364      -3.639
      -0.828      -0.231
       0.800      -1.722
      -1.822      -5.833
      -0.845      -5.331
       1.189      -0.076
       3.278      -4.778
       2.064      -0.075
      -1.561      -3.857
      -0.904      -7.723
       1.847      -3.110
      -1.273      -5.881
       1.961      -5.993
       0.031      -1.264
      -0.504      -0.654
      -2.040      -0.969
       2.249      -4.143
       4.277      -3.157
      -0.015      -1.772
      -3.522      -6.683
       2.557      -3.047
      -4.278      -4.217
       3.900      -4.284
      -0.221      -0.081
      -1.242      -1.496
       0.660      -1.798
      -2.278      -0.240
      -1.757      -2.137
       0.894      -4.334
      -0.707      -0.225
       0.445      -6.415
       3.522      -2.836
       2.022      -0.468
      -1.745      -3.791
      -2.906      -4.127
      -0.962      -7.341
       2.255      -4.743
       0.534      -1.220
      -2.664      -2.584
       1.949      -1.824
      -1.816      -0.372
      -0.025      -0.446
       3.867      -7.305
      -0.803      -5.963
      -0.311      -0.963
      -0.962      -1.593
      -1.680      -5.183
      -0.775      -3.240
      -1.903      -0.204
       0.505      -3.118
      -0.786      -1.088
       0.678      -0.761
      -0.970      -0.402
      -0.458      -3.000
       0.390      -3.241
       3.512      -1.803
       0.487      -8.069
       2.259      -1.841
       0.042      -0.085
       2.560      -4.516
      -0.662      -0.406
       0.343      -1.038
      -2.347      -3.797
       2.586      -2.107
      -1.090      -4.418
       1.703      -3.679
      -0.844      -2.021
      -3.757      -7.665
      -0.599      -1.872
      -1.562      -0.222
       1.251      -0.415
      -0.500      -1.675
       0.421      -2.163
      -2.712      -7.283
       3.318      -1.642
       0.943      -0.232
      -1.098      -2.530
      -1.200      -8.038
      -1.685      -3.166
      -1.231      -7.093
      -4.019      -3.431
       0.450      -3.392
       1.850      -0.250
      -1.303      -7.608
      -1.622      -1.320
      -3.815      -4.131
       3.113      -6.577
       2.578      -5.676
       1.426      -1.638
       2.841      -5.013
      -2.917      -3.882
      -3.078      -2.724
       0.658      -0.099
      -1.540      -1.435
      -0.559      -1.442
       0.791      -1.570
       1.191      -4.207
       0.639      -1.513
       1.973      -0.083
       1.881      -4.688
       3.002      -7.347
       3.046      -2.836
       2.649      -7.137
      -1.189      -3.502
      -3.710      -4.672
      -2.023      -4.827
      -0.306      -0.688
       1.864      -0.953
       3.732      -5.998
      -2.126      -0.226
       0.641      -1.978
       4.270      -5.587
      -2.281      -3.075
       1.094      -2.019
       2.075      -0.271
       1.642      -0.188
      -0.356      -2.056
      -3.952      -3.900
       2.214      -5.796
      -1.111      -1.848
       0.379      -0.518
       0.539      -4.104
      -2.024      -0.443
      -2.584      -7.063
      -2.003      -6.338
      -3.345      -5.484
      -1.162      -1.718
       0.941      -3.391
       1.780      -7.601
      -0.309      -0.068
      -0.956      -3.674
      -2.081      -6.567
       0.804      -0.749
       2.315      -0.500
      -0.545      -1.033
      -0.664      -2.486
      -2.478      -1.689
       2.199      -6.611
      -3.308      -3.099
       3.078      -1.284
      -1.904      -6.713
       2.101      -6.403
       0.653      -5.069
       0.426      -0.280
       0.186      -4.126
      -1.827      -2.538
       1.936      -2.447
       0.057      -1.929
      -1.930      -5.621
      -1.057      -1.287
       1.204      -1.272
       1.996      -5.809
       0.052      -6.136
       1.847      -4.121
      -0.187      -0.931
      -1.431      -4.089
      -0.607      -3.090
       0.791      -2.957
      -2.938      -3.639
       0.540      -0.780
       3.091      -3.345
      -2.974      -1.565
      -2.221      -1.005
      -0.665      -5.092
       1.035      -5.065
       3.042      -4.868
      -2.992      -6.704
       3.096      -1.546
       2.201      -1.031
       1.194      -0.621
      -0.801      -0.699
      -1.178      -6.850
      -1.425      -0.634
       3.041      -6.806
       1.203      -6.863
      -0.843      -2.179
      -3.133      -5.005
       0.939      -2.136
      -1.764      -1.690
       1.709      -0.514
       1.028      -3.803
       1.603      -3.220
       0.515      -1.451
       0.073      -0.497
      -2.867      -2.634
      -1.920      -0.493
       2.178      -0.498
      -0.609      -3.914
      -0.467      -1.533
       1.815      -1.687
      -2.025      -3.437
       0.070      -2.694
      -0.170      -7.196
      -2.207      -4.742
       0.210      -4.959
       3.444      -5.844
       0.947      -5.978
      -0.416      -0.448
      -2.101      -7.243
      -0.993      -5.894
       0.028      -3.416
       2.149      -7.248
       2.854      -2.430
      -1.337      -3.105
       1.921      -4.939
       0.818      -0.422
      -3.534      -5.925
       2.363      -3.024
      -1.416      -4.916
      -1.618      -1.168
       2.708      -4.071
       1.309      -2.624
       3.606      -4.070
       1.531      -0.965
       0.434      -0.378
      -3.609      -4.245
      -1.067      -0.391
      -3.590      -3.062
       0.009      -1.407
      -1.248      -1.827
      -0.628      -1.121
      -2.367      -2.079
       3.655      -2.677
      -3.629      -7.372
       0.754      -4.445
      -2.233      -6.397
      -2.725      -5.779
      -0.346      -4.503
      -3.697      -2.199
       1.331      -1.793
       3.658      -7.373
       0.627      -7.436
       3.618      -0.825
       2.890      -0.762
       2.373      -2.002
      -0.345      -2.326
      -1.228      -2.578
       0.914      -0.953
       2.331      -6.465
       0.436      -2.322
       2.770      -5.556
       0.213      -1.023
      -2.332      -4.033
       1.370      -4.524
       1.314      -0.328
       0.562      -3.517
      -2.847      -7.509
       0.464      -6.672
      -2.349      -1.547
      -0.851      -7.497
      -1.158      -0.903
      -0.542      -6.509
      -0.917      -4.413
       0.470      -5.594
       1.573      -6.317
      -0.740      -0.331
      -3.699      -1.221
       2.812      -7.442
      -1.560      -0.333
      -1.105      -3.637
       3.763      -1.965
       1.426      -5.526
       3.780      -6.482
       3.778      -5.123
       2.093      -3.565
       1.495      -7.582
      -3.771      -6.608
      -2.355      -2.883
       0.942      -1.630
      -0.401      -5.686
       0.536      -1.872
       2.464      -4.687
      -2.187      -0.328
      -1.536      -6.301
      -0.192      -0.293
      -0.477      -0.764
       1.951      -0.307
      -2.977      -4.354
       3.714      -3.374
      -0.835      -1.662
      -0.641      -2.645
      -3.808      -5.270
      -1.551      -7.567
       1.147      -3.354
      -1.587      -2.100
       1.559      -2.240
       1.505      -3.683
       1.576      -1.365
       2.866      -6.153
       0.798      -2.534
       0.329      -3.066
       2.268      -1.482
      -0.465      -1.970
      -2.898      -0.790
       0.186      -0.244
      -2.354      -5.299
       0.620      -1.108
       1.050      -0.261
      -1.731      -0.838
      -0.174      -3.827
      -0.196      -0.622
       1.558      -0.245
      -1.080      -5.378
      -0.417      -3.479
      -1.393      -1.475
      -1.600      -3.661
       2.576      -3.525
      -3.838      -3.645
      -1.857      -3.019
      -1.319      -0.243
      -1.812      -0.247
       1.849      -0.810
       0.627      -3.938
      -0.175      -3.057
       0.254      -0.754
       2.634      -1.175
       1.930      -2.889
      -1.922      -4.295
      -0.976      -2.871
      -0.327      -1.245
       1.772      -6.843
       2.387      -2.571
       3.906      -4.579
       2.271      -5.296
      -2.781      -3.145
       0.908      -0.695
       1.228      -0.933
      -1.693      -6.854
      -1.205      -2.204
       0.349      -4.557
      -1.910      -5.101
       0.155      -7.679
      -1.993      -1.332
       0.645      -0.244
       0.005      -5.371
      -0.078      -6.648
       0.874      -1.266
       2.192      -0.256
      -2.264      -0.643
       0.259      -1.645
       0.476      -2.718
       0.648      -4.862
      -0.640      -6.991
       0.920      -5.488
       0.062      -2.313
       0.253      -3.735
      -0.328      -2.701
      -0.941      -3.280
       2.482      -0.765
       2.600      -0.359
      -0.144      -1.682
       3.155      -4.303
       3.129      -3.850
      -3.954      -4.710
      -3.084      -6.198
       3.250      -5.339
       2.792      -2.930
       1.464      -0.706
       1.877      -2.051
       0.534      -6.209
      -0.865      -0.946
      -2.876      -2.047
      -0.428      -0.212
       1.961      -1.354
      -2.370      -7.735
      -1.085      -0.644
      -2.476      -6.845
       1.148      -2.967
       3.983      -6.024
       1.354      -4.097
      -2.468      -3.567
      -2.667      -4.838
       2.285      -3.950
       2.053      -4.550
      -0.248      -4.934
      -1.416      -5.698
       2.369      -7.742
       0.948      -6.469
      -0.749      -1.390
      -1.442      -0.918
      -1.937      -2.069
      -3.156      -5.572
       0.013      -0.760
       2.512      -6.934
      -3.939      -1.727
      -3.966      -2.668
       3.888      -1.385
       3.339      -2.281
      -1.017      -4.853
       1.442      -4.938
      -0.935      -0.212
      -1.961      -3.869
      -1.002      -4.029
      -4.020      -7.702
       1.012      -7.742
       0.623      -0.523
       1.184      -2.331
      -1.558      -4.508
      -3.285      -7.722
      -1.031      -6.388
       3.990      -7.002
      -2.293      -5.935
      -0.407      -7.777
       3.257      -7.764
       1.949      -0.567
      -3.969      -6.186
      -3.389      -3.810
      -2.192      -2.490
       2.439      -5.977
      -3.371      -2.661
       2.855      -1.991
      -1.520      -2.790
       0.290      -1.298
       0.854      -0.206
       1.822      -5.355
      -1.331      -1.191
      -1.687      -0.550
      -2.648      -1.136
       2.638      -5.076
      -4.013      -7.082
      -0.644      -0.518
       4.040      -7.734
       1.026      -0.486
      -0.017      -1.146
      -0.169      -4.187
      -0.766      -3.588
      -0.004      -0.203
       1.669      -2.637
       3.285      -2.897
       4.005      -3.777
       3.289      -6.414
       4.020      -2.381
      -3.208      -7.147
      -3.239      -3.325
      -0.975      -2.476
       2.002      -6.183
       1.877      -7.772
      -1.274      -0.453
       3.507      -6.966
      -3.436      -1.760
       0.433      -0.191
      -3.474      -4.695
       0.282      -7.131
       1.760      -0.203
      -4.061      -5.685
       4.042      -2.979
      -0.988      -1.928
       1.056      -4.681
      -3.889      -0.578
       1.799      -1.089
      -2.628      -6.259
       0.996      -4.194
       1.076      -7.292
       1.358      -1.516
      -1.117      -1.577
      -0.650      -6.028
       0.275      -0.504
       0.574      -5.236
       1.365      -5.944
       1.618      -1.903
      -2.669      -0.404
       2.132      -0.742
      -1.561      -5.330
      -1.134      -0.195
      -2.484      -4.428
      -1.914      -1.104
      -0.600      -4.258
      -0.429      -1.004
       1.977      -3.245
      -1.909      -7.779
      -2.007      -0.214
      -0.658      -4.668
       1.484      -0.450
      -0.207      -2.063
       4.025      -0.489
       4.040      -5.548
      -0.005      -4.597
      -4.044      -3.205
       3.516      -4.630
      -1.161      -7.819
       1.500      -2.911
      -2.806      -5.305
       1.060      -1.879
      -0.883      -0.482
      -2.002      -0.786
       0.317      -2.053
      -1.663      -3.321
      -4.039      -4.142
      -1.684      -1.458
      -1.173      -7.314
       0.803      -3.294
       0.496      -4.246
      -1.501      -2.438
      -0.614      -0.197
       3.202      -7.295
      -2.730      -4.010
      -1.897      -6.073
       1.186      -0.175
       3.260      -1.091
      -0.720      -5.480
       2.669      -1.608
       2.778      -4.480
       2.111      -1.805
       0.614      -2.164
      -0.565      -2.333
       0.462      -0.960
      -2.363      -3.267
       2.362      -4.321
      -1.556      -1.858
       1.403      -1.206
       0.086      -5.800
      -2.139      -1.728
       0.483      -7.842
       2.179      -2.199
      -2.602      -1.859
       0.777      -6.970
      -1.828      -4.774
       0.776      -0.856
       1.082      -2.728
       2.814      -6.534
      -0.147      -0.467
      -4.091      -2.277
       0.284      -3.388
       1.698      -4.625
       0.673      -1.655
       1.562      -7.111
      -0.673      -0.817
       1.421      -0.179
       1.771      -3.499
      -0.661      -1.727
      -1.181      -4.610
      -0.202      -1.417
       2.167      -6.870
      -0.549      -1.290
      -1.343      -3.448
      -0.374      -5.384
       1.247      -2.060
       3.044      -5.789
      -3.274      -6.479
       0.445      -0.638
       0.867      -3.608
       1.050      -0.815
       2.364      -5.627
       3.390      -3.514
      -1.260      -2.843
      -1.989      -2.770
       0.794      -1.878
       2.211      -4.984
       3.553      -1.533
      -2.717      -7.868
      -0.899      -1.176
      -2.576      -2.412
      -0.076      -2.496
      -1.720      -7.221
       1.404      -3.450
      -2.150      -6.801
      -2.447      -7.269
      -1.448      -0.172
       1.604      -1.606
       4.135      -4.171
       1.670      -0.719
       0.623      -5.887
       1.593      -4.243
       4.110      -4.919
       1.318      -5.220
       0.235      -2.476
       0.209      -6.467
       0.074      -2.988
      -1.679      -0.173
       1.115      -1.105
       3.210      -1.903
      -0.776      -0.143
      -3.159      -2.915
      -0.732      -1.961
      -3.291      -1.081
       1.718      -6.003
       1.107      -1.535
      -3.177      -2.218
       1.848      -3.853
       2.580      -2.341
      -1.248      -0.737
      -2.462      -0.862
      -0.264      -6.202
      -3.135      -4.061
       2.690      -7.917
      -0.411      -0.610
      -0.286      -0.167
       2.675      -3.230
       0.270      -5.247
       4.137      -7.388
      -3.514      -7.025
      -0.460      -7.291
       1.296      -0.524
      -2.241      -1.264
       4.125      -6.369
       4.065      -0.922
      -1.877      -6.498
      -1.364      -3.842
      -1.698      -3.978
       2.043      -0.175
      -2.464      -0.225
       0.587      -3.286
       0.063      -0.921
      -0.701      -7.892
       1.300      -6.526
       2.117      -2.667
      -0.602      -0.322
      -4.123      -6.701
       0.762      -1.412
      -1.361      -6.086
       2.297      -3.416
      -2.814      -7.080
      -2.191      -0.125
       3.465      -4.967
       2.484      -7.327
       1.129      -0.393
       2.937      -7.131
       1.210      -3.609
       1.190      -5.688
      -3.524      -3.503
      -3.586      -7.880
      -4.133      -1.206
       3.345      -0.478
       3.576      -7.865
      -0.892      -6.708
      -3.437      -5.226
      -0.521      -2.829
       0.979      -2.362
       4.143      -1.890
      -2.247      -5.621
      -0.230      -3.309
       1.351      -3.205
      -0.634      -3.371
      -0.354      -1.784
       1.454      -7.929
       3.532      -5.514
       3.560      -6.205
      -0.360      -4.009
      -1.067      -1.082
      -0.304      -0.821
       2.402      -0.180
      -1.847      -2.287
       1.770      -7.359
      -4.125      -5.014
      -1.176      -4.208
       0.308      -0.135
      -0.949      -0.775
       0.539      -2.946
       1.162      -6.183
      -0.423      -3.739
       0.045      -4.339
       4.096      -3.344
       0.739      -0.643
      -2.099      -3.185
       2.834      -3.781
      -1.430      -6.635
      -0.188      -3.576
      -0.392      -6.765
      -1.366      -2.010
       3.580      -3.072
      -3.629      -6.290
       1.951      -6.596
       3.147      -2.565
       0.427      -1.155
      -0.275      -0.409
       1.596      -3.958
       2.369      -1.232
      -4.191      -7.395
       1.493      -2.474
       0.059      -0.343
      -0.138      -0.151
      -3.132      -4.676
      -0.188      -5.903
      -2.663      -6.588
       0.726      -4.200
       1.612      -5.171
      -2.386      -4.972
      -3.596      -5.575
      -3.412      -0.683
       0.318      -5.992
       0.637      -2.395
       2.722      -5.866
      -2.644      -2.836
       1.738      -5.635
      -1.411      -0.398
       1.778      -0.350
      -0.699      -5.760
      -1.451      -7.921
       0.049      -1.607
      -3.316      -4.373
       1.313      -0.783
       0.069      -3.913
      -0.926      -5.113
      -3.051      -5.858
      -2.221      -4.307
       2.035      -1.585
       3.008      -5.158
       0.957      -0.135
       2.744      -4.765
      -0.961      -1.449
      -1.449      -7.002
       2.365      -0.372
       2.319      -3.682
      -0.463      -2.515
       0.693      -2.761
       3.699      -3.722
       0.633      -0.914
       0.166      -3.216
       0.809      -1.105
       0.550      -0.125
      -1.753      -1.953
       0.488      -1.655
       1.772      -2.258
       0.573      -0.387
       2.521      -2.837
      -1.532      -1.620
      -1.095      -3.099
       0.969      -3.147
      -2.176      -3.668
       0.290      -2.854
       1.892      -0.154
      -0.452      -2.164
      -0.654      -1.555
       3.205      -6.110
      -1.559      -0.773
      -2.738      -3.445
      -2.661      -1.511
       0.113      -0.143
      -0.006      -5.108
       0.350      -1.851
       0.360      -3.958
      -0.841      -3.830
      -0.129      -1.267
      -1.696      -0.405
      -0.046      -0.604
       1.787      -1.478
       0.479      -3.735
       2.964      -0.415
      -0.626      -0.666
      -4.143      -4.433
      -0.380      -3.128
      -0.747      -2.847
      -0.196      -7.535
      -2.144      -0.470
      -2.336      -0.430
       1.133      -4.424
      -0.129      -2.835
       0.032      -3.664
       4.163      -2.676
       1.693      -3.001
      -2.063      -5.376
       0.741      -0.149
      -0.138      -7.931
       0.328      -0.290
      -0.153      -0.770
       0.181      -6.833
       0.620      -1.316
       3.685      -2.344
      -4.206      -2.931
       1.313      -3.843
      -1.842      -0.664
       2.439      -0.999
       0.582      -4.622
      -1.165      -5.653
      -1.201      -5.100
       1.554      -0.116
      -0.851      -3.076
       0.193      -1.465
      -1.938      -0.333
      -1.055      -2.664
       0.132      -0.643
      -2.103      -2.255
      -3.701      -4.941
      -1.320      -0.114
      -1.578      -3.013
       2.098      -0.364
       3.655      -4.376
       0.399      -4.789
      -1.605      -0.975
       3.047      -7.978
       4.213      -6.734
      -3.668      -3.934
       1.598      -1.132
      -1.255      -1.346
       0.344      -7.410
       2.431      -1.713
      -1.655      -4.260
      -1.749      -2.785
      -0.968      -7.074
      -0.337      -0.302
       1.988      -1.044
      -4.192      -0.842
       0.909      -0.323
       0.394      -0.786
       1.135      -2.512
       2.291      -0.653
      -1.878      -3.636
       0.941      -1.439
      -1.604      -5.954
      -3.066      -7.964
       3.800      -5.737
      -0.428      -4.706
      -4.194      -3.621
       2.532      -3.857
      -1.280      -1.027
      -1.809      -0.117
       0.807      -3.814
       0.196      -0.405
      -1.536      -0.487
       0.663      -6.465
      -2.585      -5.497
       2.093      -4.285
       0.153      -1.181
       3.739      -4.838
      -0.880      -0.338
       0.791      -7.977
       0.452      -5.029
       2.998      -4.062
       1.701      -0.926
      -4.169      -5.394
      -1.900      -7.510
       3.041      -2.218
      -1.000      -2.282
      -1.015      -1.741
       2.676      -0.908
       0.835      -5.220
      -1.188      -0.323
       0.192      -0.871
       2.932      -1.062
      -0.201      -1.099
       2.163      -2.927
       2.072      -7.580
       2.560      -6.302
      -1.470      -1.293
       1.132      -1.729
      -1.432      -2.252
       0.817      -4.665
      -2.136      -4.973
       2.165      -2.413
       3.292      -4.065
       4.158      -5.293
      -1.972      -1.587
       0.816      -6.204
       3.564      -1.217
       2.182      -0.114
      -1.182      -3.320
       3.349      -3.220
      -3.658      -2.785
      -1.155      -1.994
       4.195      -1.551
       2.079      -3.798
       1.632      -6.585
       2.020      -5.197
      -0.757      -4.098
      -2.021      -4.557
      -0.543      -0.915
       2.110      -7.947
      -2.432      -2.621
       2.861      -3.468
       1.830      -4.403
       1.288      -4.714
      -4.198      -1.903
       0.886      -0.547
      -0.137      -1.889
      -4.206      -1.556
      -0.028      -2.102
      -1.781      -1.273
      -0.133      -5.583
       4.244      -4.631
      -0.856      -6.156
      -1.300      -1.638
       2.069      -5.525
       0.262      -2.236
      -0.332      -2.920
      -3.121      -7.455
       3.347      -6.721
       1.268      -1.109
      -2.127      -7.952
      -1.861      -3.256
      -0.469      -1.141
       1.174      -5.434
       2.670      -2.625
      -2.347      -1.826
      -2.526      -3.872
      -1.645      -5.591
      -3.138      -1.843
      -2.080      -4.085
      -3.261      -6.825
       1.053      -0.633
       1.442      -2.010
      -0.387      -4.265
       0.773      -0.294
      -1.015      -0.508
       1.866      -2.653
      -3.667      -1.569
      -3.202      -3.584
       2.131      -1.244
       1.438      -0.312
       1.604      -0.389
       2.544      -5.364
      -1.653      -4.974
       0.207      -7.998
       0.464      -2.522
       1.686      -0.102
       0.297      -4.333
      -0.656      -2.115
       1.304      -0.107
       1.889      -7.086
      -4.214      -6.343
       0.562      -7.176
      -4.199      -5.968
      -1.941      -0.106
      -1.038      -0.124
       0.985      -6.755
       0.514      -0.270
      -0.533      -0.122
       2.270      -0.847
       1.465      -6.840
       1.371      -1.369
      -3.880      -2.984
      -0.790      -2.360
      -2.863      -5.052
      -0.076      -6.390
       0.708      -5.627
       2.838      -1.387
       0.972      -2.904
      -1.149      -2.407
       1.770      -1.272
      -3.832      -5.887
      -1.367      -4.383
      -0.979      -3.492
      -0.070      -0.336
      -1.217      -4.006
      -2.916      -6.402
       4.158      -5.799
      -1.283      -6.339
      -2.824      -6.066
      -3.844      -4.415
       1.405      -0.887
      -0.521      -0.557
      -2.611      -2.167
       3.061      -3.070
      -1.563      -0.102
       3.042      -6.377
       2.062      -4.777
      -3.325      -6.107
       3.383      -3.805
      -2.717      -4.281
       0.886      -4.004
      -2.408      -1.104
       1.678      -2.067
      -3.303      -1.469
      -3.126      -0.368
       1.826      -0.625
       1.559      -0.564
      -1.961      -6.992
       3.031      -4.568
       0.374      -3.559
      -0.154      -2.279
       0.494      -0.511
       3.021      -5.472
      -0.142      -6.922
      -2.755      -4.566
      -2.901      -5.556
      -4.217      -7.959
      -1.076      -7.556
       1.188      -7.532
       2.615      -4.299
       0.202      -5.526
      -0.310      -6.480
      -0.758      -0.445
       0.720      -7.686
      -1.347      -5.433
      -2.420      -8.005
      -0.389      -1.413
      -0.010      -4.838
       2.153      -6.002
       1.781      -1.878
       1.123      -2.180
       0.140      -1.782
      -2.503      -3.072
      -3.688      -1.896
       1.132      -4.023
      -0.419      -5.124
      -0.699      -0.973
       0.796      -2.275
       1.143      -7.987
      -2.507      -0.628
      -1.461      -1.094
      -3.350      -8.013
      -2.469      -1.320
       2.406      -8.017
      -2.835      -2.358
      -2.460      -4.681
       1.032      -1.257
       4.179      -1.233
      -2.081      -1.141
      -2.138      -6.148
      -4.252      -2.597
      -3.386      -4.930
       0.813      -5.010
      -4.243      -0.522
      -2.063      -0.108
       1.086      -0.108
      -2.607      -5.156
       0.367      -1.481
      -0.777      -4.877
       3.861      -1.687
       0.748      -0.514
       4.229      -3.928
      -0.303      -1.582
       1.062      -0.973
      -0.923      -0.617
      -0.675      -0.108
       3.342      -8.019
      -0.370      -7.043
       2.628      -1.868
       3.711      -6.790
      -0.172      -4.419
       0.896      -0.816
      -0.455      -8.020
       0.916      -5.754
      -1.185      -0.100
      -2.261      -7.477
      -0.538      -4.469
       2.911      -2.681
       1.713      -2.456
       3.264      -5.598
      -2.550      -5.989
       2.684      -0.617
      -3.415      -4.082
       1.306      -2.828
       3.179      -0.777
      -0.746      -7.281
       0.184      -4.709
       3.245      -7.022
       2.524      -1.430
      -0.905      -4.615
      -2.562      -7.530
       3.713      -7.117
       3.662      -0.340
      -0.743      -1.229
      -1.947      -1.840
      -1.419      -2.611
      -2.361      -6.607
       2.492      -6.666
      -0.842      -2.624
       2.193      -3.193
       2.264      -6.229
       3.110      -3.606
      -1.400      -0.782
      -3.092      -5.297
      -2.988      -3.390
       1.555      -0.834
      -0.308      -1.932
       3.433      -2.589
      -3.710      -2.493
       0.457      -1.316
      -1.600      -4.735
      -3.888      -7.422
      -1.243      -0.586
      -0.400      -0.100
       0.964      -1.107
      -2.274      -7.036
       0.191      -3.548
      -0.808      -0.832
       1.986      -2.237
      -0.038      -3.197
      -1.886      -0.904
      -3.775      -3.308
       2.456      -4.114
       1.751      -7.986
       4.230      -3.636
       4.219      -7.965
       2.766      -6.852
      -4.240      -4.694
       0.487      -2.029
       4.228      -2.197
      -3.135      -2.501
      -1.414      -7.304
       0.778      -2.057
      -0.922      -5.587
      -3.409      -2.901
      -3.525      -7.607
       0.068      -7.345
      -2.142      -1.483
       1.154      -0.514
      -1.191      -1.189
      -2.953      -1.251
      -0.820      -1.841
       1.203      -0.295
       1.316      -0.653
      -1.622      -2.585
      -1.769      -7.995
      -2.049      -5.876
      -1.000      -2.101
       3.097      -7.525
       1.341      -2.235
      -1.229      -4.824
       4.265      -7.041
       1.510      -1.782
      -0.575      -3.592
       1.274      -7.099
       3.841      -6.228
       2.066      -4.033
       2.288      -4.524
      -2.029      -2.581
       0.314      -0.909
      -0.008      -4.106
       3.914      -4.009
      -0.293      -0.543
       1.686      -4.878
       2.459      -4.905
      -1.008      -0.923
       1.352      -4.322
      -2.239      -3.436
       0.150      -2.092
       2.590      -7.601
      -4.237      -3.939
      -1.172      -6.588
      -0.208      -4.666
      -0.885      -0.105
       3.426      -7.516
      -1.802      -5.364
       2.779      -2.209
      -1.144      -0.482
       2.369      -7.090
      -3.934      -1.449
      -3.329      -5.756
       0.322      -0.415
       1.881      -0.460
      -1.768      -4.506
       1.304      -2.440
      -1.032      -0.278
      -3.005      -7.701
      -3.938      -6.433
      -3.431      -2.049
       0.295      -2.661
       1.501      -2.717
      -2.149      -1.966
      -2.476      -5.756
      -3.910      -0.962
       3.492      -2.056
       1.825      -6.355
       0.679      -3.678
       0.935      -4.863
       4.249      -6.055
      -2.711      -3.713
      -0.043      -0.091
       1.041      -3.542
       0.069      -2.490
       0.750      -0.983
      -3.768      -7.145
       0.834      -0.098
       1.197      -4.925
       3.302      -1.381
      -0.893      -1.310
       1.420      -0.557
      -3.563      -0.330
      -3.881      -7.991
       1.506      -4.693
      -2.381      -6.186
       2.088      -0.605
      -1.304      -0.872
       0.049      -7.072
      -2.189      -3.890
      -1.108      -3.822
      -0.475      -0.329
      -0.600      -7.575
       2.090      -2.010
      -1.129      -6.125
       0.626      -2.595
       1.976      -0.706
       2.364      -2.286
      -1.086      -0.789
       3.464      -7.218
      -2.754      -6.864
      -2.912      -2.901
       0.310      -6.236
       1.794      -0.094
       3.412      -4.313
       2.030      -3.064
       1.672      -0.279
       3.794      -7.621
       3.895      -2.643
      -2.050      -0.615
      -0.102      -1.531
      -0.060      -1.012
      -0.445      -5.955
      -2.111      -7.674
      -2.067      -0.329
       2.219      -1.683
      -1.329      -2.415
       1.493      -5.756
      -0.761      -6.433
      -1.862      -4.093
       3.497      -5.237
       0.894      -7.481
       0.934      -4.499
      -3.114      -3.798
       0.698      -0.398
      -1.679      -0.688
      -2.854      -1.781
       0.704      -3.134
       2.227      -0.391
      -4.277      -7.699
       2.883      -1.717
      -0.942      -4.244
       1.660      -7.761
      -2.199      -2.712
      -0.827      -1.526
      -2.173      -0.811
       0.575      -0.644
       0.879      -2.732
      -1.798      -0.493
       4.290      -2.925
       4.265      -7.680
      -1.650      -2.323
       1.062      -5.270
      -4.273      -7.052
       1.596      -5.391
       3.965      -2.135
       1.787      -3.315
       2.795      -5.272
      -3.792      -6.873
       3.884      -7.991
       1.181      -3.145
      -1.772      -6.284
       0.435      -0.087
       1.304      -0.229
      -2.374      -2.335
       1.009      -0.380
       0.287      -1.142
      -2.916      -4.818
       0.931      -1.962
       0.718      -6.716
      -3.375      -7.373
      -2.374      -0.117
       4.233      -0.196
      -4.216      -0.250
       0.825      -7.226
      -1.318      -3.630
      -3.434      -2.369
      -0.410      -0.885
       1.433      -0.080
       0.140      -1.324
       1.933      -1.191
       2.422      -5.130
      -3.930      -2.005
       3.764      -2.905
       1.715      -2.808
      -1.775      -3.455
      -0.765      -0.571
       0.546      -4.409
      -0.544      -4.099
       1.566      -4.474
      -0.260      -2.495
      -1.399      -1.782
       2.319      -2.798
      -2.573      -3.288
      -2.282      -4.535
      -2.961      -7.251
       1.401      -1.041
       1.938      -3.438
       1.617      -3.452
      -1.429      -0.283
       0.080      -1.059
      -3.880      -5.544
      -3.611      -3.717
      -3.053      -3.137
       1.234      -1.447
       2.872      -4.282
       2.889      -3.210
      -0.461      -3.287
       1.670      -1.765
       3.945      -3.561
      -0.495      -2.670
      -4.290      -5.676
       1.812      -5.123
       0.484      -6.929
       3.808      -5.404
       2.650      -6.077
      -0.593      -5.308
      -0.532      -0.241
      -1.381      -0.511
       1.026      -7.036
       0.209      -1.939
      -1.440      -0.078
      -3.598      -4.491
       1.095      -1.388
       0.301      -0.626
       0.200      -0.100
      -0.149      -4.011
      -0.066      -0.882
      -1.751      -1.054
      -1.471      -3.273
       2.331      -7.496
       0.927      -0.433
      -1.697      -7.757
      -1.391      -4.673
       0.972      -2.572
       1.495      -3.076
       0.940      -1.795
       1.216      -1.911
      -1.686      -0.078
      -3.012      -6.975
      -0.635      -6.687
      -1.574      -0.620
       4.284      -0.703
      -1.314      -0.348
       1.479      -1.497
       0.164      -4.513
       2.467      -0.550
       2.033      -0.874
      -0.191      -5.254
       3.850      -1.114
       0.744      -3.462
       0.376      -4.148
      -0.541      -4.896
      -1.534      -3.470
       2.104      -1.414
       1.387      -7.330
      -0.542      -5.514
      -0.955      -7.998
      -1.124      -1.430
      -1.843      -1.466
       3.236      -5.055
       3.525      -6.521
       0.674      -5.425
       1.418      -6.182
      -2.130      -2.945
       0.443      -5.399
       2.913      -7.717
      -2.499      -4.177
      -2.171      -5.165
       1.190      -0.745
      -1.680      -6.541
       3.841      -3.143
      -0.817      -3.397
       0.132      -0.780
       0.326      -5.760
       1.259      -7.757
      -0.751      -4.395
      -1.978      -2.425
      -0.653      -3.736
       1.332      -3.018
      -1.231      -0.192
      -3.634      -0.908
       0.743      -1.236
       0.089      -0.234
      -4.265      -3.284
      -1.457      -5.148
       1.271      -1.625
      -0.145      -2.653
       4.218      -4.382
       1.372      -0.426
      -0.926      -1.049
      -0.100      -0.243
       0.465      -7.613
       4.271      -2.467
      -0.539      -6.253
      -0.345      -1.094
       2.106      -3.377
      -1.694      -0.285
       2.447      -3.238
      -3.472      -3.258
       3.961      -6.668
      -1.425      -2.932
      -0.305      -2.175
      -0.556      -0.437
       3.281      -4.522
       1.900      -3.637
      -2.454      -6.404
       1.134      -5.909
       0.186      -0.536
       1.364      -3.639
      -0.828      -0.232
       0.800      -1.721
      -1.823      -5.833
      -0.843      -5.329
       1.189      -0.076
       3.278      -4.778
       2.063      -0.075
      -1.561      -3.858
      -0.904      -7.723
       1.846      -3.110
      -1.275      -5.881
       1.961      -5.993
       0.031      -1.264
      -0.504      -0.654
      -2.041      -0.969
       2.248      -4.144
       4.277      -3.157
      -0.014      -1.773
      -3.522      -6.684
       2.556      -3.048
      -4.277      -4.216
       3.900      -4.285
      -0.221      -0.081
      -1.241      -1.496
       0.660      -1.798
      -2.278      -0.239
      -1.756      -2.138
       0.894      -4.335
      -0.707      -0.225
       0.445      -6.415
       3.522      -2.838
       2.022      -0.468
      -1.744      -3.792
      -2.907      -4.127
      -0.963      -7.341
       2.255      -4.742
       0.534      -1.221
      -2.664      -2.584
       1.950      -1.825
      -1.816      -0.372
      -0.025      -0.446
       3.868      -7.306
      -0.802      -5.962
      -0.311      -0.963
      -0.962      -1.594
      -1.680      -5.183
      -0.774      -3.241
      -1.903      -0.205
       0.506      -3.120
      -0.785      -1.088
       0.679      -0.761
      -0.971      -0.402
      -0.459      -2.998
       0.392      -3.242
       3.512      -1.802
       0.487      -8.069
       2.260      -1.842
       0.042      -0.085
       2.559      -4.515
      -0.662      -0.406
       0.343      -1.038
      -2.347      -3.798
       2.587      -2.107
      -1.090      -4.418
       1.702      -3.679
      -0.846      -2.020
      -3.756      -7.666
      -0.599      -1.872
      -1.562      -0.222
       1.250      -0.415
      -0.500      -1.675
       0.420      -2.164
      -2.712      -7.283
       3.319      -1.642
       0.942      -0.232
      -1.098      -2.530
      -1.198      -8.038
      -1.688      -3.167
      -1.233      -7.093
      -4.018      -3.433
       0.451      -3.393
       1.849      -0.249
      -1.302      -7.609
      -1.622      -1.320
      -3.815      -4.131
       3.115      -6.578
       2.577      -5.677
       1.426      -1.639
       2.842      -5.012
      -2.918      -3.882
      -3.079      -2.722
       0.658      -0.099
      -1.539      -1.435
      -0.560      -1.441
       0.792      -1.569
       1.190      -4.207
       0.640      -1.514
       1.973      -0.084
       1.882      -4.685
       3.003      -7.347
       3.045      -2.835
       2.651      -7.138
      -1.188      -3.502
      -3.711      -4.671
      -2.021      -4.827
      -0.307      -0.688
       1.864      -0.954
       3.729      -6.001
      -2.127      -0.225
       0.641      -1.978
       4.270      -5.587
      -2.281      -3.076
       1.095      -2.019
       2.075      -0.271
       1.642      -0.188
      -0.355      -2.056
      -3.951      -3.900
       2.214      -5.795
      -1.111      -1.849
       0.379      -0.519
       0.538      -4.105
      -2.024      -0.442
      -2.585      -7.065
      -2.003      -6.338
      -3.346      -5.482
      -1.162      -1.718
       0.941      -3.393
       1.780      -7.601
      -0.308      -0.068
      -0.956      -3.674
      -2.081      -6.567
       0.804      -0.749
       2.315      -0.501
      -0.545      -1.033
      -0.664      -2.486
      -2.478      -1.688
       2.199      -6.611
      -3.308      -3.098
       3.079      -1.284
      -1.905      -6.713
       2.101      -6.403
       0.653      -5.068
       0.426      -0.280
