         930
       10002       40003   2.59800363      -5.09456587               1
       10002       50004  0.659583688      -5.11420822               1
       10002       60005  0.264670968      -4.98744678               1
       10002       70006  0.133258209      -5.05892229               1
       10002       80007   7.71493018E-02  -4.75516605               1
       10002       90008   4.87188846E-02  -4.92477846               1
       10002      100009   3.26944925E-02  -4.75928783               1
       10002      110010   2.21646503E-02  -4.94885063               1
       10002      120011   1.48060536E-02  -5.23904514               1
       10002      130012   9.65894293E-03  -5.76855183               1
       10002      140013   6.37351535E-03  -6.50366354               1
       10002      150014   4.37869458E-03  -7.18144417               1
       10002      160015   3.12122237E-03  -7.78285599               1
       10002      170016   2.31315754E-03  -8.31578445               1
       10002      180017   1.76533882E-03  -8.56895447               1
       10002      190018   1.39767351E-03  -9.02287769               1
       10002      200019   1.15650729E-03  -9.13933086               1
       10002      210020   9.99871409E-04  -9.50490952               1
       10002      220021   8.91603762E-04  -9.59466839               1
       10002      230022   7.94770778E-04  -9.97229671               1
       10002      240023   7.11028115E-04  -10.1308756               1
       10002      250024   6.43638487E-04  -10.3471222               1
       10002      260025   5.82188484E-04  -10.4584055               1
       10002      270026   5.34539344E-04  -10.4205637               1
       10002      280027   4.89449478E-04  -10.4813776               1
       10002      290028   4.45867248E-04  -10.3815842               1
       10002      300029   4.06237203E-04  -10.5196037               1
       10002      310030   3.68167763E-04  -10.4457712               1
       10002      320031   3.31303105E-04  -10.5191336               1
       10002      330032   2.95273901E-04  -10.5227919               1
       20003       50004   2.59923196      -4.94570923               1
       20003       60005  0.658840060      -4.86551094               1
       20003       70006  0.266013741      -4.93771029               1
       20003       80007  0.135094345      -4.65098810               1
       20003       90008   7.82872736E-02  -4.81706429               1
       20003      100009   4.94576506E-02  -4.66083765               1
       20003      110010   3.20585519E-02  -4.85025024               1
       20003      120011   2.06612367E-02  -5.14524269               1
       20003      130012   1.30746067E-02  -5.68018103               1
       20003      140013   8.39651749E-03  -6.42596960               1
       20003      150014   5.63141098E-03  -7.12072086               1
       20003      160015   3.92942829E-03  -7.73826742               1
       20003      170016   2.85754586E-03  -8.29091167               1
       20003      180017   2.14359281E-03  -8.55970764               1
       20003      190018   1.66976883E-03  -9.03511047               1
       20003      200019   1.36012537E-03  -9.17579079               1
       20003      210020   1.15839066E-03  -9.57161427               1
       20003      220021   1.01903174E-03  -9.69363976               1
       20003      230022   8.97758990E-04  -10.1022081               1
       20003      240023   7.95027183E-04  -10.2921143               1
       20003      250024   7.13193323E-04  -10.5382719               1
       20003      260025   6.39772858E-04  -10.6825695               1
       20003      270026   5.82884066E-04  -10.6786709               1
       20003      280027   5.29856887E-04  -10.7765732               1
       20003      290028   4.79370530E-04  -10.7148018               1
       20003      300029   4.33878013E-04  -10.8945131               1
       20003      310030   3.90737521E-04  -10.8637743               1
       20003      320031   3.49457783E-04  -10.9810972               1
       20003      330032   3.09617521E-04  -11.0300207               1
       30004       20001   2.59757853      -5.09617138               1
       30004       60005   2.59942698      -5.01020241               1
       30004       70006  0.659833312      -5.05962706               1
       30004       80007  0.267733008      -4.78615618               1
       30004       90008  0.135857299      -4.93320704               1
       30004      100009   7.87460133E-02  -4.77640152               1
       30004      110010   4.80782315E-02  -4.95410204               1
       30004      120011   2.96001527E-02  -5.24531126               1
       30004      130012   1.80354454E-02  -5.77923489               1
       30004      140013   1.12030897E-02  -6.53236961               1
       30004      150014   7.29645975E-03  -7.24459982               1
       30004      160015   4.96110413E-03  -7.88094330               1
       30004      170016   3.52643756E-03  -8.45866108               1
       30004      180017   2.59150122E-03  -8.74918747               1
       30004      190018   1.98014011E-03  -9.25454235               1
       30004      200019   1.58340938E-03  -9.42961693               1
       30004      210020   1.32502802E-03  -9.86795044               1
       30004      220021   1.14724238E-03  -10.0353127               1
       30004      230022   9.96930292E-04  -10.4873886               1
       30004      240023   8.72405828E-04  -10.7209558               1
       30004      250024   7.74369459E-04  -11.0091162               1
       30004      260025   6.87930442E-04  -11.1994038               1
       30004      270026   6.21084298E-04  -11.2431316               1
       30004      280027   5.59766078E-04  -11.3929796               1
       30004      290028   5.02318901E-04  -11.3849897               1
       30004      300029   4.51069907E-04  -11.6238394               1
       30004      310030   4.03147598E-04  -11.6548109               1
       30004      320031   3.57890909E-04  -11.8359098               1
       30004      330032   3.14817880E-04  -11.9511766               1
       40005       20001  0.659161091      -5.12040901               1
       40005       30002   2.59907722      -4.94644213               1
       40005       70006   2.59044695      -5.17985821               1
       40005       80007  0.663201869      -4.96650219               1
       40005       90008  0.269598722      -5.10031939               1
       40005      100009  0.137276366      -4.94525337               1
       40005      110010   7.71725923E-02  -5.10427380               1
       40005      120011   4.48001735E-02  -5.38473511               1
       40005      130012   2.60581747E-02  -5.91085434               1
       40005      140013   1.55540090E-02  -6.66631889               1
       40005      150014   9.78453457E-03  -7.39405727               1
       40005      160015   6.45388383E-03  -8.04879093               1
       40005      170016   4.46779421E-03  -8.65311337               1
       40005      180017   3.20711685E-03  -8.96648979               1
       40005      190018   2.39826995E-03  -9.50284863               1
       40005      200019   1.87934039E-03  -9.71197319               1
       40005      210020   1.54320931E-03  -10.1908808               1
       40005      220021   1.31389336E-03  -10.4001160               1
       40005      230022   1.12554629E-03  -10.8910141               1
       40005      240023   9.72997746E-04  -11.1629343               1
       40005      250024   8.54437763E-04  -11.4874401               1
       40005      260025   7.51688145E-04  -11.7179279               1
       40005      270026   6.72528346E-04  -11.8034868               1
       40005      280027   6.01021457E-04  -11.9995461               1
       40005      290028   5.35042840E-04  -12.0397625               1
       40005      300029   4.76765883E-04  -12.3322802               1
       40005      310030   4.22986894E-04  -12.4198103               1
       40005      320031   3.72823182E-04  -12.6598864               1
       40005      330032   3.25695408E-04  -12.8371496               1
       50006       20001  0.264290541      -5.00467110               1
       50006       30002  0.658674896      -4.86956835               1
       50006       40003   2.59934855      -5.01075983               1
       50006       80007   2.60234094      -4.81659985               1
       50006       90008  0.666469932      -4.93424940               1
       50006      100009  0.272393525      -4.78071451               1
       50006      110010  0.135080278      -4.90613842               1
       50006      120011   7.22819790E-02  -5.16196871               1
       50006      130012   3.95970084E-02  -5.66713810               1
       50006      140013   2.24959981E-02  -6.41399288               1
       50006      150014   1.35656903E-02  -7.14995527               1
       50006      160015   8.62551667E-03  -7.81721878               1
       50006      170016   5.78436442E-03  -8.44409275               1
       50006      180017   4.03777882E-03  -8.77415943               1
       50006      190018   2.94389483E-03  -9.33320141               1
       50006      200019   2.25341297E-03  -9.56325150               1
       50006      210020   1.81076489E-03  -10.0644913               1
       50006      220021   1.51265133E-03  -10.2933149               1
       50006      230022   1.27522694E-03  -10.7984409               1
       50006      240023   1.08754332E-03  -11.0833349               1
       50006      250024   9.43797175E-04  -11.4181013               1
       50006      260025   8.21464462E-04  -11.6623583               1
       50006      270026   7.27718638E-04  -11.7627373               1
       50006      280027   6.44366606E-04  -11.9778528               1
       50006      290028   5.68651711E-04  -12.0386934               1
       50006      300029   5.02476818E-04  -12.3567724               1
       50006      310030   4.42232995E-04  -12.4725447               1
       50006      320031   3.86751781E-04  -12.7426138               1
       50006      330032   3.35320772E-04  -12.9527426               1
       60007       20001  0.132918254      -5.08924866               1
       60007       30002  0.265849054      -4.94699049               1
       60007       40003  0.659744859      -5.06174898               1
       60007       50004   2.59040523      -5.18019915               1
       60007       90008   2.60087919      -5.17986441               1
       60007      100009  0.671850085      -5.05021524               1
       60007      110010  0.269807249      -5.11645079               1
       60007      120011  0.127866820      -5.31734419               1
       60007      130012   6.45818412E-02  -5.77319765               1
       60007      140013   3.44612189E-02  -6.48782396               1
       60007      150014   1.97304972E-02  -7.21582413               1
       60007      160015   1.20004099E-02  -7.88524532               1
       60007      170016   7.74600683E-03  -8.53190899               1
       60007      180017   5.22999046E-03  -8.88017654               1
       60007      190018   3.70107172E-03  -9.46888542               1
       60007      200019   2.75701541E-03  -9.73022366               1
       60007      210020   2.16149539E-03  -10.2666731               1
       60007      220021   1.76758459E-03  -10.5282688               1
       60007      230022   1.46411371E-03  -11.0592995               1
       60007      240023   1.23045058E-03  -11.3676100               1
       60007      250024   1.05444889E-03  -11.7221508               1
       60007      260025   9.07505804E-04  -11.9896374               1
       60007      270026   7.95703789E-04  -12.1143818               1
       60007      280027   6.97886921E-04  -12.3583775               1
       60007      290028   6.10414136E-04  -12.4500265               1
       60007      300029   5.34794875E-04  -12.8045483               1
       60007      310030   4.66873578E-04  -12.9600334               1
       60007      320031   4.05105966E-04  -13.2723475               1
       60007      330032   3.48589761E-04  -13.5283422               1
       70008       20001   7.68420398E-02  -4.81087732               1
       70008       30002  0.134929031      -4.67313480               1
       70008       40003  0.267631620      -4.79393291               1
       70008       50004  0.663138628      -4.96898413               1
       70008       60005   2.60229731      -4.81694698               1
       70008      100009   2.58796906      -4.84100246               1
       70008      110010  0.669476509      -4.81993628               1
       70008      120011  0.259647846      -4.92849350               1
       70008      130012  0.116541676      -5.30186939               1
       70008      140013   5.72188646E-02  -5.95938587               1
       70008      150014   3.06927152E-02  -6.66427898               1
       70008      160015   1.76807363E-02  -7.32595348               1
       70008      170016   1.08967563E-02  -7.98849392               1
       70008      180017   7.06852321E-03  -8.35145569               1
       70008      190018   4.82755434E-03  -8.96601486               1
       70008      200019   3.48314643E-03  -9.24945927               1
       70008      210020   2.65423651E-03  -9.80376434               1
       70008      220021   2.11895141E-03  -10.0718975               1
       70008      230022   1.72142778E-03  -10.5954065               1
       70008      240023   1.42414321E-03  -10.8890486               1
       70008      250024   1.20449543E-03  -11.2214823               1
       70008      260025   1.02482806E-03  -11.4667978               1
       70008      270026   8.89392395E-04  -11.5669899               1
       70008      280027   7.72832835E-04  -11.7876873               1
       70008      290028   6.70212030E-04  -11.8546114               1
       70008      300029   5.82489127E-04  -12.1856108               1
       70008      310030   5.04714495E-04  -12.3172979               1
       70008      320031   4.34830843E-04  -12.6039324               1
       70008      330032   3.71656584E-04  -12.8339653               1
       80009       20001   4.84507456E-02  -5.00057268               1
       80009       30002   7.81307593E-02  -4.85038471               1
       80009       40003  0.135750279      -4.94665241               1
       80009       50004  0.269518942      -5.10566711               1
       80009       60005  0.666403115      -4.93541956               1
       80009       70006   2.60082436      -5.18014622               1
       80009      110010   2.59751916      -5.18133593               1
       80009      120011  0.660075307      -5.15977144               1
       80009      130012  0.244242370      -5.38813639               1
       80009      140013  0.106374174      -5.93314648               1
       80009      150014   5.23252748E-02  -6.57576513               1
       80009      160015   2.81363744E-02  -7.20175695               1
       80009      170016   1.63728148E-02  -7.86657906               1
       80009      180017   1.01093519E-02  -8.24055290               1
       80009      190018   6.60981610E-03  -8.89006996               1
       80009      200019   4.58695181E-03  -9.21459961               1
       80009      210020   3.37756518E-03  -9.81353664               1
       80009      220021   2.62061786E-03  -10.1172876               1
       80009      230022   2.08174018E-03  -10.6596613               1
       80009      240023   1.69213733E-03  -10.9621468               1
       80009      250024   1.41085440E-03  -11.2935867               1
       80009      260025   1.18599832E-03  -11.5369635               1
       80009      270026   1.01850706E-03  -11.6322575               1
       80009      280027   8.76874139E-04  -11.8488646               1
       80009      290028   7.54179375E-04  -11.9100504               1
       80009      300029   6.50539994E-04  -12.2364988               1
       80009      310030   5.59837034E-04  -12.3631525               1
       80009      320031   4.79286682E-04  -12.6430025               1
       80009      330032   4.07292449E-04  -12.8657227               1
       90010       20001   3.24690863E-02  -4.86729670               1
       90010       30002   4.93170284E-02  -4.71496916               1
       90010       40003   7.86401033E-02  -4.80251408               1
       90010       50004  0.137185708      -4.95817184               1
       90010       60005  0.272307068      -4.78529167               1
       90010       70006  0.671768129      -5.05207586               1
       90010       80007   2.58790374      -4.84121847               1
       90010      120011   2.60844302      -4.91271353               1
       90010      130012  0.645778894      -4.93623924               1
       90010      140013  0.232424676      -5.30437231               1
       90010      150014  0.101200767      -5.84149694               1
       90010      160015   4.97186407E-02  -6.40196991               1
       90010      170016   2.69099176E-02  -7.05492687               1
       90010      180017   1.56281572E-02  -7.43417883               1
       90010      190018   9.68123227E-03  -8.12305260               1
       90010      200019   6.40158355E-03  -8.49790764               1
       90010      210020   4.51763906E-03  -9.15082455               1
       90010      220021   3.38444393E-03  -9.49280548               1
       90010      230022   2.61676870E-03  -10.0455532               1
       90010      240023   2.08365615E-03  -10.3391171               1
       90010      250024   1.70953816E-03  -10.6439266               1
       90010      260025   1.41838915E-03  -10.8538771               1
       90010      270026   1.20481371E-03  -10.9073887               1
       90010      280027   1.02771109E-03  -11.0783854               1
       90010      290028   8.76934035E-04  -11.0878401               1
       90010      300029   7.51217187E-04  -11.3584700               1
       90010      310030   6.42634463E-04  -11.4244242               1
       90010      320031   5.47314412E-04  -11.6368351               1
       90010      330032   4.63021715E-04  -11.7869940               1
      100011       20001   2.20121369E-02  -5.07987547               1
      100011       30002   3.19694988E-02  -4.92012405               1
      100011       40003   4.80134040E-02  -4.99048710               1
      100011       50004   7.71154687E-02  -5.12418079               1
      100011       60005  0.135021791      -4.91453791               1
      100011       70006  0.269747257      -5.12077236               1
      100011       80007  0.669425309      -4.82083225               1
      100011       90008   2.59748721      -5.18160200               1
      100011      130012   2.61283278      -5.05433655               1
      100011      140013  0.634280801      -5.14376211               1
      100011      150014  0.228087187      -5.48867893               1
      100011      160015   9.88259763E-02  -5.91085196               1
      100011      170016   4.86672446E-02  -6.50062990               1
      100011      180017   2.61648260E-02  -6.84872580               1
      100011      190018   1.51517177E-02  -7.56078672               1
      100011      200019   9.42703895E-03  -7.99031067               1
      100011      210020   6.30009733E-03  -8.72249889               1
      100011      220021   4.50946856E-03  -9.14043999               1
      100011      230022   3.36567336E-03  -9.74082851               1
      100011      240023   2.60939519E-03  -10.0588322               1
      100011      250024   2.09728116E-03  -10.3652973               1
      100011      260025   1.71168870E-03  -10.5685720               1
      100011      270026   1.43436773E-03  -10.6056595               1
      100011      280027   1.20976451E-03  -10.7563496               1
      100011      290028   1.02245982E-03  -10.7393208               1
      100011      300029   8.68684612E-04  -10.9806175               1
      100011      310030   7.37893744E-04  -11.0131645               1
      100011      320031   6.24603766E-04  -11.1866341               1
      100011      330032   5.25634794E-04  -11.2940121               1
      110012       20001   1.47364680E-02  -5.38641977               1
      110012       30002   2.06408594E-02  -5.22728777               1
      110012       40003   2.95999255E-02  -5.29038000               1
      110012       50004   4.48068418E-02  -5.41144276               1
      110012       60005   7.22877234E-02  -5.17495728               1
      110012       70006  0.127869934      -5.32526827               1
      110012       80007  0.259654880      -4.93086720               1
      110012       90008  0.660093963      -5.16089153               1
      110012      100009   2.60848427      -4.91283083               1
      110012      140013   2.62453318      -4.92498112               1
      110012      150014  0.642142534      -5.00888491               1
      110012      160015  0.230040908      -5.22486496               1
      110012      170016   9.97901559E-02  -5.69815969               1
      110012      180017   4.86895368E-02  -5.97143078               1
      110012      190018   2.59731188E-02  -6.67765427               1
      110012      200019   1.50056956E-02  -7.15079880               1
      110012      210020   9.37293191E-03  -7.97393036               1
      110012      220021   6.33072341E-03  -8.49750996               1
      110012      230022   4.51416895E-03  -9.17718029               1
      110012      240023   3.38101084E-03  -9.54580688               1
      110012      250024   2.64680409E-03  -9.87103367               1
      110012      260025   2.11588573E-03  -10.0793142               1
      110012      270026   1.74366008E-03  -10.1063538               1
      110012      280027   1.45068520E-03  -10.2397432               1
      110012      290028   1.21232867E-03  -10.1960363               1
      110012      300029   1.02024584E-03  -10.4057188               1
      110012      310030   8.59770167E-04  -10.4007044               1
      110012      320031   7.22882396E-04  -10.5294056               1
      110012      330032   6.04920322E-04  -10.5870266               1
      120013       20001   9.65574477E-03  -5.91458941               1
      120013       30002   1.31127238E-02  -5.76089287               1
      120013       40003   1.80952307E-02  -5.82289648               1
      120013       50004   2.61299424E-02  -5.93746758               1
      120013       60005   3.96743193E-02  -5.68098927               1
      120013       70006   6.46615922E-02  -5.78321123               1
      120013       80007  0.116626434      -5.30543852               1
      120013       90008  0.244335890      -5.39046812               1
      120013      100009  0.645888746      -4.93668175               1
      120013      110010   2.61293507      -5.05442238               1
      120013      150014   2.62393832      -5.02302980               1
      120013      160015  0.646487236      -4.92580652               1
      120013      170016  0.233088493      -5.19766903               1
      120013      180017  0.100508906      -5.31696653               1
      120013      190018   4.86639813E-02  -5.94441128               1
      120013      200019   2.58347690E-02  -6.39824820               1
      120013      210020   1.49335349E-02  -7.26924038               1
      120013      220021   9.41953808E-03  -7.88516855               1
      120013      230022   6.35537133E-03  -8.65191364               1
      120013      240023   4.56226384E-03  -9.08831120               1
      120013      250024   3.45765008E-03  -9.44896984               1
      120013      260025   2.69509992E-03  -9.67841434               1
      120013      270026   2.17671669E-03  -9.70924950               1
      120013      280027   1.78199797E-03  -9.83783150               1
      120013      290028   1.46990025E-03  -9.77826786               1
      120013      300029   1.22378219E-03  -9.96652126               1
      120013      310030   1.02229905E-03  -9.93338776               1
      120013      320031   8.53360922E-04  -10.0263481               1
      120013      330032   7.09942658E-04  -10.0431232               1
      130014       20001   6.39733952E-03  -6.62865257               1
      130014       30002   8.45634751E-03  -6.48721981               1
      130014       40003   1.12867355E-02  -6.55808496               1
      130014       50004   1.56547185E-02  -6.67876816               1
      130014       60005   2.26089843E-02  -6.41849184               1
      130014       70006   3.45828868E-02  -6.49321556               1
      130014       80007   5.73490337E-02  -5.96053982               1
      130014       90008  0.106513530      -5.93528223               1
      130014      100009  0.232577607      -5.30467939               1
      130014      110010  0.634426475      -5.14388895               1
      130014      120011   2.62464571      -4.92496681               1
      130014      160015   2.63783646      -4.98837662               1
      130014      170016  0.657336533      -5.00513649               1
      130014      180017  0.236806884      -4.91557598               1
      130014      190018  0.101592675      -5.40500355               1
      130014      200019   4.89606410E-02  -5.77774906               1
      130014      210020   2.59856414E-02  -6.63710070               1
      130014      220021   1.51941432E-02  -7.30530357               1
      130014      230022   9.62879695E-03  -8.14302826               1
      130014      240023   6.58205897E-03  -8.64816570               1
      130014      250024   4.80448734E-03  -9.05103588               1
      130014      260025   3.63744004E-03  -9.31109619               1
      130014      270026   2.87145446E-03  -9.35461712               1
      130014      280027   2.30908208E-03  -9.48651791               1
      130014      290028   1.87815249E-03  -9.41789532               1
      130014      300029   1.54641352E-03  -9.59060287               1
      130014      310030   1.28073094E-03  -9.53442097               1
      130014      320031   1.06198178E-03  -9.59639072               1
      130014      330032   8.79093132E-04  -9.57694912               1
      140015       20001   4.39644465E-03  -7.28174591               1
      140015       30002   5.68030402E-03  -7.15615797               1
      140015       40003   7.36972969E-03  -7.24336338               1
      140015       50004   9.87742282E-03  -7.38195324               1
      140015       60005   1.36750648E-02  -7.13584232               1
      140015       70006   1.98529921E-02  -7.20888948               1
      140015       80007   3.08266487E-02  -6.65800190               1
      140015       90008   5.24695404E-02  -6.57491159               1
      140015      100009  0.101357564      -5.84034538               1
      140015      110010  0.228239402      -5.48843241               1
      140015      120011  0.642268538      -5.00871849               1
      140015      130012   2.62401319      -5.02297163               1
      140015      170016   2.62456012      -5.08633661               1
      140015      180017  0.658856809      -4.72243643               1
      140015      190018  0.237175956      -5.01432896               1
      140015      200019  0.101427630      -5.24579382               1
      140015      210020   4.88873497E-02  -6.02763176               1
      140015      220021   2.63123121E-02  -6.68981457               1
      140015      230022   1.55661078E-02  -7.55920076               1
      140015      240023   1.00759985E-02  -8.11410332               1
      140015      250024   7.04957824E-03  -8.55169487               1
      140015      260025   5.16369333E-03  -8.84194946               1
      140015      270026   3.97198135E-03  -8.90026665               1
      140015      280027   3.13024176E-03  -9.03905392               1
      140015      290028   2.50650756E-03  -8.96503353               1
      140015      300029   2.03871774E-03  -9.12616444               1
      140015      310030   1.67280086E-03  -9.05101109               1
      140015      320031   1.37733785E-03  -9.08636093               1
      140015      330032   1.13427662E-03  -9.03564548               1
      150016       20001   3.11472872E-03  -7.87061644               1
      150016       30002   3.94949084E-03  -7.75447559               1
      150016       40003   5.00502717E-03  -7.85357380               1
      150016       50004   6.51826011E-03  -8.00827789               1
      150016       60005   8.70875362E-03  -7.77894974               1
      150016       70006   1.20997326E-02  -7.85933304               1
      150016       80007   1.77937392E-02  -7.30706072               1
      150016       90008   2.82609798E-02  -7.19406986               1
      150016      100009   4.98555191E-02  -6.39708471               1
      150016      110010   9.89618450E-02  -5.90918350               1
      150016      120011  0.230158702      -5.22410297               1
      150016      130012  0.646565080      -4.92550802               1
      150016      140013   2.63787580      -4.98832703               1
      150016      180017   2.61938596      -4.93511009               1
      150016      190018  0.656859338      -4.96322870               1
      150016      200019  0.235114068      -4.99464893               1
      150016      210020  0.100247383      -5.63301754               1
      150016      220021   4.89386022E-02  -6.22682047               1
      150016      230022   2.67558340E-02  -7.07819271               1
      150016      240023   1.62695311E-02  -7.65290976               1
      150016      250024   1.08374003E-02  -8.10912895               1
      150016      260025   7.63656804E-03  -8.42446899               1
      150016      270026   5.69629204E-03  -8.49815178               1
      150016      280027   4.38187271E-03  -8.64879704               1
      150016      290028   3.44290584E-03  -8.57630539               1
      150016      300029   2.75880983E-03  -8.73505020               1
      150016      310030   2.23759376E-03  -8.65140343               1
      150016      320031   1.82589784E-03  -8.67153263               1
      150016      330032   1.49344420E-03  -8.60204887               1
      160017       20001   2.27344618E-03  -8.41959476               1
      160017       30002   2.84008356E-03  -8.30836391               1
      160017       40003   3.53162223E-03  -8.41701508               1
      160017       50004   4.49306984E-03  -8.58848000               1
      160017       60005   5.82946651E-03  -8.38167572               1
      160017       70006   7.80883292E-03  -8.48312092               1
      160017       80007   1.09745702E-02  -7.95301723               1
      160017       90008   1.64630115E-02  -7.84785509               1
      160017      100009   2.70119868E-02  -7.04331923               1
      160017      110010   4.87715155E-02  -6.49569321               1
      160017      120011   9.98837948E-02  -5.69582176               1
      160017      130012  0.233153120      -5.19669771               1
      160017      140013  0.657371342      -5.00489092               1
      160017      150014   2.62457418      -5.08628988               1
      160017      190018   2.62426400      -5.04394102               1
      160017      200019  0.651082754      -4.81418324               1
      160017      210020  0.231210440      -5.24895382               1
      160017      220021   9.94572565E-02  -5.72140265               1
      160017      230022   4.94056121E-02  -6.51085949               1
      160017      240023   2.79023927E-02  -7.07890940               1
      160017      250024   1.75442901E-02  -7.53947592               1
      160017      260025   1.18095344E-02  -7.87648869               1
      160017      270026   8.49132240E-03  -7.96765804               1
      160017      280027   6.34362269E-03  -8.13658524               1
      160017      290028   4.86997189E-03  -8.07338715               1
      160017      300029   3.83055652E-03  -8.23918056               1
      160017      310030   3.06175929E-03  -8.15692425               1
      160017      320031   2.46959436E-03  -8.17161846               1
      160017      330032   2.00161361E-03  -8.09340858               1
      170018       20001   1.68944139E-03  -8.72109127               1
      170018       30002   2.08623102E-03  -8.60549927               1
      170018       40003   2.55560782E-03  -8.71408558               1
      170018       50004   3.19072232E-03  -8.89248657               1
      170018       60005   4.04180400E-03  -8.69913769               1
      170018       70006   5.25302812E-03  -8.81555271               1
      170018       80007   7.10772630E-03  -8.30579090               1
      170018       90008   1.01618282E-02  -8.21466351               1
      170018      100009   1.56923756E-02  -7.41912508               1
      170018      110010   2.62341928E-02  -6.84259224               1
      170018      120011   4.87547070E-02  -5.96865988               1
      170018      130012  0.100554749      -5.31590223               1
      170018      140013  0.236830473      -4.91541719               1
      170018      150014  0.658863187      -4.72244024               1
      170018      160015   2.61938047      -4.93514156               1
      170018      200019   2.62253785      -4.97068834               1
      170018      210020  0.641993821      -5.08309269               1
      170018      220021  0.228474215      -5.34043169               1
      170018      230022   9.99499187E-02  -5.98437548               1
      170018      240023   5.14737815E-02  -6.48551559               1
      170018      250024   3.01839393E-02  -6.90722990               1
      170018      260025   1.92352217E-02  -7.23878002               1
      170018      270026   1.32340249E-02  -7.32999945               1
      170018      280027   9.54214390E-03  -7.50812197               1
      170018      290028   7.11978460E-03  -7.44963837               1
      170018      300029   5.47242956E-03  -7.62209225               1
      170018      310030   4.29418450E-03  -7.54318714               1
      170018      320031   3.41248629E-03  -7.55541897               1
      170018      330032   2.73300265E-03  -7.47257566               1
      180019       20001   1.28744124E-03  -9.29881096               1
      180019       30002   1.57520117E-03  -9.16630173               1
      180019       40003   1.90625177E-03  -9.26411343               1
      180019       50004   2.34343205E-03  -9.44126892               1
      180019       60005   2.91002053E-03  -9.25679684               1
      180019       70006   3.68732819E-03  -9.38938141               1
      180019       80007   4.83097835E-03  -8.90852356               1
      180019       90008   6.62720855E-03  -8.85166550               1
      180019      100009   9.70997103E-03  -8.10028267               1
      180019      110010   1.51875233E-02  -7.54958963               1
      180019      120011   2.60090940E-02  -6.67171383               1
      180019      130012   4.86874580E-02  -5.94173384               1
      180019      140013  0.101598464      -5.40429640               1
      180019      150014  0.237165228      -5.01416731               1
      180019      160015  0.656835020      -4.96328592               1
      180019      170016   2.62423444      -5.04396820               1
      180019      210020   2.62543893      -5.05564356               1
      180019      220021  0.637171209      -5.06493473               1
      180019      230022  0.229982331      -5.51805401               1
      180019      240023  0.104610205      -5.92059326               1
      180019      250024   5.61775044E-02  -6.28123903               1
      180019      260025   3.35033163E-02  -6.59720421               1
      180019      270026   2.18706410E-02  -6.68473291               1
      180019      280027   1.51166860E-02  -6.87427759               1
      180019      290028   1.09003559E-02  -6.82571173               1
      180019      300029   8.14747624E-03  -7.01325035               1
      180019      310030   6.25077495E-03  -6.94766188               1
      180019      320031   4.87687998E-03  -6.96771288               1
      180019      330032   3.84799647E-03  -6.89096642               1
      190020       20001   1.01843115E-03  -9.54232311               1
      190020       30002   1.23596482E-03  -9.39390659               1
      190020       40003   1.47985143E-03  -9.48166847               1
      190020       50004   1.79488887E-03  -9.65758705               1
      190020       60005   2.19075801E-03  -9.48145962               1
      190020       70006   2.71571544E-03  -9.63014698               1
      190020       80007   3.46001261E-03  -9.17957020               1
      190020       90008   4.57833661E-03  -9.16332722               1
      190020      100009   6.40361337E-03  -8.47145939               1
      190020      110010   9.43688862E-03  -7.97827673               1
      190020      120011   1.50177758E-02  -7.14549637               1
      190020      130012   2.58378536E-02  -6.39679050               1
      190020      140013   4.89469655E-02  -5.77840090               1
      190020      150014  0.101394564      -5.24658442               1
      190020      160015  0.235062048      -4.99535847               1
      190020      170016  0.651018202      -4.81450176               1
      190020      180017   2.62247109      -4.97074652               1
      190020      220021   2.61705065      -4.93448448               1
      190020      230022  0.638002455      -5.08588314               1
      190020      240023  0.239505813      -5.30799627               1
      190020      250024  0.114016041      -5.54366159               1
      190020      260025   6.25136867E-02  -5.80170727               1
      190020      270026   3.82997692E-02  -5.85450220               1
      190020      280027   2.51843520E-02  -6.03371906               1
      190020      290028   1.74466763E-02  -5.97919178               1
      190020      300029   1.26191340E-02  -6.17144108               1
      190020      310030   9.42656212E-03  -6.11277056               1
      190020      320031   7.19527295E-03  -6.13644743               1
      190020      330032   5.57650113E-03  -6.06366587               1
      200021       20001   8.44055379E-04  -10.1370792               1
      200021       30002   1.01600133E-03  -9.95741749               1
      200021       40003   1.20402593E-03  -10.0203762               1
      200021       50004   1.44208956E-03  -10.1812582               1
      200021       60005   1.73278421E-03  -10.0005360               1
      200021       70006   2.10643071E-03  -10.1539421               1
      200021       80007   2.61857663E-03  -9.72457600               1
      200021       90008   3.35709751E-03  -9.74500084               1
      200021      100009   4.50715376E-03  -9.11780453               1
      200021      110010   6.29745144E-03  -8.70553303               1
      200021      120011   9.37285740E-03  -7.96579123               1
      200021      130012   1.49253076E-02  -7.26631737               1
      200021      140013   2.59587392E-02  -6.63750648               1
      200021      150014   4.88354824E-02  -6.02860594               1
      200021      160015  0.100168422      -5.63416290               1
      200021      170016  0.231108606      -5.24950266               1
      200021      180017  0.641879022      -5.08318233               1
      200021      190018   2.62533474      -5.05567598               1
      200021      230022   2.60694337      -5.04574299               1
      200021      240023  0.653585851      -5.08268881               1
      200021      250024  0.256327927      -5.16189623               1
      200021      260025  0.124792948      -5.34161901               1
      200021      270026   7.04242960E-02  -5.34355831               1
      200021      280027   4.35718447E-02  -5.50089121               1
      200021      290028   2.87875813E-02  -5.43102598               1
      200021      300029   2.00386345E-02  -5.62190962               1
      200021      310030   1.45109063E-02  -5.56699610               1
      200021      320031   1.07966345E-02  -5.59293175               1
      200021      330032   8.19414947E-03  -5.52460480               1
      210022       20001   7.29350955E-04  -10.3817873               1
      210022       30002   8.70644930E-04  -10.1835260               1
      210022       40003   1.02149404E-03  -10.2325230               1
      210022       50004   1.20919244E-03  -10.3865147               1
      210022       60005   1.43258867E-03  -10.2063494               1
      210022       70006   1.71200954E-03  -10.3665276               1
      210022       80007   2.08402006E-03  -9.95690918               1
      210022       90008   2.60156626E-03  -10.0102472               1
      210022      100009   3.37486574E-03  -9.44299984               1
      210022      110010   4.50740056E-03  -9.11408138               1
      210022      120011   6.33068057E-03  -8.48711777               1
      210022      130012   9.41087306E-03  -7.88353395               1
      210022      140013   1.51640140E-02  -7.30893230               1
      210022      150014   2.62515470E-02  -6.69426250               1
      210022      160015   4.88430411E-02  -6.23089647               1
      210022      170016   9.93291959E-02  -5.72358561               1
      210022      180017  0.228322908      -5.34109259               1
      210022      190018  0.637020469      -5.06516600               1
      210022      200019   2.61693358      -4.93446541               1
      210022      240023   2.60570741      -4.98501873               1
      210022      250024  0.671879292      -4.86574125               1
      210022      260025  0.268272698      -4.93479490               1
      210022      270026  0.134256005      -4.86000347               1
      210022      280027   7.66024515E-02  -4.97711849               1
      210022      290028   4.77181859E-02  -4.87611103               1
      210022      300029   3.17323543E-02  -5.05276442               1
      210022      310030   2.21595354E-02  -4.99122286               1
      210022      320031   1.60070099E-02  -5.01048851               1
      210022      330032   1.18592065E-02  -4.93957901               1
      220023       20001   6.33246382E-04  -11.1013880               1
      220023       30002   7.50612642E-04  -10.8579178               1
      220023       40003   8.73324578E-04  -10.8661013               1
      220023       50004   1.02383655E-03  -10.9863739               1
      220023       60005   1.19915884E-03  -10.7791481               1
      220023       70006   1.41358608E-03  -10.9176760               1
      220023       80007   1.69245375E-03  -10.4969482               1
      220023       90008   2.06929911E-03  -10.5495930               1
      220023      100009   2.61378405E-03  -10.0039816               1
      220023      110010   3.37038492E-03  -9.71927929               1
      220023      120011   4.52106586E-03  -9.17148876               1
      220023      130012   6.35420624E-03  -8.65349960               1
      220023      140013   9.60555300E-03  -8.14975262               1
      220023      150014   1.55101148E-02  -7.56695795               1
      220023      160015   2.66620331E-02  -7.08520651               1
      220023      170016   4.92753126E-02  -6.51456738               1
      220023      180017   9.97920930E-02  -5.98521376               1
      220023      190018  0.229820788      -5.51803207               1
      220023      200019  0.637871981      -5.08541155               1
      220023      210020   2.60687542      -5.04563999               1
      220023      250024   2.59040260      -5.03740072               1
      220023      260025  0.668914914      -5.04808950               1
      220023      270026  0.272021502      -4.90640974               1
      220023      280027  0.137167037      -4.98375559               1
      220023      290028   7.87444636E-02  -4.84633636               1
      220023      300029   4.93654013E-02  -5.00278807               1
      220023      310030   3.29622924E-02  -4.92859840               1
      220023      320031   2.29785405E-02  -4.93480158               1
      220023      330032   1.65458228E-02  -4.85588598               1
      230024       20001   5.56964194E-04  -11.5327768               1
      230024       30002   6.55927754E-04  -11.2560549               1
      230024       40003   7.57446862E-04  -11.2339468               1
      230024       50004   8.80484818E-04  -11.3288155               1
      230024       60005   1.02119532E-03  -11.1004229               1
      230024       70006   1.19014306E-03  -11.2205391               1
      230024       80007   1.40582118E-03  -10.7880659               1
      230024       90008   1.69065176E-03  -10.8349953               1
      230024      100009   2.09155516E-03  -10.2989597               1
      230024      110010   2.62496551E-03  -10.0398855               1
      230024      120011   3.39868525E-03  -9.54684925               1
      230024      130012   4.57222899E-03  -9.09711742               1
      230024      140013   6.56986050E-03  -8.66279030               1
      230024      150014   1.00303954E-02  -8.13047123               1
      230024      160015   1.61853340E-02  -7.66762066               1
      230024      170016   2.77806632E-02  -7.08767366               1
      230024      180017   5.13236262E-02  -6.48844433               1
      230024      190018  0.104455434      -5.92083025               1
      230024      200019  0.239382640      -5.30664873               1
      230024      210020  0.653529227      -5.08210993               1
      230024      220021   2.60571837      -4.98479795               1
      230024      260025   2.57828116      -5.01524305               1
      230024      270026  0.666593134      -4.85156488               1
      230024      280027  0.270691097      -4.90584135               1
      230024      290028  0.136745170      -4.73631954               1
      230024      300029   7.87858143E-02  -4.87463760               1
      230024      310030   4.95469160E-02  -4.78848076               1
      230024      320031   3.30058187E-02  -4.78021336               1
      230024      330032   2.29396559E-02  -4.69231224               1
      240025       20001   5.04326483E-04  -12.0200396               1
      240025       30002   5.89759438E-04  -11.7131472               1
      240025       40003   6.75705378E-04  -11.6623688               1
      240025       50004   7.78788002E-04  -11.7317991               1
      240025       60005   8.94704368E-04  -11.4803085               1
      240025       70006   1.03167573E-03  -11.5778513               1
      240025       80007   1.20390870E-03  -11.1266022               1
      240025       90008   1.42717047E-03  -11.1571255               1
      240025      100009   1.73501403E-03  -10.6142092               1
      240025      110010   2.12993682E-03  -10.3573580               1
      240025      120011   2.68074055E-03  -9.88691711               1
      240025      130012   3.48320347E-03  -9.47156334               1
      240025      140013   4.80701216E-03  -9.07832241               1
      240025      150014   7.01763900E-03  -8.58039188               1
      240025      160015   1.07658636E-02  -8.13411617               1
      240025      170016   1.74341090E-02  -7.55488443               1
      240025      180017   3.00442278E-02  -6.91269541               1
      240025      190018   5.60316481E-02  -6.28103542               1
      240025      200019  0.113900907      -5.53994370               1
      240025      210020  0.256281555      -5.15956259               1
      240025      220021  0.671906769      -4.86441278               1
      240025      230022   2.59045172      -5.03716660               1
      240025      270026   2.58772469      -5.02187824               1
      240025      280027  0.663902462      -5.09366846               1
      240025      290028  0.268977523      -4.89759016               1
      240025      300029  0.135924891      -5.01380062               1
      240025      310030   7.84495696E-02  -4.90964270               1
      240025      320031   4.91672009E-02  -4.87820196               1
      240025      330032   3.26510221E-02  -4.77393198               1
      250026       20001   4.61153337E-04  -12.2977867               1
      250026       30002   5.35504252E-04  -11.9769144               1
      250026       40003   6.08852541E-04  -11.9124851               1
      250026       50004   6.96012110E-04  -11.9698181               1
      250026       60005   7.92483916E-04  -11.7070856               1
      250026       70006   9.04859393E-04  -11.7923746               1
      250026       80007   1.04437291E-03  -11.3308010               1
      250026       90008   1.22241501E-03  -11.3514299               1
      250026      100009   1.46384269E-03  -10.8049898               1
      250026      110010   1.76388980E-03  -10.5500975               1
      250026      120011   2.16863351E-03  -10.0966702               1
      250026      130012   2.73887999E-03  -9.70775318               1
      250026      140013   3.65775847E-03  -9.34875011               1
      250026      150014   5.14928019E-03  -8.88425732               1
      250026      160015   7.58250197E-03  -8.46266079               1
      250026      170016   1.17167132E-02  -7.90196371               1
      250026      180017   1.91125348E-02  -7.24946165               1
      250026      190018   3.33731659E-02  -6.59757280               1
      250026      200019   6.24125078E-02  -5.79493141               1
      250026      210020  0.124760687      -5.33612061               1
      250026      220021  0.268319041      -4.93085003               1
      250026      230022  0.668991804      -5.04680347               1
      250026      240023   2.57834578      -5.01494455               1
      250026      280027   2.58186769      -5.05089998               1
      250026      290028  0.659373343      -4.89313793               1
      250026      300029  0.266426206      -5.02126837               1
      250026      310030  0.134664282      -4.92118788               1
      250026      320031   7.73611069E-02  -4.87774515               1
      250026      330032   4.83277366E-02  -4.76599884               1
      260027       20001   4.37777780E-04  -12.1439915               1
      260027       30002   5.04184456E-04  -11.8428926               1
      260027       40003   5.68231917E-04  -11.7964363               1
      260027       50004   6.43684005E-04  -11.8703098               1
      260027       60005   7.25843245E-04  -11.6223822               1
      260027       70006   8.20244546E-04  -11.7185173               1
      260027       80007   9.36150667E-04  -11.2670097               1
      260027       90008   1.08206109E-03  -11.2952995               1
      260027      100009   1.27720158E-03  -10.7595024               1
      260027      110010   1.51271594E-03  -10.5165195               1
      260027      120011   1.82118698E-03  -10.0841608               1
      260027      130012   2.24373955E-03  -9.71994400               1
      260027      140013   2.91361334E-03  -9.38889790               1
      260027      150014   3.97819560E-03  -8.95056057               1
      260027      160015   5.66169899E-03  -8.54854488               1
      260027      170016   8.41650274E-03  -8.00485802               1
      260027      180017   1.31271053E-02  -7.34834194               1
      260027      190018   2.17522271E-02  -6.68726969               1
      260027      200019   3.82045619E-02  -5.84474850               1
      260027      210020   7.03925639E-02  -5.33380795               1
      260027      220021  0.134301588      -4.85178947               1
      260027      230022  0.272102684      -4.90282249               1
      260027      240023  0.666668952      -4.85016584               1
      260027      250024   2.58778071      -5.02167177               1
      260027      290028   2.58098769      -4.88381529               1
      260027      300029  0.659009039      -5.02956486               1
      260027      310030  0.266646445      -4.93876266               1
      260027      320031  0.134230137      -4.87763119               1
      260027      330032   7.69623592E-02  -4.75368977               1
      270028       20001   4.17905656E-04  -12.0736504               1
      270028       30002   4.77482332E-04  -11.7937689               1
      270028       40003   5.33616345E-04  -11.7668152               1
      270028       50004   5.99228253E-04  -11.8587313               1
      270028       60005   6.69527624E-04  -11.6270742               1
      270028       70006   7.49265368E-04  -11.7354631               1
      270028       80007   8.46227282E-04  -11.2951021               1
      270028       90008   9.66838270E-04  -11.3317490               1
      270028      100009   1.12629763E-03  -10.8062592               1
      270028      110010   1.31356320E-03  -10.5735617               1
      270028      120011   1.55244791E-03  -10.1582861               1
      270028      130012   1.87196652E-03  -9.81337738               1
      270028      140013   2.37328559E-03  -9.50448895               1
      270028      150014   3.15802149E-03  -9.08812046               1
      270028      160015   4.36851941E-03  -8.70490456               1
      270028      170016   6.28942577E-03  -8.18139172               1
      270028      180017   9.45430808E-03  -7.53147602               1
      270028      190018   1.50136603E-02  -6.87652063               1
      270028      200019   2.50982866E-02  -6.01796246               1
      270028      210020   4.35420349E-02  -5.48311281               1
      270028      220021   7.66462460E-02  -4.96069479               1
      270028      230022  0.137250423      -4.97473860               1
      270028      240023  0.270776838      -4.90116310               1
      270028      250024  0.663975418      -5.09225178               1
      270028      260025   2.58190823      -5.05064297               1
      270028      300029   2.58922720      -4.99795151               1
      270028      310030  0.658758521      -4.97470140               1
      270028      320031  0.265197039      -4.92646217               1
      270028      330032  0.133431047      -4.81091881               1
      280029       20001   3.98268108E-04  -11.6347990               1
      280029       30002   4.51712665E-04  -11.3909035               1
      280029       40003   5.00898343E-04  -11.3983307               1
      280029       50004   5.57981664E-04  -11.5226870               1
      280029       60005   6.18180900E-04  -11.3214207               1
      280029       70006   6.85633800E-04  -11.4559059               1
      280029       80007   7.66969984E-04  -11.0399876               1
      280029       90008   8.67081631E-04  -11.0979052               1
      280029      100009   9.98175004E-04  -10.5946302               1
      280029      110010   1.14820374E-03  -10.3829851               1
      280029      120011   1.33503415E-03  -9.99310493               1
      280029      130012   1.57988095E-03  -9.67285633               1
      280029      140013   1.96203613E-03  -9.38781929               1
      280029      150014   2.55422737E-03  -8.99229908               1
      280029      160015   3.44999274E-03  -8.62547112               1
      280029      170016   4.83648153E-03  -8.11906624               1
      280029      180017   7.05196848E-03  -7.47530460               1
      280029      190018   1.08143762E-02  -6.82689190               1
      280029      200019   1.73716526E-02  -5.95705891               1
      280029      210020   2.87608951E-02  -5.40394592               1
      280029      220021   4.77599949E-02  -4.84934664               1
      280029      230022   7.88291395E-02  -4.82950306               1
      280029      240023  0.136840820      -4.72605753               1
      280029      250024  0.269069672      -4.89333344               1
      280029      260025  0.659441650      -4.89173651               1
      280029      270026   2.58104682      -4.88351727               1
      280029      310030   2.59346223      -5.02830315               1
      280029      320031  0.654849231      -4.97424412               1
      280029      330032  0.264067411      -4.86097574               1
      290030       20001   3.81566409E-04  -11.5028019               1
      290030       30002   4.29733045E-04  -11.2868748               1
      290030       40003   4.72986576E-04  -11.3211164               1
      290030       50004   5.22859686E-04  -11.4709835               1
      290030       60005   5.74615784E-04  -11.2936802               1
      290030       70006   6.31923962E-04  -11.4483461               1
      290030       80007   7.00518140E-04  -11.0512218               1
      290030       90008   7.84149684E-04  -11.1249113               1
      290030      100009   8.92787299E-04  -10.6380701               1
      290030      110010   1.01400691E-03  -10.4412298               1
      290030      120011   1.16156915E-03  -10.0694323               1
      290030      130012   1.35154731E-03  -9.76625443               1
      290030      140013   1.64792675E-03  -9.49792576               1
      290030      150014   2.10456620E-03  -9.11757755               1
      290030      160015   2.78479327E-03  -8.76362705               1
      290030      170016   3.81652848E-03  -8.27298641               1
      290030      180017   5.42369718E-03  -7.63833952               1
      290030      190018   8.07793066E-03  -7.00224924               1
      290030      200019   1.25546744E-02  -6.13219929               1
      290030      210020   2.00141370E-02  -5.57444382               1
      290030      220021   3.17700282E-02  -5.00476789               1
      290030      230022   4.94478680E-02  -4.96824884               1
      290030      240023   7.88872764E-02  -4.85059834               1
      290030      250024  0.136032447      -5.00076437               1
      290030      260025  0.266520053      -5.01500320               1
      290030      270026  0.659100831      -5.02710295               1
      290030      280027   2.58930206      -4.99745607               1
      290030      320031   2.59079242      -5.02821493               1
      290030      330032  0.659426272      -4.97382402               1
      300031       20001   3.63670581E-04  -10.8938303               1
      300031       30002   4.06986655E-04  -10.7211075               1
      300031       40003   4.44944453E-04  -10.7978544               1
      300031       50004   4.88455873E-04  -10.9887886               1
      300031       60005   5.32898586E-04  -10.8511295               1
      300031       70006   5.81552915E-04  -11.0418596               1
      300031       80007   6.39416336E-04  -10.6794271               1
      300031       90008   7.09372107E-04  -10.7851419               1
      300031      100009   7.99648173E-04  -10.3309879               1
      300031      110010   8.97926046E-04  -10.1654444               1
      300031      120011   1.01502042E-03  -9.82767010               1
      300031      130012   1.16346800E-03  -9.55609894               1
      300031      140013   1.39591994E-03  -9.31611252               1
      300031      150014   1.75333244E-03  -8.95923424               1
      300031      160015   2.27960246E-03  -8.62400055               1
      300031      170016   3.06499586E-03  -8.15288353               1
      300031      180017   4.26316261E-03  -7.53144503               1
      300031      190018   6.19738596E-03  -6.91116905               1
      300031      200019   9.37371794E-03  -6.04658842               1
      300031      210020   1.44909248E-02  -5.49046659               1
      300031      220021   2.21961979E-02  -4.91368580               1
      300031      230022   3.30460072E-02  -4.86809731               1
      300031      240023   4.96584028E-02  -4.74283171               1
      300031      250024   7.85785466E-02  -4.88092518               1
      300031      260025  0.134792700      -4.90444231               1
      300031      270026  0.266784161      -4.93008804               1
      300031      280027  0.658889353      -4.97152710               1
      300031      290028   2.59356546      -5.02758074               1
      300031      330032   2.58334661      -4.99235773               1
      310032       20001   3.43982654E-04  -10.4170494               1
      310032       30002   3.82747443E-04  -10.2818289               1
      310032       40003   4.15896327E-04  -10.3957949               1
      310032       50004   4.53694956E-04  -10.6230240               1
      310032       60005   4.91697225E-04  -10.5207014               1
      310032       70006   5.32846141E-04  -10.7437782               1
      310032       80007   5.81512286E-04  -10.4126291               1
      310032       90008   6.39906502E-04  -10.5472975               1
      310032      100009   7.14861497E-04  -10.1226606               1
      310032      110010   7.94495631E-04  -9.98511600               1
      310032      120011   8.87436152E-04  -9.67732048               1
      310032      130012   1.00368017E-03  -9.43295383               1
      310032      140013   1.18708273E-03  -9.21661282               1
      310032      150014   1.46937545E-03  -8.87849617               1
      310032      160015   1.88145111E-03  -8.55741596               1
      310032      170016   2.48849159E-03  -8.10104370               1
      310032      180017   3.39875091E-03  -7.48909807               1
      310032      190018   4.84095747E-03  -6.88097286               1
      310032      200019   7.15779234E-03  -6.02037001               1
      310032      210020   1.07879266E-02  -5.46526146               1
      310032      220021   1.60523411E-02  -4.88227940               1
      310032      230022   2.30752602E-02  -4.82821178               1
      310032      240023   3.31409872E-02  -4.69448423               1
      310032      250024   4.93339114E-02  -4.81764126               1
      310032      260025   7.75440708E-02  -4.83711815               1
      310032      270026  0.134439096      -4.85240459               1
      310032      280027  0.265415937      -4.91367579               1
      310032      290028  0.655056953      -4.96906567               1
      310032      300029   2.59098935      -5.02718449               1
      320033       20001   3.22393375E-04  -9.66898918               1
      320033       30002   3.56846693E-04  -9.57917976               1
      320033       40003   3.85594467E-04  -9.73864937               1
      320033       50004   4.18221054E-04  -10.0105314               1
      320033       60005   4.50510444E-04  -9.95213890               1
      320033       70006   4.85104189E-04  -10.2165022               1
      320033       80007   5.25827229E-04  -9.92578411               1
      320033       90008   5.74366946E-04  -10.0990496               1
      320033      100009   6.36418641E-04  -9.71384430               1
      320033      110010   7.00772274E-04  -9.61475563               1
      320033      120011   7.74395303E-04  -9.34752560               1
      320033      130012   8.65406531E-04  -9.14073753               1
      320033      140013   1.01061445E-03  -8.95720768               1
      320033      150014   1.23496330E-03  -8.64522552               1
      320033      160015   1.56045810E-03  -8.34420395               1
      320033      170016   2.03508558E-03  -7.90698195               1
      320033      180017   2.73685367E-03  -7.30890131               1
      320033      190018   3.83195304E-03  -6.71650839               1
      320033      200019   5.55992452E-03  -5.86459160               1
      320033      210020   8.20640102E-03  -5.31551790               1
      320033      220021   1.19272415E-02  -4.73261786               1
      320033      230022   1.66728217E-02  -4.67691803               1
      320033      240023   2.31184736E-02  -4.54220533               1
      320033      250024   3.28789018E-02  -4.65966558               1
      320033      260025   4.85935062E-02  -4.68233204               1
      320033      270026   7.72788972E-02  -4.69580746               1
      320033      280027  0.133785918      -4.77594423               1
      320033      290028  0.264444381      -4.84258080               1
      320033      300029  0.659842312      -4.96726370               1
      320033      310030   2.58375645      -4.99083281               1
