         930
       10002       40003   2.60222793      -4.96791792               1
       10002       50004  0.665733278      -4.93202305               1
       10002       60005  0.268058240      -4.87022066               1
       10002       70006  0.136057884      -4.78734827               1
       10002       80007   8.00071210E-02  -4.63779640               1
       10002       90008   5.15547059E-02  -4.47440338               1
       10002      100009   3.53542604E-02  -4.31480742               1
       10002      110010   2.42746528E-02  -4.27286005               1
       10002      120011   1.61592253E-02  -4.58526373               1
       10002      130012   1.03255501E-02  -5.28087759               1
       10002      140013   6.67693466E-03  -6.19241095               1
       10002      150014   4.56265546E-03  -7.09928942               1
       10002      160015   3.29363439E-03  -7.89900827               1
       10002      170016   2.50815274E-03  -8.49564648               1
       10002      180017   1.98822445E-03  -8.89156055               1
       10002      190018   1.67470577E-03  -8.97731209               1
       10002      200019   1.51620712E-03  -8.74556446               1
       10002      210020   1.47217442E-03  -8.28726482               1
       10002      220021   1.47541822E-03  -7.87845516               1
       10002      230022   1.43519486E-03  -7.66580677               1
       10002      240023   1.35149446E-03  -7.56189060               1
       10002      250024   1.25070044E-03  -7.51063585               1
       10002      260025   1.13530108E-03  -7.40516138               1
       10002      270026   1.03925692E-03  -7.28717422               1
       10002      280027   9.48894885E-04  -7.16779709               1
       10002      290028   8.62821646E-04  -7.01115274               1
       10002      300029   7.89473474E-04  -6.90009928               1
       10002      310030   7.24479440E-04  -6.77690077               1
       10002      320031   6.67043962E-04  -6.69048452               1
       10002      330032   6.15564291E-04  -6.59959507               1
       20003       50004   2.59909177      -5.00107956               1
       20003       60005  0.661458611      -4.97065210               1
       20003       70006  0.267162859      -4.93020391               1
       20003       80007  0.136579573      -4.81953955               1
       20003       90008   8.02383795E-02  -4.68205786               1
       20003      100009   5.16518243E-02  -4.53194761               1
       20003      110010   3.39070484E-02  -4.48333788               1
       20003      120011   2.18109954E-02  -4.77862167               1
       20003      130012   1.35410046E-02  -5.45277691               1
       20003      140013   8.52980372E-03  -6.34610987               1
       20003      150014   5.68935042E-03  -7.24527836               1
       20003      160015   4.01674537E-03  -8.05062485               1
       20003      170016   2.99853343E-03  -8.66606236               1
       20003      180017   2.33393093E-03  -9.09196663               1
       20003      190018   1.93194766E-03  -9.21938801               1
       20003      200019   1.72025664E-03  -9.03683472               1
       20003      210020   1.64525886E-03  -8.62716579               1
       20003      220021   1.62864116E-03  -8.25650215               1
       20003      230022   1.56888866E-03  -8.07239056               1
       20003      240023   1.46557123E-03  -7.99150133               1
       20003      250024   1.34670187E-03  -7.96114016               1
       20003      260025   1.21438724E-03  -7.87607861               1
       20003      270026   1.10465195E-03  -7.77851868               1
       20003      280027   1.00257841E-03  -7.67956829               1
       20003      290028   9.06469068E-04  -7.54321718               1
       20003      300029   8.24835966E-04  -7.45263863               1
       20003      310030   7.52952299E-04  -7.34951925               1
       20003      320031   6.89707580E-04  -7.28287315               1
       20003      330032   6.33364660E-04  -7.21112871               1
       30004       20001   2.60187793      -4.96898556               1
       30004       60005   2.59410095      -5.03476286               1
       30004       70006  0.659699976      -5.00562191               1
       30004       80007  0.267593592      -4.92404747               1
       30004       90008  0.136728525      -4.81287432               1
       30004      100009   8.05127621E-02  -4.67379332               1
       30004      110010   4.97964099E-02  -4.61726046               1
       30004      120011   3.06714736E-02  -4.89188433               1
       30004      130012   1.83810405E-02  -5.54012060               1
       30004      140013   1.12198200E-02  -6.41092348               1
       30004      150014   7.27135548E-03  -7.29941940               1
       30004      160015   5.00128744E-03  -8.10919952               1
       30004      170016   3.64825712E-03  -8.74360466               1
       30004      180017   2.78121722E-03  -9.19976711               1
       30004      190018   2.25790474E-03  -9.36857033               1
       30004      200019   1.97419524E-03  -9.23404789               1
       30004      210020   1.85750006E-03  -8.87124538               1
       30004      220021   1.81453465E-03  -8.53658962               1
       30004      230022   1.72998593E-03  -8.37875366               1
       30004      240023   1.60247821E-03  -8.31867886               1
       30004      250024   1.46168575E-03  -8.30711937               1
       30004      260025   1.30908343E-03  -8.24047565               1
       30004      270026   1.18306605E-03  -8.16145802               1
       30004      280027   1.06716214E-03  -8.08120346               1
       30004      290028   9.59266734E-04  -7.96356773               1
       30004      300029   8.67965631E-04  -7.89200258               1
       30004      310030   7.88083242E-04  -7.80765676               1
       30004      320031   7.18130381E-04  -7.75959158               1
       30004      330032   6.56194403E-04  -7.70594120               1
       40005       20001  0.665286720      -4.93728352               1
       40005       30002   2.59888840      -5.00191164               1
       40005       70006   2.58376193      -5.03050423               1
       40005       80007  0.661553919      -4.96241617               1
       40005       90008  0.269204259      -4.88022137               1
       40005      100009  0.138795793      -4.75851250               1
       40005      110010   7.90654495E-02  -4.69570780               1
       40005      120011   4.60449904E-02  -4.94762754               1
       40005      130012   2.64200587E-02  -5.56675053               1
       40005      140013   1.55285606E-02  -6.41219091               1
       40005      150014   9.72574204E-03  -7.28910017               1
       40005      160015   6.48656068E-03  -8.10495472               1
       40005      170016   4.60597686E-03  -8.76200485               1
       40005      180017   3.42880329E-03  -9.25240898               1
       40005      190018   2.72389059E-03  -9.46567535               1
       40005      200019   2.33473955E-03  -9.38045502               1
       40005      210020   2.15859897E-03  -9.06399345               1
       40005      220021   2.07942282E-03  -8.76346207               1
       40005      230022   1.96140073E-03  -8.62932682               1
       40005      240023   1.80126121E-03  -8.58728886               1
       40005      250024   1.63086003E-03  -8.59171009               1
       40005      260025   1.45068846E-03  -8.54062748               1
       40005      270026   1.30266009E-03  -8.47727966               1
       40005      280027   1.16799399E-03  -8.41289806               1
       40005      290028   1.04399293E-03  -8.31122303               1
       40005      300029   9.39499994E-04  -8.25592995               1
       40005      310030   8.48657219E-04  -8.18771744               1
       40005      320031   7.69490725E-04  -8.15566063               1
       40005      330032   6.99819066E-04  -8.11765003               1
       50006       20001  0.267584801      -4.88458252               1
       50006       30002  0.661203802      -4.97466040               1
       50006       40003   2.59394574      -5.03536177               1
       50006       80007   2.60088420      -5.00311232               1
       50006       90008  0.664197743      -4.93947029               1
       50006      100009  0.273689479      -4.83340979               1
       50006      110010  0.137522429      -4.75679302               1
       50006      120011   7.40559772E-02  -4.97359324               1
       50006      130012   4.01565246E-02  -5.55076265               1
       50006      140013   2.25115865E-02  -6.35951138               1
       50006      150014   1.35165956E-02  -7.21720409               1
       50006      160015   8.67901277E-03  -8.03668404               1
       50006      170016   5.96202817E-03  -8.71923256               1
       50006      180017   4.31162072E-03  -9.24984550               1
       50006      190018   3.33731016E-03  -9.51485062               1
       50006      200019   2.79436004E-03  -9.48548222               1
       50006      210020   2.53165117E-03  -9.21996975               1
       50006      220021   2.40018871E-03  -8.95541000               1
       50006      230022   2.23684451E-03  -8.84484959               1
       50006      240023   2.03471608E-03  -8.81981564               1
       50006      250024   1.82732649E-03  -8.83890152               1
       50006      260025   1.61348213E-03  -8.80198860               1
       50006      270026   1.43884530E-03  -8.75293541               1
       50006      280027   1.28178182E-03  -8.70313263               1
       50006      290028   1.13878481E-03  -8.61621761               1
       50006      300029   1.01885444E-03  -8.57606602               1
       50006      310030   9.15297715E-04  -8.52294731               1
       50006      320031   8.25526775E-04  -8.50590420               1
       50006      330032   7.47025537E-04  -8.48261166               1
       60007       20001  0.135576189      -4.81618023               1
       60007       30002  0.266876757      -4.94103193               1
       60007       40003  0.659504354      -5.00857735               1
       60007       50004   2.58364487      -5.03096104               1
       60007       90008   2.60812140      -4.98083782               1
       60007      100009  0.671259820      -4.91450214               1
       60007      110010  0.272477239      -4.82009506               1
       60007      120011  0.130402327      -4.98254919               1
       60007      130012   6.54732436E-02  -5.49694061               1
       60007      140013   3.45547572E-02  -6.25077963               1
       60007      150014   1.96881015E-02  -7.07614374               1
       60007      160015   1.20616537E-02  -7.89334202               1
       60007      170016   7.95233157E-03  -8.60389042               1
       60007      180017   5.54886181E-03  -9.18336201               1
       60007      190018   4.16059326E-03  -9.51232815               1
       60007      200019   3.38693033E-03  -9.55112362               1
       60007      210020   2.99561420E-03  -9.34628582               1
       60007      220021   2.78773718E-03  -9.12290573               1
       60007      230022   2.56249751E-03  -9.03758335               1
       60007      240023   2.30615400E-03  -9.02946186               1
       60007      250024   2.05260143E-03  -9.06247044               1
       60007      260025   1.79781020E-03  -9.03876305               1
       60007      270026   1.59120897E-03  -9.00298500               1
       60007      280027   1.40762760E-03  -8.96679497               1
       60007      290028   1.24245160E-03  -8.89374447               1
       60007      300029   1.10465859E-03  -8.86790562               1
       60007      310030   9.86540108E-04  -8.82913494               1
       60007      320031   8.84732988E-04  -8.82640457               1
       60007      330032   7.96307402E-04  -8.81719685               1
       70008       20001   7.95308426E-02  -4.68673992               1
       70008       30002  0.136276126      -4.84188747               1
       70008       40003  0.267368227      -4.93252945               1
       70008       50004  0.661393166      -4.96486282               1
       70008       60005   2.60077643      -5.00352049               1
       70008      100009   2.59999180      -4.99545860               1
       70008      110010  0.671113670      -4.90777016               1
       70008      120011  0.263451874      -4.98245287               1
       70008      130012  0.118216254      -5.39402962               1
       70008      140013   5.75768836E-02  -6.05752611               1
       70008      150014   3.06953266E-02  -6.82265759               1
       70008      160015   1.77298356E-02  -7.61952639               1
       70008      170016   1.10997977E-02  -8.35318851               1
       70008      180017   7.40215275E-03  -8.98840427               1
       70008      190018   5.33183292E-03  -9.39676857               1
       70008      200019   4.19021770E-03  -9.52186966               1
       70008      210020   3.59799596E-03  -9.39302254               1
       70008      220021   3.27402190E-03  -9.21910477               1
       70008      230022   2.96121999E-03  -9.16135311               1
       70008      240023   2.63263122E-03  -9.16941261               1
       70008      250024   2.31980928E-03  -9.21438313               1
       70008      260025   2.01387098E-03  -9.20139122               1
       70008      270026   1.76790508E-03  -9.17615509               1
       70008      280027   1.55215070E-03  -9.15077972               1
       70008      290028   1.36043003E-03  -9.08880424               1
       70008      300029   1.20145967E-03  -9.07445335               1
       70008      310030   1.06624700E-03  -9.04725552               1
       70008      320031   9.50434536E-04  -9.05603886               1
       70008      330032   8.50564218E-04  -9.05816269               1
       80009       20001   5.11192679E-02  -4.54657221               1
       80009       30002   7.99524486E-02  -4.71976852               1
       80009       40003  0.136506826      -4.83051205               1
       80009       50004  0.269032121      -4.88729906               1
       80009       60005  0.664066613      -4.94167566               1
       80009       70006   2.60803151      -4.98123789               1
       80009      110010   2.60175419      -5.00738335               1
       80009      120011  0.662261546      -5.00943804               1
       80009      130012  0.246719614      -5.26556396               1
       80009      140013  0.107109092      -5.78602886               1
       80009      150014   5.23028597E-02  -6.44655895               1
       80009      160015   2.80186236E-02  -7.18965149               1
       80009      170016   1.64150875E-02  -7.93044090               1
       80009      180017   1.03217838E-02  -8.62519169               1
       80009      190018   7.05297897E-03  -9.13540077               1
       80009      200019   5.29127475E-03  -9.38016605               1
       80009      210020   4.37008264E-03  -9.36069775               1
       80009      220021   3.86268948E-03  -9.25866699               1
       80009      230022   3.42323165E-03  -9.23937225               1
       80009      240023   2.99839838E-03  -9.26790619               1
       80009      250024   2.61088484E-03  -9.32628632               1
       80009      260025   2.24323897E-03  -9.32427692               1
       80009      270026   1.95080147E-03  -9.30933666               1
       80009      280027   1.69799314E-03  -9.29434967               1
       80009      290028   1.47642323E-03  -9.24296856               1
       80009      300029   1.29400240E-03  -9.23963642               1
       80009      310030   1.14019366E-03  -9.22358513               1
       80009      320031   1.00938405E-03  -9.24346542               1
       80009      330032   8.97473888E-04  -9.25654888               1
       90010       20001   3.49862091E-02  -4.41034842               1
       90010       30002   5.14116138E-02  -4.58694220               1
       90010       40003   8.03243071E-02  -4.70342970               1
       90010       50004  0.138643622      -4.77313375               1
       90010       60005  0.273566753      -4.83970642               1
       90010       70006  0.671168029      -4.91661596               1
       90010       80007   2.59994340      -4.99584770               1
       90010      120011   2.58559227      -5.07832813               1
       90010      130012  0.647355437      -5.14317560               1
       90010      140013  0.234327555      -5.44856691               1
       90010      150014  0.101440847      -5.93781042               1
       90010      160015   4.93246540E-02  -6.56729937               1
       90010      170016   2.65621562E-02  -7.27161884               1
       90010      180017   1.54831326E-02  -8.00796127               1
       90010      190018   9.86634009E-03  -8.63481998               1
       90010      200019   6.94984477E-03  -9.04267979               1
       90010      210020   5.44049824E-03  -9.18805981               1
       90010      220021   4.62074392E-03  -9.20106220               1
       90010      230022   3.98518238E-03  -9.24353123               1
       90010      240023   3.42462165E-03  -9.30285549               1
       90010      250024   2.93863588E-03  -9.37884045               1
       90010      260025   2.49379338E-03  -9.38924885               1
       90010      270026   2.14488339E-03  -9.38469410               1
       90010      280027   1.84836006E-03  -9.37951374               1
       90010      290028   1.59252831E-03  -9.33778763               1
       90010      300029   1.38369249E-03  -9.34433556               1
       90010      310030   1.20935787E-03  -9.33820915               1
       90010      320031   1.06229435E-03  -9.36786366               1
       90010      330032   9.37590201E-04  -9.39057064               1
      100011       20001   2.40271743E-02  -4.38480330               1
      100011       30002   3.37683223E-02  -4.55198622               1
      100011       40003   4.97030616E-02  -4.65781260               1
      100011       50004   7.90036246E-02  -4.71846724               1
      100011       60005  0.137486428      -4.76860809               1
      100011       70006  0.272468030      -4.82540226               1
      100011       80007  0.671142220      -4.90951157               1
      100011       90008   2.60181165      -5.00768805               1
      100011      130012   2.56829190      -5.15121651               1
      100011      140013  0.637090087      -5.17663240               1
      100011      150014  0.230130166      -5.41877651               1
      100011      160015   9.86236408E-02  -5.85323668               1
      100011      170016   4.78474461E-02  -6.44091558               1
      100011      180017   2.53919698E-02  -7.15482998               1
      100011      190018   1.47945322E-02  -7.87246943               1
      100011      200019   9.57114249E-03  -8.47266960               1
      100011      210020   6.94359187E-03  -8.85932827               1
      100011      220021   5.56263933E-03  -9.06767178               1
      100011      230022   4.61106002E-03  -9.22539997               1
      100011      240023   3.85707291E-03  -9.34515476               1
      100011      250024   3.24441376E-03  -9.45574760               1
      100011      260025   2.70875799E-03  -9.48977566               1
      100011      270026   2.29681376E-03  -9.50408936               1
      100011      280027   1.95423840E-03  -9.51586056               1
      100011      290028   1.66435889E-03  -9.49028111               1
      100011      300029   1.43031334E-03  -9.51315022               1
      100011      310030   1.23731198E-03  -9.52337837               1
      100011      320031   1.07612333E-03  -9.56939983               1
      100011      330032   9.40892380E-04  -9.60848904               1
      110012       20001   1.60473380E-02  -4.69392300               1
      110012       30002   2.17932612E-02  -4.84614801               1
      110012       40003   3.06998920E-02  -4.93302584               1
      110012       50004   4.61096726E-02  -4.97200441               1
      110012       60005   7.41527528E-02  -4.98747635               1
      110012       70006  0.130531102      -4.98974657               1
      110012       80007  0.263620079      -4.98539686               1
      110012       90008  0.662458658      -5.01023006               1
      110012      100009   2.58579874      -5.07839775               1
      110012      140013   2.58432841      -5.13766861               1
      110012      150014  0.647707224      -5.10262060               1
      110012      160015  0.232111514      -5.28355837               1
      110012      170016   9.91998687E-02  -5.67077351               1
      110012      180017   4.72818874E-02  -6.26013899               1
      110012      190018   2.48435605E-02  -6.96991444               1
      110012      200019   1.44838719E-02  -7.71101236               1
      110012      210020   9.49868001E-03  -8.37267303               1
      110012      220021   7.00085424E-03  -8.86834049               1
      110012      230022   5.47446869E-03  -9.22548580               1
      110012      240023   4.40350547E-03  -9.46005249               1
      110012      250024   3.60209006E-03  -9.63877106               1
      110012      260025   2.94207525E-03  -9.71897888               1
      110012      270026   2.44874693E-03  -9.76908016               1
      110012      280027   2.05002865E-03  -9.81160259               1
      110012      290028   1.72084849E-03  -9.81421089               1
      110012      300029   1.45893230E-03  -9.86494637               1
      110012      310030   1.24622777E-03  -9.90277672               1
      110012      320031   1.07078813E-03  -9.97661209               1
      110012      330032   9.25476139E-04  -10.0438051               1
      120013       20001   1.03195850E-02  -5.35649776               1
      120013       30002   1.36186518E-02  -5.49398994               1
      120013       40003   1.85097214E-02  -5.56148195               1
      120013       50004   2.65948325E-02  -5.57721376               1
      120013       60005   4.03755046E-02  -5.55590153               1
      120013       70006   6.57359213E-02  -5.49936867               1
      120013       80007  0.118526682      -5.39471626               1
      120013       90008  0.247065187      -5.26542091               1
      120013      100009  0.647714138      -5.14284372               1
      120013      110010   2.56859016      -5.15105915               1
      120013      150014   2.59863114      -5.06979227               1
      120013      160015  0.652738690      -5.00798035               1
      120013      170016  0.234999314      -5.16138697               1
      120013      180017   9.93714556E-02  -5.54900360               1
      120013      190018   4.69685271E-02  -6.12618780               1
      120013      200019   2.45943144E-02  -6.85794687               1
      120013      210020   1.44131575E-02  -7.68619061               1
      120013      220021   9.58337355E-03  -8.46244717               1
      120013      230022   6.93517318E-03  -9.07027531               1
      120013      240023   5.28968871E-03  -9.46922302               1
      120013      250024   4.16873489E-03  -9.74946594               1
      120013      260025   3.30988574E-03  -9.89678288               1
      120013      270026   2.69211363E-03  -9.99553776               1
      120013      280027   2.21043522E-03  -10.0763912               1
      120013      290028   1.82455452E-03  -10.1112089               1
      120013      300029   1.52326748E-03  -10.1916494               1
      120013      310030   1.28305389E-03  -10.2574434               1
      120013      320031   1.08786859E-03  -10.3585062               1
      120013      330032   9.28549212E-04  -10.4527426               1
      130014       20001   6.71076821E-03  -6.21574926               1
      130014       30002   8.63804296E-03  -6.34060955               1
      130014       40003   1.13812806E-02  -6.39234257               1
      130014       50004   1.57416649E-02  -6.39016151               1
      130014       60005   2.27766484E-02  -6.34026575               1
      130014       70006   3.48718204E-02  -6.23663759               1
      130014       80007   5.79483956E-02  -6.04823589               1
      130014       90008  0.107522584      -5.78078413               1
      130014      100009  0.234761372      -5.44605589               1
      130014      110010  0.637477040      -5.17566538               1
      130014      120011   2.58460045      -5.13747406               1
      130014      160015   2.62956834      -4.99288130               1
      130014      170016  0.660464525      -4.94244289               1
      130014      180017  0.236719593      -5.11231375               1
      130014      190018   9.97388959E-02  -5.49355125               1
      130014      200019   4.70858552E-02  -6.08766651               1
      130014      210020   2.47670934E-02  -6.90305614               1
      130014      220021   1.47925187E-02  -7.81994438               1
      130014      230022   9.80211794E-03  -8.62695789               1
      130014      240023   7.01715006E-03  -9.18476295               1
      130014      250024   5.28900232E-03  -9.56904888               1
      130014      260025   4.06324118E-03  -9.78192806               1
      130014      270026   3.22098704E-03  -9.92158031               1
      130014      280027   2.59079644E-03  -10.0272541               1
      130014      290028   2.10273988E-03  -10.0757465               1
      130014      300029   1.73013541E-03  -10.1624784               1
      130014      310030   1.43905368E-03  -10.2290430               1
      130014      320031   1.20639382E-03  -10.3262472               1
      130014      330032   1.01932464E-03  -10.4134312               1
      140015       20001   4.58414666E-03  -7.09197378               1
      140015       30002   5.77615900E-03  -7.20435524               1
      140015       40003   7.40935700E-03  -7.24371004               1
      140015       50004   9.91456956E-03  -7.23104143               1
      140015       60005   1.37580056E-02  -7.16603994               1
      140015       70006   1.99829601E-02  -7.03640699               1
      140015       80007   3.10456418E-02  -6.79517078               1
      140015       90008   5.26981503E-02  -6.43031597               1
      140015      100009  0.101862200      -5.92989588               1
      140015      110010  0.230520055      -5.41565037               1
      140015      120011  0.648004591      -5.10176754               1
      140015      130012   2.59879780      -5.06965065               1
      140015      170016   2.61549854      -4.97204685               1
      140015      180017  0.659491301      -4.94507074               1
      140015      190018  0.236643776      -5.11529732               1
      140015      200019   9.98119041E-02  -5.51342201               1
      140015      210020   4.73198220E-02  -6.18970537               1
      140015      220021   2.54680943E-02  -7.08553886               1
      140015      230022   1.54013280E-02  -7.97598600               1
      140015      240023   1.02828164E-02  -8.63660717               1
      140015      250024   7.37066893E-03  -9.09894753               1
      140015      260025   5.45733189E-03  -9.36078739               1
      140015      270026   4.20657778E-03  -9.52555084               1
      140015      280027   3.31157027E-03  -9.63822269               1
      140015      290028   2.64333864E-03  -9.67955303               1
      140015      300029   2.14593695E-03  -9.74783897               1
      140015      310030   1.76580378E-03  -9.78720760               1
      140015      320031   1.46725797E-03  -9.84901142               1
      140015      330032   1.23083871E-03  -9.89475060               1
      150016       20001   3.27601749E-03  -7.93081427               1
      150016       30002   4.05568071E-03  -8.02731133               1
      150016       40003   5.08700544E-03  -8.05413818               1
      150016       50004   6.61858171E-03  -8.03522873               1
      150016       60005   8.85991938E-03  -7.96649265               1
      150016       70006   1.22930575E-02  -7.83204269               1
      150016       80007   1.80137549E-02  -7.57223225               1
      150016       90008   2.83472836E-02  -7.15846157               1
      150016      100009   4.96828742E-02  -6.55044985               1
      150016      110010   9.89648700E-02  -5.84597588               1
      150016      120011  0.232383862      -5.28127718               1
      150016      130012  0.652906060      -5.00741339               1
      150016      140013   2.62964416      -4.99279308               1
      150016      180017   2.61109614      -4.98323679               1
      150016      190018  0.658526063      -4.96505213               1
      150016      200019  0.235946447      -5.15129948               1
      150016      210020   9.94760767E-02  -5.62856007               1
      150016      220021   4.80797589E-02  -6.39308023               1
      150016      230022   2.64137518E-02  -7.25696802               1
      150016      240023   1.63321532E-02  -7.95157146               1
      150016      250024   1.10542225E-02  -8.45812130               1
      150016      260025   7.84117077E-03  -8.75327492               1
      150016      270026   5.84993931E-03  -8.93531227               1
      150016      280027   4.49233316E-03  -9.05009937               1
      150016      290028   3.51888663E-03  -9.08000946               1
      150016      300029   2.81491177E-03  -9.12514019               1
      150016      310030   2.29006261E-03  -9.13208675               1
      150016      320031   1.88592926E-03  -9.15273476               1
      150016      330032   1.57119881E-03  -9.15108204               1
      160017       20001   2.43930845E-03  -8.68143940               1
      160017       30002   2.97810882E-03  -8.75601101               1
      160017       40003   3.66914109E-03  -8.76661873               1
      160017       50004   4.66681411E-03  -8.74104691               1
      160017       60005   6.06578216E-03  -8.67420864               1
      160017       70006   8.10118951E-03  -8.55026150               1
      160017       80007   1.12959249E-02  -8.30248833               1
      160017       90008   1.66535378E-02  -7.89085674               1
      160017      100009   2.68317014E-02  -7.24667215               1
      160017      110010   4.81125675E-02  -6.42858362               1
      160017      120011   9.94184315E-02  -5.66638088               1
      160017      130012  0.235138804      -5.16009808               1
      160017      140013  0.660530388      -4.94214249               1
      160017      150014   2.61551952      -4.97201157               1
      160017      190018   2.61923409      -4.98826742               1
      160017      200019  0.655386150      -4.97486782               1
      160017      210020  0.233412534      -5.22583246               1
      160017      220021   9.94776413E-02  -5.78929090               1
      160017      230022   4.91596535E-02  -6.53608465               1
      160017      240023   2.79020369E-02  -7.19251299               1
      160017      250024   1.76838003E-02  -7.70100737               1
      160017      260025   1.19282613E-02  -8.00912285               1
      160017      270026   8.55865236E-03  -8.20093822               1
      160017      280027   6.37796475E-03  -8.31749916               1
      160017      290028   4.88266908E-03  -8.33929157               1
      160017      300029   3.83628067E-03  -8.36650944               1
      160017      310030   3.07797687E-03  -8.34739590               1
      160017      320031   2.50725634E-03  -8.33423805               1
      160017      330032   2.07125605E-03  -8.29348278               1
      170018       20001   1.86467229E-03  -9.37033081               1
      170018       30002   2.25182087E-03  -9.41481304               1
      170018       40003   2.73522106E-03  -9.40230656               1
      170018       50004   3.41641461E-03  -9.36483383               1
      170018       60005   4.33603022E-03  -9.29813099               1
      170018       70006   5.61277429E-03  -9.18941975               1
      170018       80007   7.50795240E-03  -8.97083855               1
      170018       90008   1.04672154E-02  -8.59919834               1
      170018      100009   1.56606399E-02  -7.98503923               1
      170018      110010   2.55762022E-02  -7.14029741               1
      170018      120011   4.74397950E-02  -6.25399208               1
      170018      130012   9.94741246E-02  -5.54701138               1
      170018      140013  0.236765340      -5.11183310               1
      170018      150014  0.659499466      -4.94503975               1
      170018      160015   2.61108541      -4.98326206               1
      170018      200019   2.60184669      -5.03538561               1
      170018      210020  0.649087131      -5.06303596               1
      170018      220021  0.231306583      -5.38002872               1
      170018      230022  0.100521475      -5.93532419               1
      170018      240023   5.16473614E-02  -6.48035049               1
      170018      250024   3.03284843E-02  -6.93807650               1
      170018      260025   1.92825552E-02  -7.22758150               1
      170018      270026   1.32038025E-02  -7.41315985               1
      170018      280027   9.48519446E-03  -7.52614450               1
      170018      290028   7.05770403E-03  -7.54114103               1
      170018      300029   5.42121334E-03  -7.55589390               1
      170018      310030   4.27335734E-03  -7.51874208               1
      170018      320031   3.43212858E-03  -7.48170662               1
      170018      330032   2.80380435E-03  -7.41321516               1
      180019       20001   1.49931130E-03  -9.85973740               1
      180019       30002   1.79284462E-03  -9.87496471               1
      180019       40003   2.15065363E-03  -9.84041977               1
      180019       50004   2.64452002E-03  -9.79221916               1
      180019       60005   3.28899035E-03  -9.72778320               1
      180019       70006   4.14632540E-03  -9.63923550               1
      180019       80007   5.35402773E-03  -9.46242905               1
      180019       90008   7.11154100E-03  -9.16022110               1
      180019      100009   9.95656382E-03  -8.63720512               1
      180019      110010   1.48995118E-02  -7.86632252               1
      180019      120011   2.49375980E-02  -6.96515656               1
      180019      130012   4.70253080E-02  -6.12436724               1
      180019      140013   9.97499079E-02  -5.49335766               1
      180019      150014  0.236619070      -5.11560726               1
      180019      160015  0.658478618      -4.96531057               1
      180019      170016   2.61917830      -4.98834515               1
      180019      210020   2.59506226      -5.08620167               1
      180019      220021  0.642525434      -5.13462687               1
      180019      230022  0.232682481      -5.44490957               1
      180019      240023  0.105676867      -5.81594515               1
      180019      250024   5.67366928E-02  -6.16989708               1
      180019      260025   3.37002985E-02  -6.40317678               1
      180019      270026   2.18678601E-02  -6.55842781               1
      180019      280027   1.50514329E-02  -6.65470743               1
      180019      290028   1.08284680E-02  -6.65785265               1
      180019      300029   8.09509307E-03  -6.66052103               1
      180019      310030   6.24553254E-03  -6.60943890               1
      180019      320031   4.92981076E-03  -6.55526781               1
      180019      330032   3.97178670E-03  -6.46767378               1
      190020       20001   1.29900652E-03  -10.0117884               1
      190020       30002   1.53662963E-03  -10.0147324               1
      190020       40003   1.81977672E-03  -9.97354698               1
      190020       50004   2.20389641E-03  -9.92782402               1
      190020       60005   2.69002398E-03  -9.87678623               1
      190020       70006   3.31217493E-03  -9.81786346               1
      190020       80007   4.14722553E-03  -9.69336128               1
      190020       90008   5.28140832E-03  -9.47914410               1
      190020      100009   6.97015459E-03  -9.09070015               1
      190020      110010   9.61087365E-03  -8.48755550               1
      190020      120011   1.45221865E-02  -7.71230125               1
      190020      130012   2.46057212E-02  -6.85765648               1
      190020      140013   4.70548309E-02  -6.08874750               1
      190020      150014   9.97393504E-02  -5.51498079               1
      190020      160015  0.235839456      -5.15244961               1
      190020      170016  0.655256271      -4.97537756               1
      190020      180017   2.60171151      -5.03551579               1
      190020      220021   2.57613921      -5.14212275               1
      190020      230022  0.640363812      -5.17234898               1
      190020      240023  0.242070481      -5.31819820               1
      190020      250024  0.115719914      -5.52182007               1
      190020      260025   6.33475631E-02  -5.66339827               1
      190020      270026   3.86342146E-02  -5.76272964               1
      190020      280027   2.53261216E-02  -5.82521057               1
      190020      290028   1.75315309E-02  -5.80657101               1
      190020      300029   1.27020963E-02  -5.79262257               1
      190020      310030   9.55719128E-03  -5.72729206               1
      190020      320031   7.39077432E-03  -5.65878439               1
      190020      330032   5.85644506E-03  -5.55717516               1
      200021       20001   1.23029179E-03  -9.75411987               1
      200021       30002   1.43707544E-03  -9.77181816               1
      200021       40003   1.67803478E-03  -9.74834156               1
      200021       50004   2.00055051E-03  -9.72588444               1
      200021       60005   2.39757146E-03  -9.70510197               1
      200021       70006   2.88848998E-03  -9.68794155               1
      200021       80007   3.51957907E-03  -9.62359047               1
      200021       90008   4.32245946E-03  -9.50351810               1
      200021      100009   5.42131253E-03  -9.26559544               1
      200021      110010   6.94564730E-03  -8.88783073               1
      200021      120011   9.50315036E-03  -8.37544537               1
      200021      130012   1.43932169E-02  -7.68509197               1
      200021      140013   2.46999301E-02  -6.90613985               1
      200021      150014   4.71973047E-02  -6.19457769               1
      200021      160015   9.92991328E-02  -5.63245058               1
      200021      170016  0.233189136      -5.22788906               1
      200021      180017  0.648835003      -5.06384039               1
      200021      190018   2.59482813      -5.08638525               1
      200021      230022   2.57690620      -5.10618210               1
      200021      240023  0.654167771      -5.03719568               1
      200021      250024  0.259707838      -5.06644583               1
      200021      260025  0.127048969      -5.09606934               1
      200021      270026   7.16871768E-02  -5.12479734               1
      200021      280027   4.43512462E-02  -5.14324951               1
      200021      290028   2.93621775E-02  -5.09621859               1
      200021      300029   2.05227081E-02  -5.06185913               1
      200021      310030   1.50022525E-02  -4.98094940               1
      200021      320031   1.13296621E-02  -4.89870167               1
      200021      330032   8.80549569E-03  -4.78513622               1
      210022       20001   1.23072206E-03  -9.37791252               1
      210022       30002   1.41965027E-03  -9.41825104               1
      210022       40003   1.63531676E-03  -9.41858482               1
      210022       50004   1.92135200E-03  -9.42284107               1
      210022       60005   2.26537115E-03  -9.43214703               1
      210022       70006   2.67895963E-03  -9.45125675               1
      210022       80007   3.19252000E-03  -9.43410015               1
      210022       90008   3.81066208E-03  -9.38440132               1
      210022      100009   4.59559308E-03  -9.26150513               1
      210022      110010   5.55856619E-03  -9.07670879               1
      210022      120011   6.99906144E-03  -8.85003757               1
      210022      130012   9.55474842E-03  -8.44721031               1
      210022      140013   1.47080738E-02  -7.82150459               1
      210022      150014   2.53121518E-02  -7.09620237               1
      210022      160015   4.78477702E-02  -6.40346289               1
      210022      170016   9.91740674E-02  -5.79557085               1
      210022      180017  0.230948269      -5.38289547               1
      210022      190018  0.642159760      -5.13553810               1
      210022      200019   2.57583714      -5.14229059               1
      210022      240023   2.59893107      -5.04017019               1
      210022      250024  0.672543287      -4.96228600               1
      210022      260025  0.270981312      -4.88620567               1
      210022      270026  0.136252910      -4.84402132               1
      210022      280027   7.80136660E-02  -4.81761694               1
      210022      290028   4.88479324E-02  -4.74136543               1
      210022      300029   3.27008106E-02  -4.68567324               1
      210022      310030   2.31049173E-02  -4.58845425               1
      210022      320031   1.69713181E-02  -4.49195242               1
      210022      330032   1.28955906E-02  -4.36612892               1
      220023       20001   1.20371941E-03  -9.17864037               1
      220023       30002   1.37466926E-03  -9.23114109               1
      220023       40003   1.56649970E-03  -9.24431133               1
      220023       50004   1.81944529E-03  -9.26326370               1
      220023       60005   2.11821054E-03  -9.28885365               1
      220023       70006   2.46983417E-03  -9.32722664               1
      220023       80007   2.89546349E-03  -9.33455276               1
      220023       90008   3.38660134E-03  -9.32156849               1
      220023      100009   3.97492154E-03  -9.26105690               1
      220023      110010   4.62215161E-03  -9.19068909               1
      220023      120011   5.48826670E-03  -9.16347027               1
      220023      130012   6.92158844E-03  -9.02169895               1
      220023      140013   9.72893182E-03  -8.61692333               1
      220023      150014   1.52483275E-02  -7.99243450               1
      220023      160015   2.61728726E-02  -7.27877617               1
      220023      170016   4.88328487E-02  -6.55149221               1
      220023      180017  0.100124329      -5.94316149               1
      220023      190018  0.232261077      -5.44759798               1
      220023      200019  0.639990747      -5.17288494               1
      220023      210020   2.57666564      -5.10617256               1
      220023      250024   2.60012054      -4.99760437               1
      220023      260025  0.668672681      -4.92068672               1
      220023      270026  0.273034453      -4.84464121               1
      220023      280027  0.138208672      -4.79415655               1
      220023      290028   7.98223689E-02  -4.70224714               1
      220023      300029   5.04132174E-02  -4.63427830               1
      220023      310030   3.40858698E-02  -4.52673960               1
      220023      320031   2.41759345E-02  -4.41968918               1
      220023      330032   1.78610496E-02  -4.28359413               1
      230024       20001   1.14185398E-03  -9.08685970               1
      230024       30002   1.29369774E-03  -9.14509487               1
      230024       40003   1.46165804E-03  -9.16440582               1
      230024       50004   1.68230908E-03  -9.19076443               1
      230024       60005   1.93921011E-03  -9.22445965               1
      230024       70006   2.23663752E-03  -9.27226257               1
      230024       80007   2.58990377E-03  -9.29114819               1
      230024       90008   2.98467395E-03  -9.29546738               1
      230024      100009   3.43717379E-03  -9.26502419               1
      230024      110010   3.89147876E-03  -9.25302696               1
      230024      120011   4.44177305E-03  -9.33871555               1
      230024      130012   5.30218612E-03  -9.36963367               1
      230024      140013   6.97099557E-03  -9.14826393               1
      230024      150014   1.01559190E-02  -8.65231419               1
      230024      160015   1.61148254E-02  -7.98598814               1
      230024      170016   2.75949407E-02  -7.22143173               1
      230024      180017   5.12650236E-02  -6.49681091               1
      230024      190018  0.105262972      -5.82185650               1
      230024      200019  0.241696790      -5.31903982               1
      230024      210020  0.653920949      -5.03670931               1
      230024      220021   2.59884334      -5.03993845               1
      230024      260025   2.59000301      -4.98148966               1
      230024      270026  0.665922821      -4.93542767               1
      230024      280027  0.270144761      -4.89281082               1
      230024      290028  0.136865392      -4.80640936               1
      230024      300029   7.92442858E-02  -4.74068785               1
      230024      310030   5.03706895E-02  -4.63303518               1
      230024      320031   3.40827256E-02  -4.52245903               1
      230024      330032   2.42682006E-02  -4.38074017               1
      240025       20001   1.06613804E-03  -9.03295708               1
      240025       30002   1.19978189E-03  -9.09531307               1
      240025       40003   1.34573528E-03  -9.11902905               1
      240025       50004   1.53703021E-03  -9.15075970               1
      240025       60005   1.75705098E-03  -9.19017029               1
      240025       70006   2.00833729E-03  -9.24432278               1
      240025       80007   2.30231066E-03  -9.27039909               1
      240025       90008   2.62233568E-03  -9.28478432               1
      240025      100009   2.97642779E-03  -9.27104759               1
      240025      110010   3.30455857E-03  -9.29129982               1
      240025      120011   3.66745191E-03  -9.44213200               1
      240025      130012   4.21084370E-03  -9.58089447               1
      240025      140013   5.27569372E-03  -9.48842621               1
      240025      150014   7.27948826E-03  -9.10157108               1
      240025      160015   1.08749149E-02  -8.50032711               1
      240025      170016   1.74163654E-02  -7.74421549               1
      240025      180017   2.99863685E-02  -6.96562481               1
      240025      190018   5.63602969E-02  -6.18025684               1
      240025      200019  0.115377940      -5.52247381               1
      240025      210020  0.259486437      -5.06419516               1
      240025      220021  0.672478676      -4.96079540               1
      240025      230022   2.60014367      -4.99723625               1
      240025      270026   2.59131002      -4.99305010               1
      240025      280027  0.662298560      -4.98448038               1
      240025      290028  0.267887592      -4.92710638               1
      240025      300029  0.135388851      -4.88285780               1
      240025      310030   7.86431134E-02  -4.79055738               1
      240025      320031   4.98667099E-02  -4.68860722               1
      240025      330032   3.38026397E-02  -4.55068398               1
      250026       20001   9.73660499E-04  -8.89709377               1
      250026       30002   1.08945428E-03  -8.96444225               1
      250026       40003   1.21446350E-03  -8.99338341               1
      250026       50004   1.37805834E-03  -9.03109741               1
      250026       60005   1.56420609E-03  -9.07669544               1
      250026       70006   1.77429931E-03  -9.13736153               1
      250026       80007   2.01693038E-03  -9.17027187               1
      250026       90008   2.27510929E-03  -9.19313526               1
      250026      100009   2.55219103E-03  -9.19178009               1
      250026      110010   2.79032695E-03  -9.23389053               1
      250026      120011   3.03097628E-03  -9.42777252               1
      250026      130012   3.37949092E-03  -9.63924980               1
      250026      140013   4.08301828E-03  -9.63828850               1
      250026      150014   5.40543441E-03  -9.33624840               1
      250026      160015   7.70745194E-03  -8.79621029               1
      250026      170016   1.17124347E-02  -8.06595039               1
      250026      180017   1.89968944E-02  -7.26876974               1
      250026      190018   3.33812237E-02  -6.42026138               1
      250026      200019   6.30588830E-02  -5.66420555               1
      250026      210020  0.126873553      -5.09082079               1
      250026      220021  0.270958304      -4.88184738               1
      250026      230022  0.668741763      -4.91882658               1
      250026      240023   2.59008718      -4.98112679               1
      250026      280027   2.57855678      -5.01762629               1
      250026      290028  0.658190787      -4.97756815               1
      250026      300029  0.265217602      -4.95610142               1
      250026      310030  0.134310320      -4.88695526               1
      250026      320031   7.76794553E-02  -4.80311203               1
      250026      330032   4.92810979E-02  -4.67832851               1
      260027       20001   9.00631945E-04  -8.68650150               1
      260027       30002   1.00212882E-03  -8.76244831               1
      260027       40003   1.11045979E-03  -8.80017376               1
      260027       50004   1.25215331E-03  -8.84728241               1
      260027       60005   1.41173950E-03  -8.90237427               1
      260027       70006   1.58986496E-03  -8.97264099               1
      260027       80007   1.79316429E-03  -9.01517773               1
      260027       90008   2.00487743E-03  -9.04874229               1
      260027      100009   2.22567492E-03  -9.06074905               1
      260027      110010   2.40124459E-03  -9.12285042               1
      260027      120011   2.56185676E-03  -9.35187531               1
      260027      130012   2.78873998E-03  -9.61996460               1
      260027      140013   3.27213039E-03  -9.68972588               1
      260027      150014   4.19108709E-03  -9.45490456               1
      260027      160015   5.75776398E-03  -8.96747208               1
      260027      170016   8.38905387E-03  -8.26694679               1
      260027      180017   1.29674487E-02  -7.46824503               1
      260027      190018   2.15964802E-02  -6.58383751               1
      260027      200019   3.83852609E-02  -5.76412153               1
      260027      210020   7.15379566E-02  -5.11532927               1
      260027      220021  0.136244521      -4.83479404               1
      260027      230022  0.273117572      -4.83945942               1
      260027      240023  0.666027546      -4.93360806               1
      260027      250024   2.59139585      -4.99274921               1
      260027      290028   2.57468724      -5.01490355               1
      260027      300029  0.658644676      -5.00084066               1
      260027      310030  0.266690522      -4.95232773               1
      260027      320031  0.134707555      -4.89150858               1
      260027      330032   7.80459568E-02  -4.78796816               1
      270028       20001   8.31611222E-04  -8.44196606               1
      270028       30002   9.20596183E-04  -8.52753830               1
      270028       40003   1.01453811E-03  -8.57510281               1
      270028       50004   1.13743544E-03  -8.63262653               1
      270028       60005   1.27453357E-03  -8.69826126               1
      270028       70006   1.42598827E-03  -8.77915573               1
      270028       80007   1.59699144E-03  -8.83229828               1
      270028       90008   1.77146809E-03  -8.87732124               1
      270028      100009   1.94852811E-03  -8.90282440               1
      270028      110010   2.07821722E-03  -8.98346233               1
      270028      120011   2.18369695E-03  -9.24256897               1
      270028      130012   2.33011856E-03  -9.55697250               1
      270028      140013   2.66918493E-03  -9.68347836               1
      270028      150014   3.32846539E-03  -9.50256443               1
      270028      160015   4.43793973E-03  -9.05872822               1
      270028      170016   6.25113631E-03  -8.38630295               1
      270028      180017   9.29488707E-03  -7.59377146               1
      270028      190018   1.48245255E-02  -6.68953609               1
      270028      200019   2.51130015E-02  -5.82793856               1
      270028      210020   4.42221984E-02  -5.12874269               1
      270028      220021   7.80107155E-02  -4.80150604               1
      270028      230022  0.138294697      -4.78333139               1
      270028      240023  0.270259529      -4.88764334               1
      270028      250024  0.662404299      -4.98287439               1
      270028      260025   2.57861781      -5.01734638               1
      270028      300029   2.58623886      -5.03337574               1
      270028      310030  0.658541441      -4.98992205               1
      270028      320031  0.266021371      -4.94885063               1
      270028      330032  0.134800151      -4.87106276               1
      280029       20001   7.64383352E-04  -8.11821747               1
      280029       30002   8.42254376E-04  -8.21485710               1
      280029       40003   9.23610933E-04  -8.27373886               1
      280029       50004   1.03012694E-03  -8.34311199               1
      280029       60005   1.14789675E-03  -8.42076206               1
      280029       70006   1.27675966E-03  -8.51375294               1
      280029       80007   1.42082083E-03  -8.57897568               1
      280029       90008   1.56497164E-03  -8.63683605               1
      280029      100009   1.70745049E-03  -8.67690277               1
      280029      110010   1.80295820E-03  -8.77628708               1
      280029      120011   1.86987477E-03  -9.06353855               1
      280029      130012   1.96188223E-03  -9.41894054               1
      280029      140013   2.20285822E-03  -9.59397697               1
      280029      150014   2.68718111E-03  -9.45814419               1
      280029      160015   3.49704619E-03  -9.05055714               1
      280029      170016   4.79367189E-03  -8.40256405               1
      280029      180017   6.90885866E-03  -7.61831999               1
      280029      190018   1.06419986E-02  -6.70256615               1
      280029      200019   1.73506774E-02  -5.81185675               1
      280029      210020   2.92495452E-02  -5.07683516               1
      280029      220021   4.88456264E-02  -4.71714878               1
      280029      230022   7.99055770E-02  -4.68372774               1
      280029      240023  0.136985138      -4.79567671               1
      280029      250024  0.268010557      -4.92247438               1
      280029      260025  0.658282638      -4.97608805               1
      280029      270026   2.57476211      -5.01463795               1
      280029      310030   2.59605813      -4.99258518               1
      280029      320031  0.657198429      -4.95850325               1
      280029      330032  0.265972346      -4.90449429               1
      290030       20001   7.08653126E-04  -7.80376053               1
      290030       30002   7.77347654E-04  -7.91211414               1
      290030       40003   8.48372758E-04  -7.98299408               1
      290030       50004   9.41505772E-04  -8.06491375               1
      290030       60005   1.04359048E-03  -8.15532303               1
      290030       70006   1.15426164E-03  -8.26118279               1
      290030       80007   1.27681845E-03  -8.33929157               1
      290030       90008   1.39708410E-03  -8.41077614               1
      290030      100009   1.51280616E-03  -8.46606064               1
      290030      110010   1.58282043E-03  -8.58440208               1
      290030      120011   1.62226171E-03  -8.89885998               1
      290030      130012   1.67661894E-03  -9.29245472               1
      290030      140013   1.84964808E-03  -9.51148415               1
      290030      150014   2.21365388E-03  -9.41549206               1
      290030      160015   2.82183453E-03  -9.03919220               1
      290030      170016   3.78065230E-03  -8.41225243               1
      290030      180017   5.30880596E-03  -7.63601923               1
      290030      190018   7.94386119E-03  -6.71231556               1
      290030      200019   1.25485165E-02  -5.79902887               1
      290030      210020   2.04217397E-02  -5.03563547               1
      290030      220021   3.26939449E-02  -4.65025234               1
      290030      230022   5.04869185E-02  -4.60424900               1
      290030      240023   7.93607011E-02  -4.72048473               1
      290030      250024  0.135519698      -4.87185478               1
      290030      260025  0.265330911      -4.95111990               1
      290030      270026  0.658750892      -4.99914169               1
      290030      280027   2.58632183      -5.03305149               1
      290030      320031   2.58932877      -4.99536610               1
      290030      330032  0.663616955      -4.96136189               1
      300031       20001   6.61356666E-04  -7.41503191               1
      300031       30002   7.22348632E-04  -7.53687239               1
      300031       40003   7.84757663E-04  -7.62157202               1
      300031       50004   8.66779534E-04  -7.71785927               1
      300031       60005   9.55932832E-04  -7.82289886               1
      300031       70006   1.05172431E-03  -7.94351768               1
      300031       80007   1.15684560E-03  -8.03644466               1
      300031       90008   1.25800248E-03  -8.12352276               1
      300031      100009   1.35269039E-03  -8.19598579               1
      300031      110010   1.40340254E-03  -8.33512497               1
      300031      120011   1.42299652E-03  -8.67810154               1
      300031      130012   1.45088241E-03  -9.11015892               1
      300031      140013   1.57573831E-03  -9.37222576               1
      300031      150014   1.85462215E-03  -9.31424713               1
      300031      160015   2.32255715E-03  -8.96699524               1
      300031      170016   3.05226538E-03  -8.35929489               1
      300031      180017   4.19395976E-03  -7.59093142               1
      300031      190018   6.12686435E-03  -6.66168547               1
      300031      200019   9.42992233E-03  -5.73042631               1
      300031      210020   1.49144968E-02  -4.94383764               1
      300031      220021   2.30971761E-02  -4.53711700               1
      300031      230022   3.41541320E-02  -4.47986031               1
      300031      240023   5.04872203E-02  -4.59779882               1
      300031      250024   7.87848979E-02  -4.76795435               1
      300031      260025  0.134448543      -4.87418652               1
      300031      270026  0.266833335      -4.94625664               1
      300031      280027  0.658669829      -4.98775244               1
      300031      290028   2.59614611      -4.99212885               1
      300031      330032   2.58631325      -4.99324751               1
      310032       20001   6.23027037E-04  -7.00216913               1
      310032       30002   6.77584088E-04  -7.13838673               1
      310032       40003   7.32813030E-04  -7.23785114               1
      310032       50004   8.05629708E-04  -7.34949017               1
      310032       60005   8.84114765E-04  -7.47021008               1
      310032       70006   9.67694621E-04  -7.60668564               1
      310032       80007   1.05859654E-03  -7.71558809               1
      310032       90008   1.14430406E-03  -7.81947231               1
      310032      100009   1.22219336E-03  -7.91036606               1
      310032      110010   1.25788292E-03  -8.07152939               1
      310032      120011   1.26259704E-03  -8.44403458               1
      310032      130012   1.27114693E-03  -8.91511440               1
      310032      140013   1.36066950E-03  -9.22021008               1
      310032      150014   1.57726707E-03  -9.19965839               1
      310032      160015   1.94400910E-03  -8.88033009               1
      310032      170016   2.51172646E-03  -8.29060078               1
      310032      180017   3.38678947E-03  -7.52947950               1
      310032      190018   4.84669954E-03  -6.59541416               1
      310032      200019   7.29643647E-03  -5.64821577               1
      310032      210020   1.12671955E-02  -4.84076357               1
      310032      220021   1.69805605E-02  -4.41438675               1
      310032      230022   2.42601801E-02  -4.34536743               1
      310032      240023   3.42222042E-02  -4.46172047               1
      310032      250024   5.00427820E-02  -4.64461422               1
      310032      260025   7.78660923E-02  -4.77410841               1
      310032      270026  0.134911433      -4.87448454               1
      310032      280027  0.266220361      -4.94043779               1
      310032      290028  0.657361627      -4.95527458               1
      310032      300029   2.58946753      -4.99468565               1
      320033       20001   5.95686433E-04  -6.50396776               1
      320033       30002   6.45036926E-04  -6.65622425               1
      320033       40003   6.94430317E-04  -6.77220583               1
      320033       50004   7.59839022E-04  -6.90102196               1
      320033       60005   8.29736295E-04  -7.03934002               1
      320033       70006   9.03498265E-04  -7.19365692               1
      320033       80007   9.83002130E-04  -7.32060671               1
      320033       90008   1.05634378E-03  -7.44348812               1
      320033      100009   1.12084835E-03  -7.55515718               1
      320033      110010   1.14463398E-03  -7.74092150               1
      320033      120011   1.13778899E-03  -8.14580727               1
      320033      130012   1.13173970E-03  -8.65897560               1
      320033      140013   1.19494926E-03  -9.01006603               1
      320033      150014   1.36559852E-03  -9.02935028               1
      320033      160015   1.65872055E-03  -8.73955441               1
      320033      170016   2.11063004E-03  -8.16880131               1
      320033      180017   2.79895379E-03  -7.41598225               1
      320033      190018   3.93411377E-03  -6.47880030               1
      320033      200019   5.81098162E-03  -5.51808786               1
      320033      210020   8.79341643E-03  -4.69224501               1
      320033      220021   1.29572349E-02  -4.24808073               1
      320033      230022   1.80042926E-02  -4.16746664               1
      320033      240023   2.44782772E-02  -4.28028870               1
      320033      250024   3.40642333E-02  -4.47165585               1
      320033      260025   4.95706536E-02  -4.62061453               1
      320033      270026   7.83714131E-02  -4.74929905               1
      320033      280027  0.135136887      -4.84804106               1
      320033      290028  0.266284943      -4.89271641               1
      320033      300029  0.663924575      -4.95697308               1
      320033      310030   2.58656049      -4.99229908               1
