         930
       10002       40003   2.59993863      -4.97768784               1
       10002       50004  0.663622200      -4.94727278               1
       10002       60005  0.266446024      -4.90091133               1
       10002       70006  0.134889811      -4.83109808               1
       10002       80007   7.91229233E-02  -4.70142365               1
       10002       90008   5.08853532E-02  -4.55331087               1
       10002      100009   3.48179676E-02  -4.40939522               1
       10002      110010   2.38554403E-02  -4.38803196               1
       10002      120011   1.58316549E-02  -4.71048403               1
       10002      130012   1.00685712E-02  -5.40768480               1
       10002      140013   6.46810420E-03  -6.32590961               1
       10002      150014   4.38178377E-03  -7.25798130               1
       10002      160015   3.12982523E-03  -8.09619999               1
       10002      170016   2.35664961E-03  -8.73584843               1
       10002      180017   1.84675539E-03  -9.15118694               1
       10002      190018   1.53904851E-03  -9.24386406               1
       10002      200019   1.38300331E-03  -8.98942852               1
       10002      210020   1.33836223E-03  -8.48857975               1
       10002      220021   1.34062394E-03  -8.03294468               1
       10002      230022   1.30358362E-03  -7.79850054               1
       10002      240023   1.22543110E-03  -7.70157957               1
       10002      250024   1.13041326E-03  -7.66273260               1
       10002      260025   1.02207495E-03  -7.59381819               1
       10002      270026   9.31737886E-04  -7.51074028               1
       10002      280027   8.47808551E-04  -7.42102909               1
       10002      290028   7.68600905E-04  -7.30482817               1
       10002      300029   7.00890901E-04  -7.22222710               1
       10002      310030   6.40554121E-04  -7.13102531               1
       10002      320031   5.86945156E-04  -7.06956053               1
       10002      330032   5.39019646E-04  -6.99653816               1
       20003       50004   2.59845710      -4.99866247               1
       20003       60005  0.660990775      -4.97203922               1
       20003       70006  0.266719580      -4.93640995               1
       20003       80007  0.136123866      -4.84194756               1
       20003       90008   7.98407122E-02  -4.71941280               1
       20003      100009   5.12957200E-02  -4.58614731               1
       20003      110010   3.36129814E-02  -4.55951643               1
       20003      120011   2.15678532E-02  -4.86500502               1
       20003      130012   1.33366147E-02  -5.53970909               1
       20003      140013   8.35183356E-03  -6.43751860               1
       20003      150014   5.52550983E-03  -7.35925055               1
       20003      160015   3.86139099E-03  -8.20099354               1
       20003      170016   2.85069109E-03  -8.85821438               1
       20003      180017   2.19354243E-03  -9.30317020               1
       20003      190018   1.79633300E-03  -9.43720627               1
       20003      200019   1.58734794E-03  -9.23101044               1
       20003      210020   1.51292002E-03  -8.77617931               1
       20003      220021   1.49688625E-03  -8.35521698               1
       20003      230022   1.44154218E-03  -8.14591885               1
       20003      240023   1.34443236E-03  -8.06928539               1
       20003      250024   1.23159611E-03  -8.04903698               1
       20003      260025   1.10637245E-03  -7.99856377               1
       20003      270026   1.00237702E-03  -7.93421650               1
       20003      280027   9.06768488E-04  -7.86343718               1
       20003      290028   8.17516644E-04  -7.76622963               1
       20003      300029   7.41498603E-04  -7.70297050               1
       20003      310030   6.74203096E-04  -7.63099861               1
       20003      320031   6.14694436E-04  -7.58873463               1
       20003      330032   5.61802008E-04  -7.53467226               1
       30004       20001   2.59971571      -4.97849417               1
       30004       60005   2.59705901      -5.02198887               1
       30004       70006  0.660361052      -4.99511003               1
       30004       80007  0.267677069      -4.92439842               1
       30004       90008  0.136638343      -4.82427549               1
       30004      100009   8.03468451E-02  -4.70032978               1
       30004      110010   4.96320724E-02  -4.66528749               1
       30004      120011   3.05169690E-02  -4.94874573               1
       30004      130012   1.82323325E-02  -5.59509230               1
       30004      140013   1.10735549E-02  -6.46670485               1
       30004      150014   7.12319184E-03  -7.37363338               1
       30004      160015   4.85153170E-03  -8.21634102               1
       30004      170016   3.50049720E-03  -8.89024639               1
       30004      180017   2.63804407E-03  -9.36442375               1
       30004      190018   2.11835187E-03  -9.53914928               1
       30004      200019   1.83754088E-03  -9.37978649               1
       30004      210020   1.72248785E-03  -8.96888351               1
       30004      220021   1.68156496E-03  -8.57996559               1
       30004      230022   1.60268147E-03  -8.39296627               1
       30004      240023   1.48218265E-03  -8.33381939               1
       30004      250024   1.34786509E-03  -8.32948780               1
       30004      260025   1.20262674E-03  -8.29485893               1
       30004      270026   1.08258333E-03  -8.24673557               1
       30004      280027   9.73385584E-04  -8.19252491               1
       30004      290028   8.72553443E-04  -8.11209393               1
       30004      300029   7.87023979E-04  -8.06604481               1
       30004      310030   7.11820379E-04  -8.01131439               1
       30004      320031   6.45652995E-04  -7.98634243               1
       30004      330032   5.87191782E-04  -7.94945383               1
       40005       20001  0.663302898      -4.95151234               1
       40005       30002   2.59829831      -4.99939632               1
       40005       70006   2.58845520      -5.01755428               1
       40005       80007  0.662307382      -4.96332359               1
       40005       90008  0.269346565      -4.88874578               1
       40005      100009  0.138745278      -4.77903318               1
       40005      110010   7.89835379E-02  -4.73620462               1
       40005      120011   4.59559858E-02  -4.99469709               1
       40005      130012   2.63164211E-02  -5.60868454               1
       40005      140013   1.54065965E-02  -6.45038414               1
       40005      150014   9.58545599E-03  -7.34061480               1
       40005      160015   6.33381028E-03  -8.18504620               1
       40005      170016   4.44951840E-03  -8.87878036               1
       40005      180017   3.27426428E-03  -9.38616848               1
       40005      190018   2.57209293E-03  -9.60516548               1
       40005      200019   2.18630279E-03  -9.49473476               1
       40005      210020   2.01302860E-03  -9.12807751               1
       40005      220021   1.93748251E-03  -8.76991177               1
       40005      230022   1.82671275E-03  -8.60297775               1
       40005      240023   1.67482672E-03  -8.55874729               1
       40005      250024   1.51178858E-03  -8.56766224               1
       40005      260025   1.33975630E-03  -8.54613876               1
       40005      270026   1.19834661E-03  -8.51145935               1
       40005      280027   1.07104704E-03  -8.47106171               1
       40005      290028   9.54733463E-04  -8.40469456               1
       40005      300029   8.56514205E-04  -8.37313461               1
       40005      310030   7.70731829E-04  -8.33298874               1
       40005      320031   6.95644761E-04  -8.32267952               1
       40005      330032   6.29692629E-04  -8.30041027               1
       50006       20001  0.266089529      -4.91311121               1
       50006       30002  0.660780430      -4.97569180               1
       50006       40003   2.59691858      -5.02255535               1
       50006       80007   2.60410333      -4.99875402               1
       50006       90008  0.664535463      -4.94431829               1
       50006      100009  0.273647517      -4.84718418               1
       50006      110010  0.137466788      -4.78884172               1
       50006      120011   7.40236118E-02  -5.00971556               1
       50006      130012   4.01084125E-02  -5.57836580               1
       50006      140013   2.24241260E-02  -6.37848663               1
       50006      150014   1.33890249E-02  -7.24363613               1
       50006      160015   8.52356199E-03  -8.08632946               1
       50006      170016   5.79471001E-03  -8.80183411               1
       50006      180017   4.14234959E-03  -9.34799767               1
       50006      190018   3.16942902E-03  -9.61867809               1
       50006      200019   2.63028662E-03  -9.56426525               1
       50006      210020   2.37182924E-03  -9.24693680               1
       50006      220021   2.24582525E-03  -8.92151260               1
       50006      230022   2.09161942E-03  -8.77439022               1
       50006      240023   1.89928594E-03  -8.74383736               1
       50006      250024   1.70041178E-03  -8.76445580               1
       50006      260025   1.49575272E-03  -8.75440979               1
       50006      270026   1.32860430E-03  -8.73155785               1
       50006      280027   1.17978523E-03  -8.70343685               1
       50006      290028   1.04530470E-03  -8.64968872               1
       50006      300029   9.32318449E-04  -8.63122940               1
       50006      310030   8.34345643E-04  -8.60436821               1
       50006      320031   7.49067927E-04  -8.60745430               1
       50006      330032   6.74634532E-04  -8.59860802               1
       60007       20001  0.134513184      -4.85656738               1
       60007       30002  0.266473889      -4.94657087               1
       60007       40003  0.660177588      -4.99799824               1
       60007       50004   2.58833790      -5.01802158               1
       60007       90008   2.61009908      -4.98206711               1
       60007      100009  0.671211421      -4.92171764               1
       60007      110010  0.272349328      -4.84398556               1
       60007      120011  0.130416006      -5.00808001               1
       60007      130012   6.55128360E-02  -5.51096487               1
       60007      140013   3.45316753E-02  -6.25170422               1
       60007      150014   1.95906851E-02  -7.07859993               1
       60007      160015   1.19109042E-02  -7.91304874               1
       60007      170016   7.77600147E-03  -8.65202427               1
       60007      180017   5.36373537E-03  -9.24525356               1
       60007      190018   3.97412898E-03  -9.58017635               1
       60007      200019   3.20433732E-03  -9.59507751               1
       60007      210020   2.81872973E-03  -9.33784962               1
       60007      220021   2.61841412E-03  -9.05097008               1
       60007      230022   2.40451354E-03  -8.92549038               1
       60007      240023   2.15978548E-03  -8.90853024               1
       60007      250024   1.91612798E-03  -8.94005775               1
       60007      260025   1.67178840E-03  -8.94045925               1
       60007      270026   1.47373078E-03  -8.92834949               1
       60007      280027   1.29944948E-03  -8.91146088               1
       60007      290028   1.14378182E-03  -8.86936092               1
       60007      300029   1.01373636E-03  -8.86308765               1
       60007      310030   9.01834341E-04  -8.84868050               1
       60007      320031   8.05024523E-04  -8.86436844               1
       60007      330032   7.21090590E-04  -8.86822128               1
       70008       20001   7.87402540E-02  -4.74594116               1
       70008       30002  0.135855138      -4.86338806               1
       70008       40003  0.267459154      -4.93285131               1
       70008       50004  0.662141502      -4.96586180               1
       70008       60005   2.60398698      -4.99918842               1
       70008      100009   2.60173440      -4.98652124               1
       70008      110010  0.670882821      -4.91859007               1
       70008      120011  0.263506621      -4.99537992               1
       70008      130012  0.118432254      -5.39478016               1
       70008      140013   5.76965734E-02  -6.04293633               1
       70008      150014   3.06757651E-02  -6.80531263               1
       70008      160015   1.76080260E-02  -7.61417627               1
       70008      170016   1.09257102E-02  -8.37162304               1
       70008      180017   7.20522366E-03  -9.01875019               1
       70008      190018   5.12723858E-03  -9.43398857               1
       70008      200019   3.98819009E-03  -9.53792572               1
       70008      210020   3.40286596E-03  -9.35792732               1
       70008      220021   3.08879348E-03  -9.11910629               1
       70008      230022   2.78981403E-03  -9.01814365               1
       70008      240023   2.47485284E-03  -9.01428032               1
       70008      250024   2.17341678E-03  -9.05487251               1
       70008      260025   1.87928579E-03  -9.06330490               1
       70008      270026   1.64299924E-03  -9.05925274               1
       70008      280027   1.43768918E-03  -9.05083561               1
       70008      290028   1.25654938E-03  -9.01760864               1
       70008      300029   1.10619108E-03  -9.02069473               1
       70008      310030   9.77869029E-04  -9.01594448               1
       70008      320031   8.67585535E-04  -9.04138660               1
       70008      330032   7.72649480E-04  -9.05511951               1
       80009       20001   5.05314022E-02  -4.62053013               1
       80009       30002   7.95828626E-02  -4.75630522               1
       80009       40003  0.136418596      -4.84215403               1
       80009       50004  0.269163460      -4.89617682               1
       80009       60005  0.664388895      -4.94668245               1
       80009       70006   2.60999489      -4.98249769               1
       80009      110010   2.60583472      -4.99569845               1
       80009      120011  0.662545562      -5.00580072               1
       80009      130012  0.247298524      -5.25190735               1
       80009      140013  0.107522547      -5.75740957               1
       80009      150014   5.24504334E-02  -6.41314745               1
       80009      160015   2.79709063E-02  -7.16435099               1
       80009      170016   1.62652917E-02  -7.92436409               1
       80009      180017   1.01224650E-02  -8.62878513               1
       80009      190018   6.83337823E-03  -9.14698315               1
       80009      200019   5.07042510E-03  -9.37506390               1
       80009      210020   4.15656948E-03  -9.30829716               1
       80009      220021   3.66147957E-03  -9.14195919               1
       80009      230022   3.23850545E-03  -9.07732010               1
       80009      240023   2.82944972E-03  -9.09124088               1
       80009      250024   2.45490717E-03  -9.14253521               1
       80009      260025   2.10050610E-03  -9.15940571               1
       80009      270026   1.81896600E-03  -9.16331005               1
       80009      280027   1.57781830E-03  -9.16307831               1
       80009      290028   1.36795465E-03  -9.13839149               1
       80009      300029   1.19505113E-03  -9.15051460               1
       80009      310030   1.04883849E-03  -9.15515518               1
       80009      320031   9.24114371E-04  -9.19010448               1
       80009      330032   8.17594351E-04  -9.21353817               1
       90010       20001   3.45207602E-02  -4.49978256               1
       90010       30002   5.10786101E-02  -4.64058590               1
       90010       40003   8.01571161E-02  -4.73061323               1
       90010       50004  0.138579085      -4.79440832               1
       90010       60005  0.273505598      -4.85390186               1
       90010       70006  0.671100676      -4.92397165               1
       90010       80007   2.60167193      -4.98693371               1
       90010      120011   2.59264970      -5.04801512               1
       90010      130012  0.649052143      -5.11440659               1
       90010      140013  0.235331669      -5.41010380               1
       90010      150014  0.101898298      -5.89604616               1
       90010      160015   4.94123250E-02  -6.53273344               1
       90010      170016   2.64618322E-02  -7.25341129               1
       90010      180017   1.52879227E-02  -7.99775743               1
       90010      190018   9.62942746E-03  -8.63427448               1
       90010      200019   6.70476304E-03  -9.03256702               1
       90010      210020   5.20239305E-03  -9.13930988               1
       90010      220021   4.39763954E-03  -9.09311295               1
       90010      230022   3.78183578E-03  -9.09076691               1
       90010      240023   3.23989592E-03  -9.13427639               1
       90010      250024   2.76911957E-03  -9.20145226               1
       90010      260025   2.33960059E-03  -9.22904396               1
       90010      270026   2.00334121E-03  -9.24184036               1
       90010      280027   1.72016502E-03  -9.25007534               1
       90010      290028   1.47756841E-03  -9.23387527               1
       90010      300029   1.27948378E-03  -9.25483131               1
       90010      310030   1.11372594E-03  -9.26860619               1
       90010      320031   9.73536400E-04  -9.31275368               1
       90010      330032   8.54869548E-04  -9.34561062               1
      100011       20001   2.36656331E-02  -4.49516964               1
      100011       30002   3.34914848E-02  -4.62817001               1
      100011       40003   4.95345667E-02  -4.70704985               1
      100011       50004   7.89057836E-02  -4.76020765               1
      100011       60005  0.137409464      -4.80140591               1
      100011       70006  0.272318155      -4.84959412               1
      100011       80007  0.670893073      -4.92040968               1
      100011       90008   2.60588074      -4.99600840               1
      100011      130012   2.57998109      -5.09445810               1
      100011      140013  0.639691651      -5.12703085               1
      100011      150014  0.231224716      -5.37163925               1
      100011      160015   9.89841744E-02  -5.81539774               1
      100011      170016   4.78663854E-02  -6.41904116               1
      100011      180017   2.52338089E-02  -7.14065075               1
      100011      190018   1.45542612E-02  -7.86970282               1
      100011      200019   9.30784177E-03  -8.46897221               1
      100011      210020   6.68369792E-03  -8.83122349               1
      100011      220021   5.31965075E-03  -8.99287891               1
      100011      230022   4.39087860E-03  -9.11153316               1
      100011      240023   3.65838222E-03  -9.21730328               1
      100011      250024   3.06330179E-03  -9.31922626               1
      100011      260025   2.54518702E-03  -9.37018299               1
      100011      270026   2.14778539E-03  -9.40171909               1
      100011      280027   1.82030571E-03  -9.42691612               1
      100011      290028   1.54518627E-03  -9.42706966               1
      100011      300029   1.32312055E-03  -9.46476173               1
      100011      310030   1.13968051E-03  -9.49566078               1
      100011      320031   9.86165251E-04  -9.55730247               1
      100011      330032   8.57610023E-04  -9.60824299               1
      110012       20001   1.57635640E-02  -4.81598043               1
      110012       30002   2.15616878E-02  -4.93405962               1
      110012       40003   3.05394232E-02  -4.99234915               1
      110012       50004   4.60045971E-02  -5.02125359               1
      110012       60005   7.40992278E-02  -5.02493048               1
      110012       70006  0.130522460      -5.01585817               1
      110012       80007  0.263655037      -4.99849939               1
      110012       90008  0.662728310      -5.00661039               1
      110012      100009   2.59284639      -5.04808378               1
      110012      140013   2.59585333      -5.07960653               1
      110012      150014  0.649699748      -5.05905008               1
      110012      160015  0.232751280      -5.25097132               1
      110012      170016   9.93739367E-02  -5.65272903               1
      110012      180017   4.71863486E-02  -6.24877167               1
      110012      190018   2.46101897E-02  -6.96937895               1
      110012      200019   1.42051382E-02  -7.71431160               1
      110012      210020   9.21629928E-03  -8.36510754               1
      110012      220021   6.73679588E-03  -8.83227253               1
      110012      230022   5.23633603E-03  -9.16283798               1
      110012      240023   4.19007428E-03  -9.39008045               1
      110012      250024   3.40900663E-03  -9.56336880               1
      110012      260025   2.76914751E-03  -9.66254807               1
      110012      270026   2.29260046E-03  -9.73177719               1
      110012      280027   1.91099243E-03  -9.78966618               1
      110012      290028   1.59828016E-03  -9.82012653               1
      110012      300029   1.34970620E-03  -9.88810158               1
      110012      310030   1.14765100E-03  -9.94948483               1
      110012      320031   9.80764744E-04  -10.0423927               1
      110012      330032   8.42816313E-04  -10.1257601               1
      120013       20001   1.00939823E-02  -5.48308849               1
      120013       30002   1.34211080E-02  -5.58523560               1
      120013       40003   1.83540955E-02  -5.62133360               1
      120013       50004   2.64759269E-02  -5.62322569               1
      120013       60005   4.03075106E-02  -5.58612204               1
      120013       70006   6.57540485E-02  -5.51467943               1
      120013       80007  0.118722647      -5.39593983               1
      120013       90008  0.247627974      -5.25185537               1
      120013      100009  0.649398327      -5.11408329               1
      120013      110010   2.58027124      -5.09430790               1
      120013      150014   2.60669398      -5.03252935               1
      120013      160015  0.653282762      -4.98953915               1
      120013      170016  0.235289901      -5.15424442               1
      120013      180017   9.93921757E-02  -5.54577827               1
      120013      190018   4.67857495E-02  -6.13149166               1
      120013      200019   2.43274570E-02  -6.86704540               1
      120013      210020   1.41235180E-02  -7.68983841               1
      120013      220021   9.30844247E-03  -8.45205975               1
      120013      230022   6.68627582E-03  -9.04799080               1
      120013      240023   5.06692240E-03  -9.44995594               1
      120013      250024   3.96792032E-03  -9.73085690               1
      120013      260025   3.13104317E-03  -9.90124893               1
      120013      270026   2.53179111E-03  -10.0226765               1
      120013      280027   2.06892099E-03  -10.1221924               1
      120013      290028   1.70097500E-03  -10.1881371               1
      120013      300029   1.41418073E-03  -10.2892675               1
      120013      310030   1.18550123E-03  -10.3824377               1
      120013      320031   9.99554875E-04  -10.5069342               1
      120013      330032   8.48109601E-04  -10.6225834               1
      130014       20001   6.52492279E-03  -6.35073662               1
      130014       30002   8.46405793E-03  -6.43852997               1
      130014       40003   1.12279439E-02  -6.45542622               1
      130014       50004   1.56055568E-02  -6.43470478               1
      130014       60005   2.26707235E-02  -6.36368704               1
      130014       70006   3.48282754E-02  -6.24005651               1
      130014       80007   5.80479875E-02  -6.03474474               1
      130014       90008  0.107918434      -5.75247002               1
      130014      100009  0.235750213      -5.40764761               1
      130014      110010  0.640066803      -5.12608814               1
      130014      120011   2.59611654      -5.07941914               1
      130014      160015   2.63262010      -4.98359823               1
      130014      170016  0.660177410      -4.94685030               1
      130014      180017  0.236773267      -5.11754036               1
      130014      190018   9.96564701E-02  -5.50436592               1
      130014      200019   4.68852110E-02  -6.10112524               1
      130014      210020   2.45051086E-02  -6.91081476               1
      130014      220021   1.45300366E-02  -7.81898737               1
      130014      230022   9.55754053E-03  -8.62275028               1
      130014      240023   6.79487409E-03  -9.19190502               1
      130014      250024   5.08675398E-03  -9.58237267               1
      130014      260025   3.88241746E-03  -9.82205105               1
      130014      270026   3.05894320E-03  -9.98740292               1
      130014      280027   2.44843913E-03  -10.1142559               1
      130014      290028   1.97930145E-03  -10.1960545               1
      130014      300029   1.62195007E-03  -10.3054018               1
      130014      310030   1.34291919E-03  -10.4011621               1
      130014      320031   1.11983204E-03  -10.5235300               1
      130014      330032   9.40857863E-04  -10.6339245               1
      140015       20001   4.42153262E-03  -7.24921751               1
      140015       30002   5.61506161E-03  -7.32336617               1
      140015       40003   7.25460099E-03  -7.32505035               1
      140015       50004   9.76148248E-03  -7.28952026               1
      140015       60005   1.36135472E-02  -7.19789791               1
      140015       70006   1.98663827E-02  -7.04227018               1
      140015       80007   3.10064871E-02  -6.77950621               1
      140015       90008   5.28274961E-02  -6.39741850               1
      140015      100009  0.102302812      -5.88819838               1
      140015      110010  0.231600404      -5.36852646               1
      140015      120011  0.649985671      -5.05819464               1
      140015      130012   2.60685301      -5.03238487               1
      140015      170016   2.61726356      -4.96957445               1
      140015      180017  0.659207940      -4.94702721               1
      140015      190018  0.236710235      -5.12005043               1
      140015      200019   9.98024568E-02  -5.51931810               1
      140015      210020   4.71727289E-02  -6.18887043               1
      140015      220021   2.52737924E-02  -7.07736349               1
      140015      230022   1.51940463E-02  -7.96754599               1
      140015      240023   1.00804446E-02  -8.64370060               1
      140015      250024   7.17818132E-03  -9.11517715               1
      140015      260025   5.28066698E-03  -9.40573502               1
      140015      270026   4.04596655E-03  -9.59777737               1
      140015      280027   3.16992356E-03  -9.73282909               1
      140015      290028   2.52071326E-03  -9.80833817               1
      140015      300029   2.03868537E-03  -9.89968681               1
      140015      310030   1.67058862E-03  -9.96836281               1
      140015      320031   1.38148083E-03  -10.0549459               1
      140015      330032   1.15301996E-03  -10.1229620               1
      150016       20001   3.12764198E-03  -8.11931515               1
      150016       30002   3.90249328E-03  -8.17732239               1
      150016       40003   4.93121566E-03  -8.16493034               1
      150016       50004   6.45422423E-03  -8.12027168               1
      150016       60005   8.68901983E-03  -8.02067757               1
      150016       70006   1.21244891E-02  -7.85491753               1
      150016       80007   1.78732052E-02  -7.56852722               1
      150016       90008   2.82814335E-02  -7.13357639               1
      150016      100009   4.97532450E-02  -6.51577520               1
      150016      110010   9.93102938E-02  -5.80802202               1
      150016      120011  0.233011052      -5.24861813               1
      150016      130012  0.653441250      -4.98893881               1
      150016      140013   2.63269091      -4.98350286               1
      150016      180017   2.61279511      -4.97610044               1
      150016      190018  0.658268511      -4.96156073               1
      150016      200019  0.236186951      -5.14602041               1
      150016      210020   9.95630100E-02  -5.61362839               1
      150016      220021   4.80443947E-02  -6.37022877               1
      150016      230022   2.62981914E-02  -7.23352051               1
      150016      240023   1.61811691E-02  -7.94416094               1
      150016      250024   1.08894305E-02  -8.45970058               1
      150016      260025   7.67857814E-03  -8.78304005               1
      150016      270026   5.69609785E-03  -8.99218082               1
      150016      280027   4.35430184E-03  -9.12939739               1
      150016      290028   3.39863100E-03  -9.19372082               1
      150016      300029   2.70920619E-03  -9.26209259               1
      150016      310030   2.19565025E-03  -9.29849720               1
      150016      320031   1.80021964E-03  -9.34381866               1
      150016      330032   1.49286678E-03  -9.36395741               1
      160017       20001   2.30136537E-03  -8.90554047               1
      160017       30002   2.83201528E-03  -8.94162464               1
      160017       40003   3.51567683E-03  -8.91231060               1
      160017       50004   4.49954998E-03  -8.85941982               1
      160017       60005   5.88405877E-03  -8.75912571               1
      160017       70006   7.90811144E-03  -8.60016251               1
      160017       80007   1.11039132E-02  -8.32163811               1
      160017       90008   1.64859816E-02  -7.88449001               1
      160017      100009   2.67142430E-02  -7.22777176               1
      160017      110010   4.81164604E-02  -6.40619946               1
      160017      120011   9.95801166E-02  -5.64804840               1
      160017      130012  0.235420674      -5.15282488               1
      160017      140013  0.660238445      -4.94651079               1
      160017      150014   2.61728311      -4.96953344               1
      160017      190018   2.62137437      -4.98032618               1
      160017      200019  0.655590773      -4.96761131               1
      160017      210020  0.233828470      -5.20515108               1
      160017      220021   9.97319743E-02  -5.75905895               1
      160017      230022   4.92190868E-02  -6.50385380               1
      160017      240023   2.78506819E-02  -7.17509747               1
      160017      250024   1.75742563E-02  -7.69018602               1
      160017      260025   1.17952814E-02  -8.02351856               1
      160017      270026   8.42037145E-03  -8.24015236               1
      160017      280027   6.24875585E-03  -8.37764454               1
      160017      290028   4.76796459E-03  -8.43318748               1
      160017      300029   3.73386405E-03  -8.48349094               1
      160017      310030   2.98502319E-03  -8.49417305               1
      160017      320031   2.42139539E-03  -8.50620842               1
      160017      330032   1.99154881E-03  -8.48781109               1
      170018       20001   1.73546548E-03  -9.61080551               1
      170018       30002   2.11285637E-03  -9.61677456               1
      170018       40003   2.58652284E-03  -9.56421852               1
      170018       50004   3.25160637E-03  -9.49900341               1
      170018       60005   4.15311381E-03  -9.39799690               1
      170018       70006   5.41175017E-03  -9.25283432               1
      170018       80007   7.29383435E-03  -9.00173092               1
      170018       90008   1.02506401E-02  -8.60225391               1
      170018      100009   1.54488143E-02  -7.97374821               1
      170018      110010   2.54036542E-02  -7.12523794               1
      170018      120011   4.73328754E-02  -6.24210310               1
      170018      130012   9.94873717E-02  -5.54355049               1
      170018      140013  0.236815467      -5.11699104               1
      170018      150014  0.659215569      -4.94698954               1
      170018      160015   2.61278534      -4.97612715               1
      170018      200019   2.60772777      -5.01093388               1
      170018      210020  0.650353074      -5.02900791               1
      170018      220021  0.232160702      -5.33613253               1
      170018      230022  0.100924492      -5.88868046               1
      170018      240023   5.17865047E-02  -6.44782543               1
      170018      250024   3.03254314E-02  -6.90946674               1
      170018      260025   1.92089248E-02  -7.21990585               1
      170018      270026   1.30990222E-02  -7.42621231               1
      170018      280027   9.37637780E-03  -7.55679607               1
      170018      290028   6.95635285E-03  -7.60337114               1
      170018      300029   5.32716187E-03  -7.63992548               1
      170018      310030   4.18488868E-03  -7.63222170               1
      170018      320031   3.34751885E-03  -7.62058306               1
      170018      330032   2.72292434E-03  -7.57508183               1
      180019       20001   1.37551967E-03  -10.1090927               1
      180019       30002   1.65870832E-03  -10.0853024               1
      180019       40003   2.00588489E-03  -10.0104561               1
      180019       50004   2.48301541E-03  -9.93441010               1
      180019       60005   3.10824998E-03  -9.83570194               1
      180019       70006   3.94492038E-03  -9.71082592               1
      180019       80007   5.13324188E-03  -9.50193214               1
      180019       90008   6.87566400E-03  -9.17230225               1
      180019      100009   9.70425084E-03  -8.63578033               1
      180019      110010   1.46464305E-02  -7.86239338               1
      180019      120011   2.46949699E-02  -6.96379328               1
      180019      130012   4.68375944E-02  -6.12928629               1
      180019      140013   9.96665508E-02  -5.50407124               1
      180019      150014  0.236687660      -5.12036371               1
      180019      160015  0.658224881      -4.96183109               1
      180019      170016   2.62132263      -4.98040867               1
      180019      210020   2.60406399      -5.04610205               1
      180019      220021  0.644676983      -5.09616995               1
      180019      230022  0.233655706      -5.40651560               1
      180019      240023  0.106106244      -5.79297543               1
      180019      250024   5.68925738E-02  -6.14945364               1
      180019      260025   3.37157659E-02  -6.39952374               1
      180019      270026   2.18140706E-02  -6.57062531               1
      180019      280027   1.49741732E-02  -6.67981052               1
      180019      290028   1.07478388E-02  -6.71090221               1
      180019      300029   8.01363681E-03  -6.73277664               1
      180019      310030   6.16320781E-03  -6.70980787               1
      180019      320031   4.84594330E-03  -6.68056917               1
      180019      330032   3.88760492E-03  -6.61627960               1
      190020       20001   1.17845321E-03  -10.2310257               1
      190020       30002   1.40597089E-03  -10.1964436               1
      190020       40003   1.67873036E-03  -10.1164179               1
      190020       50004   2.04676064E-03  -10.0444078               1
      190020       60005   2.51434231E-03  -9.96093369               1
      190020       70006   3.11614107E-03  -9.86797142               1
      190020       80007   3.93067487E-03  -9.71459579               1
      190020       90008   5.04608406E-03  -9.47720432               1
      190020      100009   6.71182154E-03  -9.08133984               1
      190020      110010   9.33732651E-03  -8.48316765               1
      190020      120011   1.42372865E-02  -7.71468401               1
      190020      130012   2.43373383E-02  -6.86629486               1
      190020      140013   4.68566716E-02  -6.10213900               1
      190020      150014   9.97353345E-02  -5.52093983               1
      190020      160015  0.236087114      -5.14721870               1
      190020      170016  0.655468345      -4.96814394               1
      190020      180017   2.60759926      -5.01106453               1
      190020      220021   2.58730030      -5.08790493               1
      190020      230022  0.642498314      -5.13305235               1
      190020      240023  0.242881507      -5.30074501               1
      190020      250024  0.116072521      -5.50896740               1
      190020      260025   6.34800047E-02  -5.66558981               1
      190020      270026   3.86531278E-02  -5.77741766               1
      190020      280027   2.52980199E-02  -5.84874153               1
      190020      290028   1.74854621E-02  -5.85439873               1
      190020      300029   1.26426937E-02  -5.85667229               1
      190020      310030   9.48639121E-03  -5.81760025               1
      190020      320031   7.30937300E-03  -5.77302551               1
      190020      330032   5.76784369E-03  -5.69460249               1
      200021       20001   1.11133431E-03  -9.89598560               1
      200021       30002   1.30882103E-03  -9.88103199               1
      200021       40003   1.54039590E-03  -9.82273960               1
      200021       50004   1.84822502E-03  -9.77759171               1
      200021       60005   2.22839462E-03  -9.72787380               1
      200021       70006   2.70077190E-03  -9.68040276               1
      200021       80007   3.31283687E-03  -9.59179306               1
      200021       90008   4.09764331E-03  -9.45464134               1
      200021      100009   5.17351087E-03  -9.21865177               1
      200021      110010   6.67938590E-03  -8.85968399               1
      200021      120011   9.21877380E-03  -8.36702728               1
      200021      130012   1.41062159E-02  -7.68832016               1
      200021      140013   2.44442523E-02  -6.91401005               1
      200021      150014   4.70590517E-02  -6.19396877               1
      200021      160015   9.93963555E-02  -5.61764479               1
      200021      170016  0.233615622      -5.20726347               1
      200021      180017  0.650110722      -5.02980614               1
      200021      190018   2.60383725      -5.04628134               1
      200021      230022   2.58559704      -5.06664467               1
      200021      240023  0.655135095      -5.03066635               1
      200021      250024  0.260034531      -5.06796885               1
      200021      260025  0.127207950      -5.11134338               1
      200021      270026   7.17497617E-02  -5.14974022               1
      200021      280027   4.43690009E-02  -5.17334938               1
      200021      290028   2.93561891E-02  -5.14707804               1
      200021      300029   2.04911325E-02  -5.12583351               1
      200021      310030   1.49461646E-02  -5.06906223               1
      200021      320031   1.12504158E-02  -5.00942993               1
      200021      330032   8.70907865E-03  -4.91867352               1
      210022       20001   1.11375155E-03  -9.42367363               1
      210022       30002   1.29454816E-03  -9.43670273               1
      210022       40003   1.50226511E-03  -9.40643120               1
      210022       50004   1.77544425E-03  -9.39154148               1
      210022       60005   2.10482394E-03  -9.37507915               1
      210022       70006   2.50240136E-03  -9.36693382               1
      210022       80007   2.99966172E-03  -9.32901001               1
      210022       90008   3.60244047E-03  -9.26671791               1
      210022      100009   4.36739530E-03  -9.15320206               1
      210022      110010   5.31392591E-03  -9.00072098               1
      210022      120011   6.73765503E-03  -8.81220722               1
      210022      130012   9.28668585E-03  -8.43606091               1
      210022      140013   1.44554451E-02  -7.82093811               1
      210022      150014   2.51295231E-02  -7.08863783               1
      210022      160015   4.78249863E-02  -6.38095570               1
      210022      170016   9.94409919E-02  -5.76549196               1
      210022      180017  0.231814206      -5.33899021               1
      210022      190018  0.644320905      -5.09707451               1
      210022      200019   2.58700466      -5.08806849               1
      210022      240023   2.60467601      -5.01863337               1
      210022      250024  0.672553480      -4.95810318               1
      210022      260025  0.270930409      -4.89584017               1
      210022      270026  0.136260048      -4.86151028               1
      210022      280027   7.80428424E-02  -4.83768034               1
      210022      290028   4.88723144E-02  -4.77979803               1
      210022      300029   3.26938294E-02  -4.73518610               1
      210022      310030   2.30606366E-02  -4.66090775               1
      210022      320031   1.68893617E-02  -4.58650637               1
      210022      330032   1.27843237E-02  -4.48388100               1
      220023       20001   1.09221647E-03  -9.16625214               1
      220023       30002   1.25628454E-03  -9.19388390               1
      220023       40003   1.44162797E-03  -9.17809010               1
      220023       50004   1.68364041E-03  -9.17904854               1
      220023       60005   1.97004667E-03  -9.17967319               1
      220023       70006   2.30824738E-03  -9.19137669               1
      220023       80007   2.72039045E-03  -9.17858219               1
      220023       90008   3.19904555E-03  -9.15390587               1
      220023      100009   3.77079309E-03  -9.10509586               1
      220023      110010   4.40448849E-03  -9.07347870               1
      220023      120011   5.25658438E-03  -9.09688854               1
      220023      130012   6.68269861E-03  -8.99708652               1
      220023      140013   9.49655380E-03  -8.61277008               1
      220023      150014   1.50543218E-02  -7.98486376               1
      220023      160015   2.60709599E-02  -7.25586510               1
      220023      170016   4.89057042E-02  -6.51946926               1
      220023      180017  0.100540087      -5.89643955               1
      220023      190018  0.233245328      -5.40917063               1
      220023      200019  0.642134011      -5.13357401               1
      220023      210020   2.58536267      -5.06663561               1
      220023      250024   2.60254741      -4.98842716               1
      220023      260025  0.668561101      -4.92669535               1
      220023      270026  0.272996604      -4.85670567               1
      220023      280027  0.138262853      -4.80601501               1
      220023      290028   7.98894241E-02  -4.73021698               1
      220023      300029   5.04366048E-02  -4.67175961               1
      220023      310030   3.40538435E-02  -4.58664513               1
      220023      320031   2.40875017E-02  -4.50201130               1
      220023      330032   1.77282318E-02  -4.39053297               1
      230024       20001   1.03718345E-03  -9.06315804               1
      230024       30002   1.18318084E-03  -9.09690762               1
      230024       40003   1.34581502E-03  -9.08709145               1
      230024       50004   1.55713852E-03  -9.09496689               1
      230024       60005   1.80356298E-03  -9.10294533               1
      230024       70006   2.08967668E-03  -9.12313938               1
      230024       80007   2.43169465E-03  -9.12090778               1
      230024       90008   2.81623518E-03  -9.11245060               1
      230024      100009   3.25498125E-03  -9.09304142               1
      230024      110010   3.69833177E-03  -9.12113857               1
      230024      120011   4.23733704E-03  -9.26287651               1
      230024      130012   5.09132957E-03  -9.34566975               1
      230024      140013   6.76220376E-03  -9.15413952               1
      230024      150014   9.96763632E-03  -8.65993977               1
      230024      160015   1.59780588E-02  -7.97894335               1
      230024      170016   2.75576264E-02  -7.20396090               1
      230024      180017   5.14179096E-02  -6.46386051               1
      230024      190018  0.105705202      -5.79866743               1
      230024      200019  0.242519543      -5.30149174               1
      230024      210020  0.654898763      -5.03015995               1
      230024      220021   2.60459685      -5.01839209               1
      230024      260025   2.59120226      -4.98007917               1
      230024      270026  0.666185021      -4.94043446               1
      230024      280027  0.270342290      -4.89486599               1
      230024      290028  0.137018234      -4.82205677               1
      230024      300029   7.93070048E-02  -4.76434755               1
      230024      310030   5.03444597E-02  -4.67905855               1
      230024      320031   3.39731164E-02  -4.59199142               1
      230024      330032   2.40946598E-02  -4.47747040               1
      240025       20001   9.67829139E-04  -9.01354313               1
      240025       30002   1.09639647E-03  -9.05107689               1
      240025       40003   1.23785832E-03  -9.04488277               1
      240025       50004   1.42103888E-03  -9.05707455               1
      240025       60005   1.63199718E-03  -9.06948662               1
      240025       70006   1.87353720E-03  -9.09456730               1
      240025       80007   2.15787813E-03  -9.09795475               1
      240025       90008   2.46926537E-03  -9.09775448               1
      240025      100009   2.81171664E-03  -9.09317970               1
      240025      110010   3.13090743E-03  -9.15242958               1
      240025      120011   3.48478835E-03  -9.36037159               1
      240025      130012   4.02281666E-03  -9.55558968               1
      240025      140013   5.08738915E-03  -9.49889374               1
      240025      150014   7.10132672E-03  -9.11771393               1
      240025      160015   1.07245818E-02  -8.50189304               1
      240025      170016   1.73213799E-02  -7.73278093               1
      240025      180017   2.99981385E-02  -6.93588066               1
      240025      190018   5.65311126E-02  -6.15912342               1
      240025      200019  0.115745701      -5.50929070               1
      240025      210020  0.259828597      -5.06561565               1
      240025      220021  0.672503948      -4.95655632               1
      240025      230022   2.60258341      -4.98804426               1
      240025      270026   2.59279585      -4.99267292               1
      240025      280027  0.663007081      -4.97770834               1
      240025      290028  0.268244714      -4.92798042               1
      240025      300029  0.135523573      -4.88698912               1
      240025      310030   7.86217749E-02  -4.81454945               1
      240025      320031   4.97176908E-02  -4.73564577               1
      240025      330032   3.35599408E-02  -4.62689352               1
      250026       20001   8.82431923E-04  -8.91866589               1
      250026       30002   9.93804308E-04  -8.96000004               1
      250026       40003   1.11500046E-03  -8.95746517               1
      250026       50004   1.27153366E-03  -8.97385693               1
      250026       60005   1.44984038E-03  -8.99048901               1
      250026       70006   1.65153574E-03  -9.01997852               1
      250026       80007   1.88590470E-03  -9.02799416               1
      250026       90008   2.13677948E-03  -9.03381443               1
      250026      100009   2.40406557E-03  -9.03893089               1
      250026      110010   2.63504544E-03  -9.11756039               1
      250026      120011   2.86876550E-03  -9.36716747               1
      250026      130012   3.21320514E-03  -9.63625622               1
      250026      140013   3.91555112E-03  -9.67412567               1
      250026      150014   5.24234539E-03  -9.38022995               1
      250026      160015   7.55859725E-03  -8.82519150               1
      250026      170016   1.15935365E-02  -8.07859421               1
      250026      180017   1.89380944E-02  -7.25851297               1
      250026      190018   3.34124900E-02  -6.41472864               1
      250026      200019   6.32085130E-02  -5.66531467               1
      250026      210020  0.127051353      -5.10561562               1
      250026      220021  0.270927221      -4.89121008               1
      250026      230022  0.668649197      -4.92471886               1
      250026      240023   2.59130144      -4.97969389               1
      250026      280027   2.58207011      -5.00857544               1
      250026      290028  0.659057260      -4.97786474               1
      250026      300029  0.265492141      -4.95594358               1
      250026      310030  0.134305865      -4.90256071               1
      250026      320031   7.74775669E-02  -4.83944368               1
      250026      330032   4.89377230E-02  -4.74455404               1
      260027       20001   8.15185136E-04  -8.75287247               1
      260027       30002   9.12807067E-04  -8.80171585               1
      260027       40003   1.01788924E-03  -8.80646420               1
      260027       50004   1.15338562E-03  -8.83051300               1
      260027       60005   1.30612822E-03  -8.85469818               1
      260027       70006   1.47695350E-03  -8.89170170               1
      260027       80007   1.67310855E-03  -8.90714169               1
      260027       90008   1.87860918E-03  -8.92117977               1
      260027      100009   2.09111115E-03  -8.93685818               1
      260027      110010   2.26098206E-03  -9.03263378               1
      260027      120011   2.41637533E-03  -9.31510735               1
      260027      130012   2.64040567E-03  -9.64046955               1
      260027      140013   3.12251388E-03  -9.75072575               1
      260027      150014   4.04292531E-03  -9.52590084               1
      260027      160015   5.61647862E-03  -9.02324772               1
      260027      170016   8.26377049E-03  -8.30343151               1
      260027      180017   1.28766736E-02  -7.47705936               1
      260027      190018   2.15582196E-02  -6.59248209               1
      260027      200019   3.84218954E-02  -5.77649260               1
      260027      210020   7.16208890E-02  -5.13908005               1
      260027      220021  0.136274099      -4.85157299               1
      260027      230022  0.273102552      -4.85114813               1
      260027      240023  0.666309655      -4.93848038               1
      260027      250024   2.59289551      -4.99234104               1
      260027      290028   2.57815146      -5.00706673               1
      260027      300029  0.659222960      -4.99511051               1
      260027      310030  0.266717911      -4.95797825               1
      260027      320031  0.134439513      -4.91314363               1
      260027      330032   7.75555968E-02  -4.83779573               1
      270028       20001   7.52518768E-04  -8.54907227               1
      270028       30002   8.38182750E-04  -8.60670757               1
      270028       40003   9.29437927E-04  -8.62006283               1
      270028       50004   1.04699435E-03  -8.65305519               1
      270028       60005   1.17822678E-03  -8.68610954               1
      270028       70006   1.32345245E-03  -8.73191357               1
      270028       80007   1.48841192E-03  -8.75600529               1
      270028       90008   1.65774708E-03  -8.77926350               1
      270028      100009   1.82792661E-03  -8.80585194               1
      270028      110010   1.95322488E-03  -8.91740513               1
      270028      120011   2.05495977E-03  -9.22745895               1
      270028      130012   2.19968450E-03  -9.59811401               1
      270028      140013   2.53792619E-03  -9.76597118               1
      270028      150014   3.19762900E-03  -9.59648609               1
      270028      160015   4.31059161E-03  -9.13743591               1
      270028      170016   6.13289140E-03  -8.44336319               1
      270028      180017   9.19795595E-03  -7.61880064               1
      270028      190018   1.47607569E-02  -6.70927572               1
      270028      200019   2.51008049E-02  -5.84760809               1
      270028      210020   4.42588292E-02  -5.15667057               1
      270028      220021   7.80613422E-02  -4.82023668               1
      270028      230022  0.138371423      -4.79440880               1
      270028      240023  0.270477712      -4.88933659               1
      270028      250024  0.663128614      -4.97596550               1
      270028      260025   2.58214068      -5.00827599               1
      270028      300029   2.58884597      -5.02078724               1
      270028      310030  0.658418298      -4.98862457               1
      270028      320031  0.265634656      -4.95771742               1
      270028      330032  0.134101197      -4.90352440               1
      280029       20001   6.91762310E-04  -8.28369808               1
      280029       30002   7.66826386E-04  -8.35136986               1
      280029       40003   8.46006209E-04  -8.37463188               1
      280029       50004   9.47970257E-04  -8.41784096               1
      280029       60005   1.06076803E-03  -8.46108723               1
      280029       70006   1.18437712E-03  -8.51702690               1
      280029       80007   1.32339448E-03  -8.55112267               1
      280029       90008   1.46336691E-03  -8.58486748               1
      280029      100009   1.60021742E-03  -8.62331295               1
      280029      110010   1.69244199E-03  -8.75063610               1
      280029      120011   1.75682001E-03  -9.08587742               1
      280029      130012   1.84809463E-03  -9.49567986               1
      280029      140013   2.08881730E-03  -9.71194363               1
      280029      150014   2.57331529E-03  -9.58829117               1
      280029      160015   3.38509283E-03  -9.16542625               1
      280029      170016   4.68722498E-03  -8.49394512               1
      280029      180017   6.81635365E-03  -7.67405987               1
      280029      190018   1.05715347E-02  -6.74845171               1
      280029      200019   1.73169132E-02  -5.85397291               1
      280029      210020   2.92585716E-02  -5.12416983               1
      280029      220021   4.88874614E-02  -4.75332212               1
      280029      230022   7.99913630E-02  -4.71026897               1
      280029      240023  0.137155548      -4.81054211               1
      280029      250024  0.268381506      -4.92296839               1
      280029      260025  0.659157813      -4.97628164               1
      280029      270026   2.57822967      -5.00678730               1
      280029      310030   2.59602857      -4.99419641               1
      280029      320031  0.656522036      -4.96811152               1
      280029      330032  0.264955342      -4.93121147               1
      290030       20001   6.40888640E-04  -8.01852226               1
      290030       30002   7.07162719E-04  -8.09702492               1
      290030       40003   7.76392000E-04  -8.13102818               1
      290030       50004   8.65569280E-04  -8.18529892               1
      290030       60005   9.63358209E-04  -8.23962593               1
      290030       70006   1.06951233E-03  -8.30661488               1
      290030       80007   1.18777435E-03  -8.35165501               1
      290030       90008   1.30458095E-03  -8.39680672               1
      290030      100009   1.41563232E-03  -8.44788074               1
      290030      110010   1.48322596E-03  -8.59124565               1
      290030      120011   1.52108073E-03  -8.95064545               1
      290030      130012   1.57546182E-03  -9.39643955               1
      290030      140013   1.74866407E-03  -9.65607643               1
      290030      150014   2.11265124E-03  -9.57262993               1
      290030      160015   2.72158207E-03  -9.18095398               1
      290030      170016   3.68326181E-03  -8.52904320               1
      290030      180017   5.21991821E-03  -7.71415567               1
      290030      190018   7.86837563E-03  -6.77658796               1
      290030      200019   1.24965962E-02  -5.85610199               1
      290030      210020   2.03996133E-02  -5.09510946               1
      290030      220021   3.26981880E-02  -4.69689560               1
      290030      230022   5.05225547E-02  -4.63990164               1
      290030      240023   7.94349313E-02  -4.74310112               1
      290030      250024  0.135663137      -4.87543488               1
      290030      260025  0.265610069      -4.95080662               1
      290030      270026  0.659329236      -4.99339819               1
      290030      280027   2.58892632      -5.02046585               1
      290030      320031   2.58833051      -4.99729490               1
      290030      330032  0.662356257      -4.97209930               1
      300031       20001   5.96549420E-04  -7.69208813               1
      300031       30002   6.55365642E-04  -7.78304195               1
      300031       40003   7.16218376E-04  -7.82945442               1
      300031       50004   7.94677646E-04  -7.89645052               1
      300031       60005   8.79988598E-04  -7.96357727               1
      300031       70006   9.71761299E-04  -8.04336071               1
      300031       80007   1.07308687E-03  -8.10113811               1
      300031       90008   1.17127155E-03  -8.15952778               1
      300031      100009   1.26199308E-03  -8.22504330               1
      300031      110010   1.31097983E-03  -8.38607883               1
      300031      120011   1.32980582E-03  -8.77058029               1
      300031      130012   1.35838147E-03  -9.25201321               1
      300031      140013   1.48373505E-03  -9.55329990               1
      300031      150014   1.76235475E-03  -9.50759220               1
      300031      160015   2.22998927E-03  -9.14458370               1
      300031      170016   2.96032196E-03  -8.51059818               1
      300031      180017   4.10609879E-03  -7.70113039               1
      300031      190018   6.04522880E-03  -6.75477457               1
      300031      200019   9.36030876E-03  -5.81357718               1
      300031      210020   1.48602370E-02  -5.02727509               1
      300031      220021   2.30551325E-02  -4.60677528               1
      300031      230022   3.41244973E-02  -4.53813314               1
      300031      240023   5.04625477E-02  -4.64300871               1
      300031      250024   7.87628070E-02  -4.79160547               1
      300031      260025  0.134440064      -4.88986254               1
      300031      270026  0.266852707      -4.95208454               1
      300031      280027  0.658536255      -4.98655844               1
      300031      290028   2.59610605      -4.99377680               1
      300031      330032   2.58531690      -4.99410152               1
      310032       20001   5.58999367E-04  -7.34270239               1
      310032       30002   6.11490686E-04  -7.44704199               1
      310032       40003   6.65274914E-04  -7.50684643               1
      310032       50004   7.34732312E-04  -7.58757639               1
      310032       60005   8.09624908E-04  -7.66856623               1
      310032       70006   8.89471150E-04  -7.76224804               1
      310032       80007   9.76857264E-04  -7.83392048               1
      310032       90008   1.05988758E-03  -7.90675402               1
      310032      100009   1.13432005E-03  -7.98793507               1
      310032      110010   1.16889214E-03  -8.16778469               1
      310032      120011   1.17362814E-03  -8.57817936               1
      310032      130012   1.18354708E-03  -9.09537792               1
      310032      140013   1.27385766E-03  -9.43773079               1
      310032      150014   1.48988166E-03  -9.42866039               1
      310032      160015   1.85525906E-03  -9.09290600               1
      310032      170016   2.42148433E-03  -8.47559071               1
      310032      180017   3.29667097E-03  -7.67121649               1
      310032      190018   4.75631887E-03  -6.71727228               1
      310032      200019   7.20739644E-03  -5.75787067               1
      310032      210020   1.11787133E-02  -4.94909763               1
      310032      220021   1.68872979E-02  -4.50850010               1
      310032      230022   2.41586883E-02  -4.42834330               1
      310032      240023   3.40976976E-02  -4.53251886               1
      310032      250024   4.98761944E-02  -4.69308090               1
      310032      260025   7.76433870E-02  -4.81197929               1
      310032      270026  0.134618327      -4.89740992               1
      310032      280027  0.265805453      -4.95010710               1
      310032      290028  0.656655967      -4.96528006               1
      310032      300029   2.58844113      -4.99671698               1
      320033       20001   5.30045305E-04  -6.90811968               1
      320033       30002   5.77324477E-04  -7.02785397               1
      320033       40003   6.25282293E-04  -7.10312271               1
      320033       50004   6.87370426E-04  -7.19969845               1
      320033       60005   7.53752596E-04  -7.29673910               1
      320033       70006   8.23889568E-04  -7.40655613               1
      320033       80007   8.99981649E-04  -7.49443436               1
      320033       90008   9.70800582E-04  -7.58412886               1
      320033      100009   1.03222230E-03  -7.68352938               1
      320033      110010   1.05547870E-03  -7.88494444               1
      320033      120011   1.04949495E-03  -8.32417011               1
      320033      130012   1.04558910E-03  -8.88013363               1
      320033      140013   1.10992463E-03  -9.26632690               1
      320033      150014   1.27969717E-03  -9.29611397               1
      320033      160015   1.57042546E-03  -8.98917198               1
      320033      170016   2.01887195E-03  -8.38970184               1
      320033      180017   2.70379055E-03  -7.59188938               1
      320033      190018   3.83290090E-03  -6.63266039               1
      320033      200019   5.70154376E-03  -5.65813112               1
      320033      210020   8.67075846E-03  -4.83007431               1
      320033      220021   1.28132449E-02  -4.37198591               1
      320033      230022   1.78332590E-02  -4.28138304               1
      320033      240023   2.42619552E-02  -4.38413143               1
      320033      250024   3.37739438E-02  -4.55447626               1
      320033      260025   4.91746292E-02  -4.69283295               1
      320033      270026   7.78215006E-02  -4.80402231               1
      320033      280027  0.134371758      -4.88394308               1
      320033      290028  0.265196145      -4.92156506               1
      320033      300029  0.662586987      -4.96867752               1
      320033      310030   2.58548570      -4.99341154               1
