         930
       10002       40003   2.59839082      -4.97075319               1
       10002       50004  0.658937812      -4.99246740               1
       10002       60005  0.264514834      -5.07869959               1
       10002       70006  0.133184075      -5.10285091               1
       10002       80007   7.70760402E-02  -5.03573370               1
       10002       90008   4.86518405E-02  -4.97123671               1
       10002      100009   3.26490104E-02  -5.00363779               1
       10002      110010   2.21496671E-02  -5.16965103               1
       10002      120011   1.47830704E-02  -5.53236389               1
       10002      130012   9.62872151E-03  -6.10885859               1
       10002      140013   6.34518871E-03  -6.80086088               1
       10002      150014   4.35218215E-03  -7.50456190               1
       10002      160015   3.10052908E-03  -8.10630417               1
       10002      170016   2.29755742E-03  -8.55889511               1
       10002      180017   1.75199693E-03  -8.88133240               1
       10002      190018   1.38713268E-03  -9.11524963               1
       10002      200019   1.14690477E-03  -9.28661156               1
       10002      210020   9.92896035E-04  -9.37158680               1
       10002      220021   8.86409951E-04  -9.42012691               1
       10002      230022   7.90847931E-04  -9.49706841               1
       10002      240023   7.08165753E-04  -9.56716251               1
       10002      250024   6.41320075E-04  -9.58540821               1
       10002      260025   5.80046151E-04  -9.52372837               1
       10002      270026   5.32894104E-04  -9.40625095               1
       10002      280027   4.88046528E-04  -9.28066444               1
       10002      290028   4.44874924E-04  -9.20032215               1
       10002      300029   4.05319297E-04  -9.16746712               1
       10002      310030   3.67227069E-04  -9.15578842               1
       10002      320031   3.30561859E-04  -9.18776703               1
       10002      330032   2.94252270E-04  -9.30607128               1
       20003       50004   2.59770942      -4.92819023               1
       20003       60005  0.658780932      -5.01260233               1
       20003       70006  0.266059339      -5.03328133               1
       20003       80007  0.135079205      -4.95673990               1
       20003       90008   7.82475322E-02  -4.87957191               1
       20003      100009   4.94346060E-02  -4.90129089               1
       20003      110010   3.20699252E-02  -5.06028652               1
       20003      120011   2.06527989E-02  -5.41859531               1
       20003      130012   1.30492132E-02  -5.99560261               1
       20003      140013   8.36960878E-03  -6.69432592               1
       20003      150014   5.60446037E-03  -7.41036749               1
       20003      160015   3.90838040E-03  -8.02765751               1
       20003      170016   2.84197181E-03  -8.49686050               1
       20003      180017   2.13016104E-03  -8.83705139               1
       20003      190018   1.65934768E-03  -9.09101963               1
       20003      200019   1.35059759E-03  -9.28668118               1
       20003      210020   1.15183135E-03  -9.39942169               1
       20003      220021   1.01448654E-03  -9.47512341               1
       20003      230022   8.94611352E-04  -9.57582188               1
       20003      240023   7.93025538E-04  -9.66629124               1
       20003      250024   7.11774162E-04  -9.70256519               1
       20003      260025   6.38519879E-04  -9.65783691               1
       20003      270026   5.82158449E-04  -9.55693913               1
       20003      280027   5.29375160E-04  -9.44788456               1
       20003      290028   4.79302631E-04  -9.38434029               1
       20003      300029   4.33862762E-04  -9.36892796               1
       20003      310030   3.90661298E-04  -9.37513924               1
       20003      320031   3.49551527E-04  -9.42569923               1
       20003      330032   3.09366238E-04  -9.56315613               1
       30004       20001   2.59797287      -4.97181368               1
       30004       60005   2.59697771      -4.93803024               1
       30004       70006  0.659500301      -4.96092653               1
       30004       80007  0.267540187      -4.88013792               1
       30004       90008  0.135701135      -4.78946590               1
       30004      100009   7.86607191E-02  -4.79759359               1
       30004      110010   4.80708294E-02  -4.94613457               1
       30004      120011   2.95769069E-02  -5.29643679               1
       30004      130012   1.79945044E-02  -5.87141657               1
       30004      140013   1.11641502E-02  -6.57630253               1
       30004      150014   7.25971162E-03  -7.30650663               1
       30004      160015   4.93316911E-03  -7.94309568               1
       30004      170016   3.50618828E-03  -8.43376637               1
       30004      180017   2.57435674E-03  -8.79716110               1
       30004      190018   1.96696538E-03  -9.07704639               1
       30004      200019   1.57151499E-03  -9.30346489               1
       30004      210020   1.31672726E-03  -9.45091343               1
       30004      220021   1.14136178E-03  -9.56044579               1
       30004      230022   9.92725720E-04  -9.69068146               1
       30004      240023   8.69565818E-04  -9.80647564               1
       30004      250024   7.72263913E-04  -9.86524773               1
       30004      260025   6.86092942E-04  -9.84183025               1
       30004      270026   6.19879458E-04  -9.76197338               1
       30004      280027   5.58886910E-04  -9.67410851               1
       30004      290028   5.01932809E-04  -9.63232994               1
       30004      300029   4.50794178E-04  -9.63978863               1
       30004      310030   4.02854843E-04  -9.66974831               1
       30004      320031   3.57815792E-04  -9.74529362               1
       30004      330032   3.14428849E-04  -9.90883923               1
       40005       20001  0.658527374      -4.99620008               1
       40005       30002   2.59756446      -4.92856598               1
       40005       70006   2.59119153      -5.06306314               1
       40005       80007  0.663197100      -4.98155355               1
       40005       90008  0.269414276      -4.86972666               1
       40005      100009  0.137176022      -4.85323477               1
       40005      110010   7.71922171E-02  -4.98015404               1
       40005      120011   4.47884724E-02  -5.31125784               1
       40005      130012   2.60135066E-02  -5.87435532               1
       40005      140013   1.55093623E-02  -6.57811165               1
       40005      150014   9.74128675E-03  -7.31877661               1
       40005      160015   6.42127777E-03  -7.97451305               1
       40005      170016   4.44460008E-03  -8.48925877               1
       40005      180017   3.18744429E-03  -8.88036346               1
       40005      190018   2.38330476E-03  -9.19187355               1
       40005      200019   1.86581910E-03  -9.45552921               1
       40005      210020   1.53389131E-03  -9.64444733               1
       40005      220021   1.30738434E-03  -9.79413033               1
       40005      230022   1.12095231E-03  -9.95935249               1
       40005      240023   9.69947083E-04  -10.1052208               1
       40005      250024   8.52233439E-04  -10.1908989               1
       40005      260025   7.49805244E-04  -10.1931753               1
       40005      270026   6.71354588E-04  -10.1388760               1
       40005      280027   6.00221101E-04  -10.0768757               1
       40005      290028   5.34783932E-04  -10.0617590               1
       40005      300029   4.76639892E-04  -10.0973024               1
       40005      310030   4.22850717E-04  -10.1565046               1
       40005      320031   3.72920476E-04  -10.2628956               1
       40005      330032   3.25468282E-04  -10.4587336               1
       50006       20001  0.264144629      -5.08604813               1
       50006       30002  0.658623815      -5.01379919               1
       50006       40003   2.59690237      -4.93807697               1
       50006       80007   2.60508299      -5.11495304               1
       50006       90008  0.666607738      -5.00520468               1
       50006      100009  0.272391319      -4.96497583               1
       50006      110010  0.135223821      -5.06354713               1
       50006      120011   7.23344758E-02  -5.36544132               1
       50006      130012   3.95712219E-02  -5.90670538               1
       50006      140013   2.24575046E-02  -6.60142374               1
       50006      150014   1.35220848E-02  -7.34824800               1
       50006      160015   8.59216787E-03  -8.02277660               1
       50006      170016   5.76111861E-03  -8.56447315               1
       50006      180017   4.01748205E-03  -8.98837662               1
       50006      190018   2.92860088E-03  -9.33793449               1
       50006      200019   2.23934604E-03  -9.64613342               1
       50006      210020   1.80140615E-03  -9.88414383               1
       50006      220021   1.50641182E-03  -10.0809984               1
       50006      230022   1.27105392E-03  -10.2870531               1
       50006      240023   1.08501595E-03  -10.4678659               1
       50006      250024   9.42166545E-04  -10.5848370               1
       50006      260025   8.20147339E-04  -10.6171513               1
       50006      270026   7.27142557E-04  -10.5929699               1
       50006      280027   6.44167943E-04  -10.5617075               1
       50006      290028   5.68999909E-04  -10.5785513               1
       50006      300029   5.02940966E-04  -10.6480608               1
       50006      310030   4.42654855E-04  -10.7429562               1
       50006      320031   3.87385080E-04  -10.8873558               1
       50006      330032   3.35582852E-04  -11.1233644               1
       60007       20001  0.132853687      -5.11600351               1
       60007       30002  0.265902102      -5.03636408               1
       60007       40003  0.659414947      -4.96129227               1
       60007       50004   2.59115028      -5.06309652               1
       60007       90008   2.60145116      -5.03068638               1
       60007      100009  0.671595395      -4.96975517               1
       60007      110010  0.270006329      -5.02789831               1
       60007      120011  0.127948746      -5.28206778               1
       60007      130012   6.45422786E-02  -5.78392982               1
       60007      140013   3.44088301E-02  -6.45527458               1
       60007      150014   1.96725708E-02  -7.19847059               1
       60007      160015   1.19572906E-02  -7.88684416               1
       60007      170016   7.71689042E-03  -8.45456505               1
       60007      180017   5.20459982E-03  -8.91278267               1
       60007      190018   3.68210790E-03  -9.30253220               1
       60007      200019   2.73958896E-03  -9.65659046               1
       60007      210020   2.14981660E-03  -9.94287968               1
       60007      220021   1.75966579E-03  -10.1832991               1
       60007      230022   1.45865430E-03  -10.4240227               1
       60007      240023   1.22693344E-03  -10.6318369               1
       60007      250024   1.05202431E-03  -10.7710810               1
       60007      260025   9.05504858E-04  -10.8236628               1
       60007      270026   7.94569962E-04  -10.8193083               1
       60007      280027   6.97218580E-04  -10.8081560               1
       60007      290028   6.10380899E-04  -10.8460054               1
       60007      300029   5.34931489E-04  -10.9381104               1
       60007      310030   4.67003003E-04  -11.0570812               1
       60007      320031   4.05494560E-04  -11.2275171               1
       60007      330032   3.48625821E-04  -11.4915552               1
       70008       20001   7.67783001E-02  -5.05843592               1
       70008       30002  0.134921297      -4.96413183               1
       70008       40003  0.267442495      -4.88203764               1
       70008       50004  0.663135231      -4.98212385               1
       70008       60005   2.60504055      -5.11511230               1
       70008      100009   2.58545637      -4.97039270               1
       70008      110010  0.669396400      -4.95359421               1
       70008      120011  0.259652853      -5.11830568               1
       70008      130012  0.116415076      -5.54303122               1
       70008      140013   5.71164638E-02  -6.16118526               1
       70008      150014   3.05983163E-02  -6.87936115               1
       70008      160015   1.76149122E-02  -7.56819630               1
       70008      170016   1.08542843E-02  -8.15569401               1
       70008      180017   7.03247217E-03  -8.64740276               1
       70008      190018   4.80100280E-03  -9.07966614               1
       70008      200019   3.45914182E-03  -9.48279762               1
       70008      210020   2.63781589E-03  -9.81893730               1
       70008      220021   2.10742047E-03  -10.1008444               1
       70008      230022   1.71307963E-03  -10.3700914               1
       70008      240023   1.41828565E-03  -10.5955811               1
       70008      250024   1.20010460E-03  -10.7456217               1
       70008      260025   1.02110021E-03  -10.8053370               1
       70008      270026   8.86768161E-04  -10.8063049               1
       70008      280027   7.70850631E-04  -10.7996159               1
       70008      290028   6.69039786E-04  -10.8416557               1
       70008      300029   5.81605709E-04  -10.9381495               1
       70008      310030   5.03915537E-04  -11.0617771               1
       70008      320031   4.34400717E-04  -11.2373438               1
       70008      330032   3.70937574E-04  -11.5071926               1
       80009       20001   4.83927317E-02  -5.00625706               1
       80009       30002   7.80980065E-02  -4.89385653               1
       80009       40003  0.135597885      -4.79481506               1
       80009       50004  0.269336224      -4.87207603               1
       80009       60005  0.666542470      -5.00622463               1
       80009       70006   2.60139751      -5.03090763               1
       80009      110010   2.59791756      -4.99810123               1
       80009      120011  0.660200536      -5.01109934               1
       80009      130012  0.244029224      -5.29518366               1
       80009      140013  0.106228642      -5.80889940               1
       80009      150014   5.21939248E-02  -6.46493721               1
       80009      160015   2.80474667E-02  -7.12981176               1
       80009      170016   1.63177438E-02  -7.72393847               1
       80009      180017   1.00616626E-02  -8.24577713               1
       80009      190018   6.57478999E-03  -8.72502232               1
       80009      200019   4.55507962E-03  -9.18733025               1
       80009      210020   3.35555384E-03  -9.58543682               1
       80009      220021   2.60490086E-03  -9.91838551               1
       80009      230022   2.07008631E-03  -10.2204943               1
       80009      240023   1.68364751E-03  -10.4631615               1
       80009      250024   1.40428997E-03  -10.6200771               1
       80009      260025   1.18037604E-03  -10.6805906               1
       80009      270026   1.01427501E-03  -10.6787004               1
       80009      280027   8.73489655E-04  -10.6667747               1
       80009      290028   7.51810381E-04  -10.7018719               1
       80009      300029   6.48589630E-04  -10.7900810               1
       80009      310030   5.58065076E-04  -10.9042625               1
       80009      320031   4.78004979E-04  -11.0692081               1
       80009      330032   4.05775121E-04  -11.3275547               1
       90010       20001   3.24315503E-02  -5.05072975               1
       90010       30002   4.93000373E-02  -4.92338657               1
       90010       40003   7.85580724E-02  -4.80767393               1
       90010       50004  0.137086838      -4.85859156               1
       90010       60005  0.272306144      -4.96788549               1
       90010       70006  0.671514392      -4.97082090               1
       90010       80007   2.58539128      -4.97058010               1
       90010      120011   2.61015248      -5.03617191               1
       90010      130012  0.645474374      -5.10784054               1
       90010      140013  0.232274786      -5.44576597               1
       90010      150014  0.101048425      -5.98440218               1
       90010      160015   4.96157929E-02  -6.58636856               1
       90010      170016   2.68496703E-02  -7.16279459               1
       90010      180017   1.55698787E-02  -7.70380640               1
       90010      190018   9.63761751E-03  -8.23159981               1
       90010      200019   6.36024913E-03  -8.76624393               1
       90010      210020   4.48891753E-03  -9.24723721               1
       90010      220021   3.36375111E-03  -9.65246296               1
       90010      230022   2.60121305E-03  -10.0027981               1
       90010      240023   2.07211589E-03  -10.2711544               1
       90010      250024   1.70051062E-03  -10.4382505               1
       90010      260025   1.41064252E-03  -10.4992838               1
       90010      270026   1.19882252E-03  -10.4916515               1
       90010      280027   1.02281780E-03  -10.4695301               1
       90010      290028   8.73309793E-04  -10.4909267               1
       90010      300029   7.48157734E-04  -10.5623293               1
       90010      310030   6.39849808E-04  -10.6569290               1
       90010      320031   5.45159157E-04  -10.7993708               1
       90010      330032   4.60665789E-04  -11.0326710               1
      100011       20001   2.20030807E-02  -5.22664309               1
      100011       30002   3.19851078E-02  -5.08977079               1
      100011       40003   4.80078682E-02  -4.96151876               1
      100011       50004   7.71353841E-02  -4.98946667               1
      100011       60005  0.135165393      -5.06940794               1
      100011       70006  0.269946009      -5.03069735               1
      100011       80007  0.669344246      -4.95446348               1
      100011       90008   2.59788442      -4.99824047               1
      100011      130012   2.61209393      -5.02685213               1
      100011      140013  0.634296477      -5.10601187               1
      100011      150014  0.228029594      -5.45011759               1
      100011      160015   9.87767950E-02  -5.92880630               1
      100011      170016   4.86454256E-02  -6.44359970               1
      100011      180017   2.61134729E-02  -6.97539663               1
      100011      190018   1.51082007E-02  -7.53940201               1
      100011      200019   9.37867910E-03  -8.15264511               1
      100011      210020   6.26599463E-03  -8.74065399               1
      100011      220021   4.48463578E-03  -9.25125313               1
      100011      230022   3.34675075E-03  -9.68004799               1
      100011      240023   2.59524561E-03  -9.99655056               1
      100011      250024   2.08622147E-03  -10.1893187               1
      100011      260025   1.70221028E-03  -10.2615709               1
      100011      270026   1.42701133E-03  -10.2556734               1
      100011      280027   1.20374374E-03  -10.2285280               1
      100011      290028   1.01795071E-03  -10.2397718               1
      100011      300029   8.64863105E-04  -10.2967939               1
      100011      310030   7.34412577E-04  -10.3733721               1
      100011      320031   6.21869229E-04  -10.4942627               1
      100011      330032   5.22698567E-04  -10.7030687               1
      110012       20001   1.47184264E-02  -5.59263086               1
      110012       30002   2.06359569E-02  -5.45131922               1
      110012       40003   2.95783747E-02  -5.31491661               1
      110012       50004   4.47956435E-02  -5.32358837               1
      110012       60005   7.23406076E-02  -5.37422991               1
      110012       70006  0.127952054      -5.28709126               1
      110012       80007  0.259659648      -5.12038279               1
      110012       90008  0.660218835      -5.01168585               1
      110012      100009   2.61019349      -5.03627348               1
      110012      140013   2.62255788      -4.99209309               1
      110012      150014  0.641898096      -5.04473305               1
      110012      160015  0.230021596      -5.31607485               1
      110012      170016   9.98324379E-02  -5.69797373               1
      110012      180017   4.86441888E-02  -6.16211081               1
      110012      190018   2.59251520E-02  -6.71735430               1
      110012      200019   1.49402134E-02  -7.38360500               1
      110012      210020   9.32534318E-03  -8.07912922               1
      110012      220021   6.29513897E-03  -8.71837139               1
      110012      230022   4.48635360E-03  -9.25666332               1
      110012      240023   3.35972011E-03  -9.64864159               1
      110012      250024   2.62999046E-03  -9.88787079               1
      110012      260025   2.10153358E-03  -9.98667526               1
      110012      270026   1.73226534E-03  -9.99379539               1
      110012      280027   1.44123228E-03  -9.96978664               1
      110012      290028   1.20495108E-03  -9.97672462               1
      110012      300029   1.01392425E-03  -10.0235367               1
      110012      310030   8.54055805E-04  -10.0849237               1
      110012      320031   7.18227995E-04  -10.1861067               1
      110012      330032   6.00214524E-04  -10.3715410               1
      120013       20001   9.62942652E-03  -6.16075087               1
      120013       30002   1.30901048E-02  -6.02250719               1
      120013       40003   1.80556998E-02  -5.88640785               1
      120013       50004   2.60858331E-02  -5.88519621               1
      120013       60005   3.96490879E-02  -5.91582108               1
      120013       70006   6.46225214E-02  -5.79016113               1
      120013       80007  0.116500057      -5.54621315               1
      120013       90008  0.244122937      -5.29641485               1
      120013      100009  0.645584583      -5.10822868               1
      120013      110010   2.61219740      -5.02690744               1
      120013      150014   2.62414885      -4.98488426               1
      120013      160015  0.647077441      -4.95720816               1
      120013      170016  0.233583033      -5.12720299               1
      120013      180017  0.100626275      -5.44954443               1
      120013      190018   4.86865640E-02  -5.92483854               1
      120013      200019   2.57794168E-02  -6.57952070               1
      120013      210020   1.48858028E-02  -7.33669853               1
      120013      220021   9.38007701E-03  -8.08832169               1
      120013      230022   6.32220367E-03  -8.74309158               1
      120013      240023   4.53598890E-03  -9.22605705               1
      120013      250024   3.43670999E-03  -9.52717972               1
      120013      260025   2.67712446E-03  -9.66540718               1
      120013      270026   2.16238806E-03  -9.69559193               1
      120013      280027   1.77009334E-03  -9.68210602               1
      120013      290028   1.46055513E-03  -9.68992615               1
      120013      300029   1.21576607E-03  -9.73000145               1
      120013      310030   1.01505581E-03  -9.77825260               1
      120013      320031   8.47427582E-04  -9.86070251               1
      120013      330032   7.04003847E-04  -10.0229645               1
      130014       20001   6.37177750E-03  -6.83395100               1
      130014       30002   8.43125768E-03  -6.70542240               1
      130014       40003   1.12485886E-02  -6.57871246               1
      130014       50004   1.56102292E-02  -6.57957315               1
      130014       60005   2.25706659E-02  -6.60473776               1
      130014       70006   3.45306955E-02  -6.45879078               1
      130014       80007   5.72467037E-02  -6.16347218               1
      130014       90008  0.106368124      -5.81003761               1
      130014      100009  0.232428014      -5.44633722               1
      130014      110010  0.634443164      -5.10616875               1
      130014      120011   2.62267065      -4.99210691               1
      130014      160015   2.63554597      -5.01101542               1
      130014      170016  0.658111095      -4.89131784               1
      130014      180017  0.237053841      -5.00327539               1
      130014      190018  0.101693727      -5.32745218               1
      130014      200019   4.88996319E-02  -5.89401960               1
      130014      210020   2.59280428E-02  -6.63729715               1
      130014      220021   1.51436627E-02  -7.44429684               1
      130014      230022   9.58423037E-03  -8.18622684               1
      130014      240023   6.54618070E-03  -8.75036716               1
      130014      250024   4.77614021E-03  -9.11245441               1
      130014      260025   3.61333392E-03  -9.29210377               1
      130014      270026   2.85236910E-03  -9.34771919               1
      130014      280027   2.29335390E-03  -9.34639454               1
      130014      290028   1.86584599E-03  -9.35566616               1
      130014      300029   1.53592101E-03  -9.38850594               1
      130014      310030   1.27129885E-03  -9.42217827               1
      130014      320031   1.05426449E-03  -9.48368931               1
      130014      330032   8.71436379E-04  -9.62005329               1
      140015       20001   4.37183818E-03  -7.52056360               1
      140015       30002   5.65441605E-03  -7.40414095               1
      140015       40003   7.33326236E-03  -7.29221106               1
      140015       50004   9.83396266E-03  -7.30485773               1
      140015       60005   1.36312488E-02  -7.33907652               1
      140015       70006   1.97949409E-02  -7.19347286               1
      140015       80007   3.07321325E-02  -6.87664127               1
      140015       90008   5.23382351E-02  -6.46356773               1
      140015      100009  0.101205528      -5.98405218               1
      140015      110010  0.228182793      -5.45001602               1
      140015      120011  0.642024755      -5.04467297               1
      140015      130012   2.62422419      -4.98484802               1
      140015      170016   2.62379670      -5.03011322               1
      140015      180017  0.658895314      -4.87803268               1
      140015      190018  0.237352803      -4.99707413               1
      140015      200019  0.101331346      -5.41429281               1
      140015      210020   4.88078147E-02  -6.07475138               1
      140015      220021   2.62425467E-02  -6.87189484               1
      140015      230022   1.55021558E-02  -7.65524912               1
      140015      240023   1.00240922E-02  -8.27596378               1
      140015      250024   7.00929482E-03  -8.68838215               1
      140015      260025   5.12998179E-03  -8.90632153               1
      140015      270026   3.94562259E-03  -8.98798752               1
      140015      280027   3.10879969E-03  -9.00116539               1
      140015      290028   2.48986832E-03  -9.01495457               1
      140015      300029   2.02466547E-03  -9.04399204               1
      140015      310030   1.66025700E-03  -9.06673717               1
      140015      320031   1.36712356E-03  -9.11128044               1
      140015      330032   1.12421706E-03  -9.22613621               1
      150016       20001   3.09522660E-03  -8.12681484               1
      150016       30002   3.92882293E-03  -8.01978302               1
      150016       40003   4.97683231E-03  -7.92210960               1
      150016       50004   6.48493646E-03  -7.94997883               1
      150016       60005   8.67458619E-03  -8.00163174               1
      150016       70006   1.20558403E-02  -7.87160635               1
      150016       80007   1.77271757E-02  -7.55816889               1
      150016       90008   2.81714927E-02  -7.12392950               1
      150016      100009   4.97523211E-02  -6.58374357               1
      150016      110010   9.89128947E-02  -5.92775011               1
      150016      120011  0.230139360      -5.31566238               1
      150016      130012  0.647155404      -4.95700979               1
      150016      140013   2.63558531      -5.01096344               1
      150016      180017   2.61847234      -5.04141092               1
      150016      190018  0.657443285      -4.89597607               1
      150016      200019  0.235090852      -5.10491419               1
      150016      210020  0.100219384      -5.61994839               1
      150016      220021   4.88885194E-02  -6.34508657               1
      150016      230022   2.66890395E-02  -7.12071419               1
      150016      240023   1.62094701E-02  -7.76729488               1
      150016      250024   1.07905436E-02  -8.21430874               1
      150016      260025   7.59690022E-03  -8.46442509               1
      150016      270026   5.66570926E-03  -8.57170677               1
      150016      280027   4.35730303E-03  -8.60208035               1
      150016      290028   3.42425029E-03  -8.62469196               1
      150016      300029   2.74318433E-03  -8.65516090               1
      150016      310030   2.22357293E-03  -8.67272091               1
      150016      320031   1.81464548E-03  -8.70653343               1
      150016      330032   1.48210884E-03  -8.80661964               1
      160017       20001   2.25851359E-03  -8.62335968               1
      160017       30002   2.82436423E-03  -8.51960373               1
      160017       40003   3.51068471E-03  -8.43111801               1
      160017       50004   4.46873391E-03  -8.47187519               1
      160017       60005   5.80485864E-03  -8.54228115               1
      160017       70006   7.77835073E-03  -8.43502045               1
      160017       80007   1.09307747E-02  -8.14118195               1
      160017       90008   1.64067652E-02  -7.71451187               1
      160017      100009   2.69507654E-02  -7.15788507               1
      160017      110010   4.87492010E-02  -6.44127893               1
      160017      120011   9.99254808E-02  -5.69695807               1
      160017      130012  0.233647346      -5.12668180               1
      160017      140013  0.658145547      -4.89112616               1
      160017      150014   2.62381005      -5.03008604               1
      160017      190018   2.62410283      -5.02733135               1
      160017      200019  0.650782406      -4.95520592               1
      160017      210020  0.231223613      -5.25848341               1
      160017      220021   9.94421467E-02  -5.84718513               1
      160017      230022   4.93342243E-02  -6.56165695               1
      160017      240023   2.78278105E-02  -7.19736910               1
      160017      250024   1.74865387E-02  -7.65747213               1
      160017      260025   1.17603308E-02  -7.92936993               1
      160017      270026   8.45411886E-03  -8.05925846               1
      160017      280027   6.31427020E-03  -8.10836983               1
      160017      290028   4.84826742E-03  -8.14388180               1
      160017      300029   3.81259131E-03  -8.18125820               1
      160017      310030   3.04555381E-03  -8.19974422               1
      160017      320031   2.45681452E-03  -8.22933769               1
      160017      330032   1.98843353E-03  -8.32146454               1
      170018       20001   1.67635595E-03  -9.04142857               1
      170018       30002   2.07223953E-03  -8.93392181               1
      170018       40003   2.53746053E-03  -8.84810734               1
      170018       50004   3.16962134E-03  -8.89705467               1
      170018       60005   4.01979312E-03  -8.98390102               1
      170018       70006   5.22592384E-03  -8.90138626               1
      170018       80007   7.07007013E-03  -8.63651371               1
      170018       90008   1.01127299E-02  -8.23776913               1
      170018      100009   1.56329274E-02  -7.69926882               1
      170018      110010   2.61821263E-02  -6.97297525               1
      170018      120011   4.87087294E-02  -6.16091633               1
      170018      130012  0.100671895      -5.44884539               1
      170018      140013  0.237077236      -5.00299311               1
      170018      150014  0.658901155      -4.87801075               1
      170018      160015   2.61846662      -5.04142666               1
      170018      200019   2.62060428      -5.00549269               1
      170018      210020  0.642179430      -5.01112080               1
      170018      220021  0.228643194      -5.38807821               1
      170018      230022   9.99221057E-02  -5.97771740               1
      170018      240023   5.13960756E-02  -6.55643511               1
      170018      250024   3.01203877E-02  -7.00006056               1
      170018      260025   1.91776436E-02  -7.27684116               1
      170018      270026   1.31906485E-02  -7.42150497               1
      170018      280027   9.50816553E-03  -7.48775005               1
      170018      290028   7.09525635E-03  -7.53839922               1
      170018      300029   5.45219844E-03  -7.58716917               1
      170018      310030   4.27557342E-03  -7.61213541               1
      170018      320031   3.39804916E-03  -7.64357996               1
      170018      330032   2.71756179E-03  -7.73406219               1
      180019       20001   1.27687037E-03  -9.43170929               1
      180019       30002   1.56391272E-03  -9.31310654               1
      180019       40003   1.89183897E-03  -9.22300816               1
      180019       50004   2.32681027E-03  -9.27444935               1
      180019       60005   2.89270980E-03  -9.37354279               1
      180019       70006   3.66633642E-03  -9.31447315               1
      180019       80007   4.80254972E-03  -9.08280945               1
      180019       90008   6.59052422E-03  -8.72540474               1
      180019      100009   9.66494530E-03  -8.23171139               1
      180019      110010   1.51429949E-02  -7.53904390               1
      180019      120011   2.59603318E-02  -6.71682024               1
      180019      130012   4.87097092E-02  -5.92427731               1
      180019      140013  0.101699255      -5.32724571               1
      180019      150014  0.237341523      -4.99719620               1
      180019      160015  0.657418728      -4.89610624               1
      180019      170016   2.62407303      -5.02737474               1
      180019      210020   2.62400889      -4.99527025               1
      180019      220021  0.637656391      -5.07178736               1
      180019      230022  0.230057269      -5.46099615               1
      180019      240023  0.104538083      -5.92426777               1
      180019      250024   5.61166033E-02  -6.31080008               1
      180019      260025   3.34413014E-02  -6.56584597               1
      180019      270026   2.18244251E-02  -6.70878506               1
      180019      280027   1.50809595E-02  -6.78329277               1
      180019      290028   1.08757708E-02  -6.84565830               1
      180019      300029   8.12721066E-03  -6.90610361               1
      180019      310030   6.23117713E-03  -6.94010019               1
      180019      320031   4.86211618E-03  -6.97728872               1
      180019      330032   3.83090600E-03  -7.07081270               1
      190020       20001   1.00848568E-03  -9.81459713               1
      190020       30002   1.22521911E-03  -9.68003273               1
      190020       40003   1.46642898E-03  -9.58110046               1
      190020       50004   1.77943613E-03  -9.63121319               1
      190020       60005   2.17435905E-03  -9.73957539               1
      190020       70006   2.69597815E-03  -9.70272541               1
      190020       80007   3.43394093E-03  -9.50688744               1
      190020       90008   4.54470655E-03  -9.20074368               1
      190020      100009   6.36086008E-03  -8.77418804               1
      190020      110010   9.38756112E-03  -8.15609932               1
      190020      120011   1.49517693E-02  -7.38427496               1
      190020      130012   2.57825945E-02  -6.57915735               1
      190020      140013   4.88862768E-02  -5.89393425               1
      190020      150014  0.101298459      -5.41468716               1
      190020      160015  0.235039324      -5.10530615               1
      190020      170016  0.650718510      -4.95538902               1
      190020      180017   2.62053823      -5.00552654               1
      190020      220021   2.61771417      -4.98790503               1
      190020      230022  0.638141155      -5.10467148               1
      190020      240023  0.239358544      -5.39012194               1
      190020      250024  0.113928124      -5.67384243               1
      190020      260025   6.24276996E-02  -5.87576437               1
      190020      270026   3.82387564E-02  -5.99527168               1
      190020      280027   2.51392592E-02  -6.06339693               1
      190020      290028   1.74173079E-02  -6.12826824               1
      190020      300029   1.25952912E-02  -6.19535780               1
      190020      310030   9.40250698E-03  -6.23640299               1
      190020      320031   7.17768027E-03  -6.27941179               1
      190020      330032   5.55497361E-03  -6.37745380               1
      200021       20001   8.36732448E-04  -10.1194181               1
      200021       30002   1.00819941E-03  -9.97078896               1
      200021       40003   1.19423179E-03  -9.86436081               1
      200021       50004   1.43089169E-03  -9.91376877               1
      200021       60005   1.72111404E-03  -10.0313282               1
      200021       70006   2.09248369E-03  -10.0163126               1
      200021       80007   2.60018953E-03  -9.85688782               1
      200021       90008   3.33346264E-03  -9.60620880               1
      200021      100009   4.47715400E-03  -9.25960922               1
      200021      110010   6.26245979E-03  -8.74611759               1
      200021      120011   9.32486635E-03  -8.07991982               1
      200021      130012   1.48777217E-02  -7.33592081               1
      200021      140013   2.59014368E-02  -6.63723946               1
      200021      150014   4.87560444E-02  -6.07562876               1
      200021      160015  0.100140616      -5.62086773               1
      200021      170016  0.231121942      -5.25896502               1
      200021      180017  0.642064631      -5.01122999               1
      200021      190018   2.62390471      -4.99528170               1
      200021      230022   2.60832238      -5.00430250               1
      200021      240023  0.653475642      -5.06197119               1
      200021      250024  0.256342620      -5.19653177               1
      200021      260025  0.124763235      -5.31220198               1
      200021      270026   7.04027191E-02  -5.38463688               1
      200021      280027   4.35562320E-02  -5.42868900               1
      200021      290028   2.87823677E-02  -5.48255873               1
      200021      300029   2.00326759E-02  -5.54622555               1
      200021      310030   1.44974664E-02  -5.58720922               1
      200021      320031   1.07882395E-02  -5.63121986               1
      200021      330032   8.17645714E-03  -5.73073959               1
      210022       20001   7.23908423E-04  -10.3660269               1
      210022       30002   8.64941918E-04  -10.2059603               1
      210022       40003   1.01425045E-03  -10.0931978               1
      210022       50004   1.20095385E-03  -10.1412544               1
      210022       60005   1.42417673E-03  -10.2652340               1
      210022       70006   1.70199224E-03  -10.2668896               1
      210022       80007   2.07075267E-03  -10.1365824               1
      210022       90008   2.58449907E-03  -9.93278313               1
      210022      100009   3.35319340E-03  -9.65902233               1
      210022      110010   4.48194472E-03  -9.25173378               1
      210022      120011   6.29500579E-03  -8.71480179               1
      210022      130012   9.37181339E-03  -8.08458233               1
      210022      140013   1.51140466E-02  -7.44346094               1
      210022      150014   2.61820797E-02  -6.87349844               1
      210022      160015   4.87932079E-02  -6.34709454               1
      210022      170016   9.93141606E-02  -5.84834003               1
      210022      180017  0.228491724      -5.38831854               1
      210022      190018  0.637505412      -5.07174730               1
      210022      200019   2.61759591      -4.98787785               1
      210022      240023   2.60340023      -5.03171682               1
      210022      250024  0.671480477      -5.00170898               1
      210022      260025  0.268115550      -5.00977802               1
      210022      270026  0.134190530      -5.01843786               1
      210022      280027   7.65760615E-02  -5.02524424               1
      210022      290028   4.77155596E-02  -5.05676508               1
      210022      300029   3.17312777E-02  -5.10704565               1
      210022      310030   2.21464131E-02  -5.13952398               1
      210022      320031   1.60011016E-02  -5.17755175               1
      210022      330032   1.18392035E-02  -5.27294111               1
      220023       20001   6.29269751E-04  -10.6633949               1
      220023       30002   7.46515056E-04  -10.4857063               1
      220023       40003   8.68005678E-04  -10.3592854               1
      220023       50004   1.01778947E-03  -10.3975487               1
      220023       60005   1.19309837E-03  -10.5175390               1
      220023       70006   1.40634226E-03  -10.5227766               1
      220023       80007   1.68272818E-03  -10.4052143               1
      220023       90008   2.05668714E-03  -10.2276688               1
      220023      100009   2.59766239E-03  -10.0014734               1
      220023      110010   3.35122948E-03  -9.67279243               1
      220023      120011   4.49357368E-03  -9.24575233               1
      220023      130012   6.32179435E-03  -8.73384666               1
      220023      140013   9.56182554E-03  -8.18355751               1
      220023      150014   1.54467849E-02  -7.65797949               1
      220023      160015   2.65957043E-02  -7.12493134               1
      220023      170016   4.92041111E-02  -6.56446981               1
      220023      180017   9.97641683E-02  -5.97844887               1
      220023      190018  0.229895443      -5.46078634               1
      220023      200019  0.638009667      -5.10441589               1
      220023      210020   2.60825396      -5.00421810               1
      220023      250024   2.59020925      -5.04325199               1
      220023      260025  0.668673575      -4.96520567               1
      220023      270026  0.271899045      -4.91404963               1
      220023      280027  0.137128249      -4.88279486               1
      220023      290028   7.87446946E-02  -4.88900518               1
      220023      300029   4.93701659E-02  -4.92154598               1
      220023      310030   3.29476818E-02  -4.94043446               1
      220023      320031   2.29743924E-02  -4.96726799               1
      220023      330032   1.65217109E-02  -5.05363512               1
      230024       20001   5.54350379E-04  -10.9364529               1
      230024       30002   6.53313764E-04  -10.7411585               1
      230024       40003   7.53866101E-04  -10.5999165               1
      230024       50004   8.76388047E-04  -10.6258640               1
      230024       60005   1.01721031E-03  -10.7374144               1
      230024       70006   1.18529622E-03  -10.7392092               1
      230024       80007   1.39906921E-03  -10.6240482               1
      230024       90008   1.68170512E-03  -10.4577131               1
      230024      100009   2.07995856E-03  -10.2575321               1
      230024      110010   2.61106389E-03  -9.97806549               1
      230024      120011   3.37818707E-03  -9.62760258               1
      230024      130012   4.54710238E-03  -9.20905495               1
      230024      140013   6.53517246E-03  -8.74471951               1
      230024      150014   9.97945480E-03  -8.27997303               1
      230024      160015   1.61259882E-02  -7.77480078               1
      230024      170016   2.77064294E-02  -7.20306587               1
      230024      180017   5.12459204E-02  -6.55827427               1
      230024      190018  0.104383044      -5.92373228               1
      230024      200019  0.239234328      -5.38912725               1
      230024      210020  0.653418660      -5.06139183               1
      230024      220021   2.60341072      -5.03156567               1
      230024      260025   2.58094501      -5.02861691               1
      230024      270026  0.666826069      -4.95043707               1
      230024      280027  0.270771831      -4.89513159               1
      230024      290028  0.136801168      -4.88137436               1
      230024      300029   7.88243935E-02  -4.89710474               1
      230024      310030   4.95419726E-02  -4.90048552               1
      230024      320031   3.30111533E-02  -4.91270256               1
      230024      330032   2.29144339E-02  -4.98614216               1
      240025       20001   5.02512150E-04  -11.0520973               1
      240025       30002   5.88010880E-04  -10.8511209               1
      240025       40003   6.73152215E-04  -10.7054558               1
      240025       50004   7.75848283E-04  -10.7274590               1
      240025       60005   8.91943113E-04  -10.8368959               1
      240025       70006   1.02825649E-03  -10.8391695               1
      240025       80007   1.19896512E-03  -10.7274666               1
      240025       90008   1.42049347E-03  -10.5696392               1
      240025      100009   1.72627682E-03  -10.3874054               1
      240025      110010   2.11945083E-03  -10.1416750               1
      240025      120011   2.66502867E-03  -9.84495449               1
      240025      130012   3.46366409E-03  -9.49541473               1
      240025      140013   4.78010159E-03  -9.10033703               1
      240025      150014   6.97860634E-03  -8.69261265               1
      240025      160015   1.07199941E-02  -8.22562313               1
      240025      170016   1.73769891E-02  -7.66721582               1
      240025      180017   2.99809966E-02  -7.00382328               1
      240025      190018   5.59708253E-02  -6.30984402               1
      240025      200019  0.113812417      -5.67131615               1
      240025      210020  0.256296307      -5.19455338               1
      240025      220021  0.671508133      -5.00081873               1
      240025      230022   2.59025860      -5.04305172               1
      240025      270026   2.58775091      -5.01485109               1
      240025      280027  0.663810074      -4.96016741               1
      240025      290028  0.268918961      -4.93943310               1
      240025      300029  0.135908395      -4.94378996               1
      240025      310030   7.83910230E-02  -4.93208551               1
      240025      320031   4.91448045E-02  -4.92722130               1
      240025      330032   3.25968601E-02  -4.98408318               1
      250026       20001   4.59655450E-04  -10.9643869               1
      250026       30002   5.34084509E-04  -10.7698612               1
      250026       40003   6.06723013E-04  -10.6309566               1
      250026       50004   6.93555805E-04  -10.6588697               1
      250026       60005   7.90209684E-04  -10.7747393               1
      250026       70006   9.02032421E-04  -10.7845001               1
      250026       80007   1.04025041E-03  -10.6814947               1
      250026       90008   1.21682906E-03  -10.5351439               1
      250026      100009   1.45653158E-03  -10.3704729               1
      250026      110010   1.75511849E-03  -10.1531687               1
      250026      120011   2.15550372E-03  -9.89911938               1
      250026      130012   2.72239582E-03  -9.60394001               1
      250026      140013   3.63520370E-03  -9.26500607               1
      250026      150014   5.11700753E-03  -8.90696239               1
      250026      160015   7.54405279E-03  -8.47897434               1
      250026      170016   1.16684446E-02  -7.94443274               1
      250026      180017   1.90556739E-02  -7.28419113               1
      250026      190018   3.33117135E-02  -6.56532907               1
      250026      200019   6.23266101E-02  -5.87145138               1
      250026      210020  0.124731719      -5.30791426               1
      250026      220021  0.268162787      -5.00722933               1
      250026      230022  0.668751597      -4.96422672               1
      250026      240023   2.58101153      -5.02843523               1
      250026      280027   2.58153224      -5.00208521               1
      250026      290028  0.659018159      -4.98752117               1
      250026      300029  0.266281247      -4.99122906               1
      250026      310030  0.134485751      -4.96844578               1
      250026      320031   7.72780105E-02  -4.94593859               1
      250026      330032   4.82190140E-02  -4.98365641               1
      260027       20001   4.37028299E-04  -10.6280756               1
      260027       30002   5.03584801E-04  -10.4594755               1
      260027       40003   5.67034003E-04  -10.3456163               1
      260027       50004   6.42259431E-04  -10.3958187               1
      260027       60005   7.24667741E-04  -10.5330105               1
      260027       70006   8.18655360E-04  -10.5635967               1
      260027       80007   9.33501695E-04  -10.4810085               1
      260027       90008   1.07823033E-03  -10.3561392               1
      260027      100009   1.27200375E-03  -10.2167492               1
      260027      110010   1.50640262E-03  -10.0323181               1
      260027      120011   1.81129959E-03  -9.82106972               1
      260027      130012   2.23111059E-03  -9.57622147               1
      260027      140013   2.89624743E-03  -9.28751850               1
      260027      150014   3.95343546E-03  -8.97426891               1
      260027      160015   5.63246012E-03  -8.58396626               1
      260027      170016   8.38034227E-03  -8.07768440               1
      260027      180017   1.30845318E-02  -7.43240929               1
      260027      190018   2.17066109E-02  -6.70892859               1
      260027      200019   3.81436944E-02  -5.98869038               1
      260027      210020   7.03716278E-02  -5.37686348               1
      260027      220021  0.134236768      -5.01290226               1
      260027      230022  0.271981031      -4.91126442               1
      260027      240023  0.666903198      -4.94952440               1
      260027      250024   2.58780742      -5.01470900               1
      260027      290028   2.58147907      -5.00480366               1
      260027      300029  0.659207702      -5.01821613               1
      260027      310030  0.266465753      -4.99360943               1
      260027      320031  0.134161830      -4.95616579               1
      260027      330032   7.68337995E-02  -4.97414351               1
      270028       20001   4.17530275E-04  -10.2053223               1
      270028       30002   4.77291527E-04  -10.0661697               1
      270028       40003   5.32900565E-04  -9.98098373               1
      270028       50004   5.98345185E-04  -10.0570936               1
      270028       60005   6.68923603E-04  -10.2191286               1
      270028       70006   7.48334860E-04  -10.2738476               1
      270028       80007   8.44397407E-04  -10.2146721               1
      270028       90008   9.64015082E-04  -10.1137571               1
      270028      100009   1.12234324E-03  -10.0011091               1
      270028      110010   1.30871136E-03  -9.84924126               1
      270028      120011   1.54457928E-03  -9.67803764               1
      270028      130012   1.86178018E-03  -9.47843456               1
      270028      140013   2.35927408E-03  -9.23388481               1
      270028      150014   3.13818501E-03  -8.95991135               1
      270028      160015   4.34529874E-03  -8.60378361               1
      270028      170016   6.26113452E-03  -8.12581062               1
      270028      180017   9.42115765E-03  -7.50063276               1
      270028      190018   1.49785466E-02  -6.78372383               1
      270028      200019   2.50533875E-02  -6.05403519               1
      270028      210020   4.35269661E-02  -5.41628265               1
      270028      220021   7.66203478E-02  -5.01522541               1
      270028      230022  0.137212232      -4.87682533               1
      270028      240023  0.270858675      -4.89252043               1
      270028      250024  0.663883448      -4.95941687               1
      270028      260025   2.58157182      -5.00196218               1
      270028      300029   2.58997035      -5.02233791               1
      270028      310030  0.658261418      -5.01226711               1
      270028      320031  0.265028924      -4.96858931               1
      270028      330032  0.133204609      -4.96909904               1
      280029       20001   3.98487231E-04  -9.81544971               1
      280029       30002   4.52169334E-04  -9.70266724               1
      280029       40003   5.00914000E-04  -9.64343357               1
      280029       50004   5.57902211E-04  -9.74320030               1
      280029       60005   6.18423510E-04  -9.92811203               1
      280029       70006   6.85644743E-04  -10.0051861               1
      280029       80007   7.66242563E-04  -9.96775436               1
      280029       90008   8.65548733E-04  -9.88901234               1
      280029      100009   9.95744253E-04  -9.80082989               1
      280029      110010   1.14509033E-03  -9.67817783               1
      280029      120011   1.32940174E-03  -9.54212761               1
      280029      130012   1.57233886E-03  -9.38151073               1
      280029      140013   1.95147889E-03  -9.17442417               1
      280029      150014   2.53919396E-03  -8.93351555               1
      280029      160015   3.43264337E-03  -8.60657215               1
      280029      170016   4.81575774E-03  -8.15413952               1
      280029      180017   7.02812709E-03  -7.54968548               1
      280029      190018   1.07901739E-02  -6.84440565               1
      280029      200019   1.73421763E-02  -6.11454391               1
      280029      210020   2.87556741E-02  -5.46359634               1
      280029      220021   4.77570854E-02  -5.04002953               1
      280029      230022   7.88289756E-02  -4.87771988               1
      280029      240023  0.136896685      -4.87536764               1
      280029      250024  0.269010097      -4.93699026               1
      280029      260025  0.659084201      -4.98675680               1
      280029      270026   2.58153629      -5.00466347               1
      280029      310030   2.59446478      -5.02365875               1
      280029      320031  0.655074298      -4.99857187               1
      280029      330032  0.263896555      -4.99082327               1
      290030       20001   3.81776801E-04  -9.46462154               1
      290030       30002   4.30183078E-04  -9.37561703               1
      290030       40003   4.73035529E-04  -9.34000969               1
      290030       50004   5.22838207E-04  -9.46146679               1
      290030       60005   5.74917591E-04  -9.66751766               1
      290030       70006   6.32037118E-04  -9.76538467               1
      290030       80007   6.99983910E-04  -9.74825287               1
      290030       90008   7.82913179E-04  -9.69020653               1
      290030      100009   8.90776399E-04  -9.62471676               1
      290030      110010   1.01141934E-03  -9.52880096               1
      290030      120011   1.15678832E-03  -9.42436123               1
      290030      130012   1.34509348E-03  -9.29815674               1
      290030      140013   1.63893157E-03  -9.12345314               1
      290030      150014   2.09187437E-03  -8.91054153               1
      290030      160015   2.77023087E-03  -8.60816002               1
      290030      170016   3.79930693E-03  -8.17776775               1
      290030      180017   5.40390052E-03  -7.59255362               1
      290030      190018   8.05774890E-03  -6.90043545               1
      290030      200019   1.25303864E-02  -6.17508459               1
      290030      210020   2.00076140E-02  -5.51824570               1
      290030      220021   3.17679346E-02  -5.08069038               1
      290030      230022   4.94513437E-02  -4.90195131               1
      290030      240023   7.89246932E-02  -4.88501883               1
      290030      250024  0.136013880      -4.93757963               1
      290030      260025  0.266371697      -4.98847342               1
      290030      270026  0.659296513      -5.01725674               1
      290030      280027   2.59004211      -5.02213573               1
      290030      320031   2.58977246      -4.99816895               1
      290030      330032  0.658728957      -5.01036501               1
      300031       20001   3.63571860E-04  -9.13122463               1
      300031       30002   4.07103740E-04  -9.06299973               1
      300031       40003   4.44681878E-04  -9.04827595               1
      300031       50004   4.88125428E-04  -9.18910789               1
      300031       60005   5.32871520E-04  -9.41423416               1
      300031       70006   5.81355998E-04  -9.53103828               1
      300031       80007   6.38630474E-04  -9.53253269               1
      300031       90008   7.07947649E-04  -9.49355602               1
      300031      100009   7.97520159E-04  -9.44894218               1
      300031      110010   8.95275094E-04  -9.37741280               1
      300031      120011   1.01041410E-03  -9.30144596               1
      300031      130012   1.15734036E-03  -9.20577335               1
      300031      140013   1.38754293E-03  -9.05921364               1
      300031      150014   1.74172025E-03  -8.86996078               1
      300031      160015   2.26622564E-03  -8.58784008               1
      300031      170016   3.04912170E-03  -8.17557430               1
      300031      180017   4.24455479E-03  -7.60666895               1
      300031      190018   6.17738580E-03  -6.92665577               1
      300031      200019   9.34866443E-03  -6.20701408               1
      300031      210020   1.44761261E-02  -5.54759264               1
      300031      220021   2.21810602E-02  -5.10045052               1
      300031      230022   3.30289230E-02  -4.90908051               1
      300031      240023   4.96509336E-02  -4.87886143               1
      300031      250024   7.85164684E-02  -4.91901350               1
      300031      260025  0.134609267      -4.96123743               1
      300031      270026  0.266598701      -4.99013805               1
      300031      280027  0.658387005      -5.01094961               1
      300031      290028   2.59456491      -5.02338648               1
      300031      330032   2.58346128      -4.99632454               1
      310032       20001   3.43842461E-04  -8.84659290               1
      310032       30002   3.82824976E-04  -8.79596615               1
      310032       40003   4.15637478E-04  -8.79909801               1
      310032       50004   4.53394779E-04  -8.95660210               1
      310032       60005   4.91703919E-04  -9.19828796               1
      310032       70006   5.32726001E-04  -9.33166409               1
      310032       80007   5.80888009E-04  -9.34955120               1
      310032       90008   6.38738973E-04  -9.32742500               1
      310032      100009   7.13102461E-04  -9.30129719               1
      310032      110010   7.92313076E-04  -9.25132179               1
      310032      120011   8.83570232E-04  -9.20036602               1
      310032      130012   9.98511445E-04  -9.13125134               1
      310032      140013   1.18004216E-03  -9.00873375               1
      310032      150014   1.45968399E-03  -8.83909988               1
      310032      160015   1.87039538E-03  -8.57325077               1
      310032      170016   2.47554365E-03  -8.17531204               1
      310032      180017   3.38373100E-03  -7.61943007               1
      310032      190018   4.82507236E-03  -6.94941902               1
      310032      200019   7.13831233E-03  -6.23496866               1
      310032      210020   1.07769519E-02  -5.57410955               1
      310032      220021   1.60428733E-02  -5.11958265               1
      310032      230022   2.30667796E-02  -4.91770887               1
      310032      240023   3.31416242E-02  -4.87514114               1
      310032      250024   4.93055582E-02  -4.90136242               1
      310032      260025   7.74533823E-02  -4.92921066               1
      310032      270026  0.134362921      -4.94621611               1
      310032      280027  0.265239030      -4.96342134               1
      310032      290028  0.655274987      -4.99657726               1
      310032      300029   2.58996224      -4.99774075               1
      320033       20001   3.21181578E-04  -8.67096424               1
      320033       30002   3.55774420E-04  -8.63413620               1
      320033       40003   3.84176121E-04  -8.65137386               1
      320033       50004   4.16725699E-04  -8.82206249               1
      320033       60005   4.49267682E-04  -9.07693195               1
      320033       70006   4.83719603E-04  -9.22358418               1
      320033       80007   5.23953873E-04  -9.25462437               1
      320033       90008   5.71963086E-04  -9.24603939               1
      320033      100009   6.33427233E-04  -9.23482513               1
      320033      110010   6.97357696E-04  -9.20230198               1
      320033      120011   7.69451668E-04  -9.17156696               1
      320033      130012   8.59245018E-04  -9.12379169               1
      320033      140013   1.00269285E-03  -9.02026176               1
      320033      150014   1.22452341E-03  -8.86563778               1
      320033      160015   1.54844997E-03  -8.61180973               1
      320033      170016   2.02088477E-03  -8.22426796               1
      320033      180017   2.71996367E-03  -7.67791796               1
      320033      190018   3.81281576E-03  -7.01536131               1
      320033      200019   5.53547451E-03  -6.30489063               1
      320033      210020   8.18485208E-03  -5.64292955               1
      320033      220021   1.19021591E-02  -5.18257904               1
      320033      230022   1.66426729E-02  -4.97224283               1
      320033      240023   2.30867323E-02  -4.91927004               1
      320033      250024   3.28169353E-02  -4.93284845               1
      320033      260025   4.84753959E-02  -4.94614744               1
      320033      270026   7.71407858E-02  -4.94820023               1
      320033      280027  0.133549184      -4.95260429               1
      320033      290028  0.264265865      -4.98195314               1
      320033      300029  0.659137845      -5.00670481               1
      320033      310030   2.58386946      -4.99538374               1
