         930
       10002       40003   2.60141611      -4.97485638               1
       10002       50004  0.664055288      -4.97887897               1
       10002       60005  0.266940176      -4.96705294               1
       10002       70006  0.135124698      -4.87443018               1
       10002       80007   7.90622011E-02  -4.78670645               1
       10002       90008   5.07415719E-02  -4.69199657               1
       10002      100009   3.47441435E-02  -4.55197716               1
       10002      110010   2.38815378E-02  -4.54802418               1
       10002      120011   1.58918817E-02  -4.87893677               1
       10002      130012   1.01220245E-02  -5.57756996               1
       10002      140013   6.50634943E-03  -6.53262949               1
       10002      150014   4.41369507E-03  -7.47701597               1
       10002      160015   3.16322595E-03  -8.23295021               1
       10002      170016   2.38863123E-03  -8.84238625               1
       10002      180017   1.87264697E-03  -9.24781609               1
       10002      190018   1.55564619E-03  -9.33261585               1
       10002      200019   1.39453320E-03  -9.10864353               1
       10002      210020   1.34917418E-03  -8.56660652               1
       10002      220021   1.34958490E-03  -8.00737190               1
       10002      230022   1.30610168E-03  -7.73895931               1
       10002      240023   1.21989881E-03  -7.62777567               1
       10002      250024   1.11930142E-03  -7.54864883               1
       10002      260025   1.00831816E-03  -7.47694826               1
       10002      270026   9.17492493E-04  -7.37632990               1
       10002      280027   8.33196682E-04  -7.27486992               1
       10002      290028   7.55179673E-04  -7.19384861               1
       10002      300029   6.88953209E-04  -7.09737921               1
       10002      310030   6.30353927E-04  -6.98880577               1
       10002      320031   5.77886298E-04  -6.90776682               1
       10002      330032   5.29534591E-04  -6.86925888               1
       20003       50004   2.59965110      -4.99493408               1
       20003       60005  0.660961151      -5.00617695               1
       20003       70006  0.266911000      -4.93048716               1
       20003       80007  0.136075869      -4.85965347               1
       20003       90008   7.96915591E-02  -4.78425884               1
       20003      100009   5.12078367E-02  -4.64997768               1
       20003      110010   3.36416960E-02  -4.63809776               1
       20003      120011   2.16400176E-02  -4.95412445               1
       20003      130012   1.34044532E-02  -5.63190508               1
       20003      140013   8.40064045E-03  -6.56957102               1
       20003      150014   5.56490105E-03  -7.51120424               1
       20003      160015   3.90160456E-03  -8.27757645               1
       20003      170016   2.88892956E-03  -8.90900993               1
       20003      180017   2.22478877E-03  -9.34725285               1
       20003      190018   1.81700650E-03  -9.47299004               1
       20003      200019   1.60235248E-03  -9.29640961               1
       20003      210020   1.52735610E-03  -8.79884624               1
       20003      220021   1.50958670E-03  -8.26977253               1
       20003      230022   1.44733279E-03  -8.02132320               1
       20003      240023   1.34135899E-03  -7.92552948               1
       20003      250024   1.22227054E-03  -7.85927677               1
       20003      260025   1.09393813E-03  -7.80019426               1
       20003      270026   9.89209628E-04  -7.71285677               1
       20003      280027   8.93004530E-04  -7.62443399               1
       20003      290028   8.04814161E-04  -7.55628872               1
       20003      300029   7.30203697E-04  -7.47326231               1
       20003      310030   6.64600462E-04  -7.37808418               1
       20003      320031   6.06189365E-04  -7.31060696               1
       20003      330032   5.52781217E-04  -7.28542423               1
       30004       20001   2.60117579      -4.97548914               1
       30004       60005   2.59753537      -5.04362869               1
       30004       70006  0.660212576      -4.97680521               1
       30004       80007  0.267600745      -4.91890383               1
       30004       90008  0.136455074      -4.86528873               1
       30004      100009   8.01767930E-02  -4.73717403               1
       30004      110010   4.95975614E-02  -4.71432304               1
       30004      120011   3.05525102E-02  -5.01073217               1
       30004      130012   1.82850063E-02  -5.66124582               1
       30004      140013   1.11135431E-02  -6.57502842               1
       30004      150014   7.15594506E-03  -7.50983143               1
       30004      160015   4.88810474E-03  -8.28531265               1
       30004      170016   3.53698200E-03  -8.93978119               1
       30004      180017   2.66833650E-03  -9.41313553               1
       30004      190018   2.13774014E-03  -9.58204651               1
       30004      200019   1.85113691E-03  -9.45484352               1
       30004      210020   1.73582230E-03  -9.00332928               1
       30004      220021   1.69324386E-03  -8.50486279               1
       30004      230022   1.60703261E-03  -8.27598572               1
       30004      240023   1.47701963E-03  -8.19484138               1
       30004      250024   1.33602333E-03  -8.14057636               1
       30004      260025   1.18753861E-03  -8.09323978               1
       30004      270026   1.06680184E-03  -8.01840782               1
       30004      280027   9.57047043E-04  -7.94232082               1
       30004      290028   8.57412990E-04  -7.88643122               1
       30004      300029   7.73446518E-04  -7.81633282               1
       30004      310030   7.00100791E-04  -7.73413229               1
       30004      320031   6.35179109E-04  -7.67988443               1
       30004      330032   5.76288032E-04  -7.66777992               1
       40005       20001  0.663744152      -4.98161030               1
       40005       30002   2.59951949      -4.99522352               1
       40005       70006   2.58697009      -5.01871634               1
       40005       80007  0.662104249      -4.96799564               1
       40005       90008  0.269323528      -4.94010258               1
       40005      100009  0.138546944      -4.81950855               1
       40005      110010   7.88851827E-02  -4.78157568               1
       40005      120011   4.59482633E-02  -5.05197716               1
       40005      130012   2.63570622E-02  -5.66695213               1
       40005      140013   1.54425977E-02  -6.54843807               1
       40005      150014   9.61534306E-03  -7.47069883               1
       40005      160015   6.37033349E-03  -8.25309086               1
       40005      170016   4.48773010E-03  -8.93172073               1
       40005      180017   3.30694439E-03  -9.44312572               1
       40005      190018   2.59325118E-03  -9.65790367               1
       40005      200019   2.20155856E-03  -9.58176804               1
       40005      210020   2.02868716E-03  -9.17686749               1
       40005      220021   1.95185561E-03  -8.70829964               1
       40005      230022   1.83321955E-03  -8.49747372               1
       40005      240023   1.67077058E-03  -8.42913818               1
       40005      250024   1.50023738E-03  -8.38492966               1
       40005      260025   1.32448983E-03  -8.34735775               1
       40005      270026   1.18221971E-03  -8.28302288               1
       40005      280027   1.05420244E-03  -8.21730614               1
       40005      290028   9.39081598E-04  -8.17174721               1
       40005      300029   8.42477719E-04  -8.11263847               1
       40005      310030   7.58638955E-04  -8.04152298               1
       40005      320031   6.84861036E-04  -7.99861860               1
       40005      330032   6.18437072E-04  -7.99775791               1
       50006       20001  0.266610146      -4.97429609               1
       50006       30002  0.660790443      -5.00765800               1
       50006       40003   2.59742570      -5.04382944               1
       50006       80007   2.60259485      -4.98034286               1
       50006       90008  0.664876878      -4.98076010               1
       50006      100009  0.273432553      -4.87187147               1
       50006      110010  0.137206823      -4.81263733               1
       50006      120011   7.38860667E-02  -5.04662323               1
       50006      130012   4.01003957E-02  -5.61305332               1
       50006      140013   2.24422179E-02  -6.44916487               1
       50006      150014   1.34095009E-02  -7.34961319               1
       50006      160015   8.55741184E-03  -8.13498306               1
       50006      170016   5.83413988E-03  -8.83974075               1
       50006      180017   4.17829026E-03  -9.39551640               1
       50006      190018   3.19394260E-03  -9.66385841               1
       50006      200019   2.64936942E-03  -9.64632320               1
       50006      210020   2.39262986E-03  -9.29396915               1
       50006      220021   2.26617721E-03  -8.85800934               1
       50006      230022   2.10364023E-03  -8.66561413               1
       50006      240023   1.89947092E-03  -8.60942173               1
       50006      250024   1.69199600E-03  -8.57412529               1
       50006      260025   1.48285436E-03  -8.54502773               1
       50006      270026   1.31445541E-03  -8.48990250               1
       50006      280027   1.16454111E-03  -8.43326855               1
       50006      290028   1.03105488E-03  -8.39677048               1
       50006      300029   9.19578481E-04  -8.34742546               1
       50006      310030   8.23497423E-04  -8.28622437               1
       50006      320031   7.39470823E-04  -8.25352478               1
       50006      330032   6.64407446E-04  -8.26281261               1
       60007       20001  0.134786323      -4.88983440               1
       60007       30002  0.266712785      -4.93509579               1
       60007       40003  0.660069585      -4.97803879               1
       60007       50004   2.58687997      -5.01894426               1
       60007       90008   2.60948443      -5.03300428               1
       60007      100009  0.671837032      -4.94735909               1
       60007      110010  0.272097439      -4.85401917               1
       60007      120011  0.130105406      -5.02993965               1
       60007      130012   6.54417649E-02  -5.52358437               1
       60007      140013   3.45366672E-02  -6.29106855               1
       60007      150014   1.96077749E-02  -7.15147066               1
       60007      160015   1.19478172E-02  -7.92872429               1
       60007      170016   7.82197900E-03  -8.65773106               1
       60007      180017   5.40844491E-03  -9.26408291               1
       60007      190018   4.00764309E-03  -9.59612179               1
       60007      200019   3.23327025E-03  -9.64833832               1
       60007      210020   2.85141007E-03  -9.35785961               1
       60007      220021   2.65203509E-03  -8.95915127               1
       60007      230022   2.42929300E-03  -8.78622913               1
       60007      240023   2.17093341E-03  -8.74154568               1
       60007      250024   1.91692740E-03  -8.71379375               1
       60007      260025   1.66666287E-03  -8.69156361               1
       60007      270026   1.46643294E-03  -8.64400864               1
       60007      280027   1.29018270E-03  -8.59479809               1
       60007      290028   1.13486429E-03  -8.56570911               1
       60007      300029   1.00585364E-03  -8.52450657               1
       60007      310030   8.95470381E-04  -8.47165203               1
       60007      320031   7.99573143E-04  -8.44761467               1
       60007      330032   7.14595604E-04  -8.46555042               1
       70008       20001   7.87263140E-02  -4.81308603               1
       70008       30002  0.135860249      -4.86969042               1
       70008       40003  0.267430305      -4.92274046               1
       70008       50004  0.661974192      -4.96929502               1
       70008       60005   2.60249996      -4.98059559               1
       70008      100009   2.60294127      -5.00132751               1
       70008      110010  0.671325505      -4.90348673               1
       70008      120011  0.262765944      -5.00479174               1
       70008      130012  0.118115395      -5.39602518               1
       70008      140013   5.76124191E-02  -6.06474066               1
       70008      150014   3.06511950E-02  -6.86080980               1
       70008      160015   1.76259838E-02  -7.61414766               1
       70008      170016   1.09643852E-02  -8.36453152               1
       70008      180017   7.25098513E-03  -9.03224468               1
       70008      190018   5.16603747E-03  -9.44743919               1
       70008      200019   4.02597012E-03  -9.59258747               1
       70008      210020   3.44848144E-03  -9.38494873               1
       70008      220021   3.13797640E-03  -9.03605556               1
       70008      230022   2.83008278E-03  -8.88801193               1
       70008      240023   2.49956362E-03  -8.85663700               1
       70008      250024   2.18573958E-03  -8.83662891               1
       70008      260025   1.88392587E-03  -8.82088184               1
       70008      270026   1.64430344E-03  -8.78032589               1
       70008      280027   1.43591082E-03  -8.73784256               1
       70008      290028   1.25427265E-03  -8.71540737               1
       70008      300029   1.10431260E-03  -8.68159199               1
       70008      310030   9.77001735E-04  -8.63633919               1
       70008      320031   8.67177441E-04  -8.62021637               1
       70008      330032   7.70673621E-04  -8.64605999               1
       80009       20001   5.04350811E-02  -4.73149824               1
       80009       30002   7.94849470E-02  -4.80222559               1
       80009       40003  0.136281312      -4.87404108               1
       80009       50004  0.269175589      -4.94423914               1
       80009       60005  0.664752185      -4.98225355               1
       80009       70006   2.60939097      -5.03329611               1
       80009      110010   2.60702085      -4.94448853               1
       80009      120011  0.662026942      -4.97509670               1
       80009      130012  0.246687531      -5.21915102               1
       80009      140013  0.107376613      -5.73909903               1
       80009      150014   5.24149686E-02  -6.42729235               1
       80009      160015   2.79853009E-02  -7.12221241               1
       80009      170016   1.63007490E-02  -7.87671328               1
       80009      180017   1.01711797E-02  -8.61168385               1
       80009      190018   6.88050175E-03  -9.13547897               1
       80009      200019   5.12206648E-03  -9.41163445               1
       80009      210020   4.22239816E-03  -9.32585430               1
       80009      220021   3.73511156E-03  -9.05252171               1
       80009      230022   3.30369174E-03  -8.94168568               1
       80009      240023   2.87676533E-03  -8.92864990               1
       80009      250024   2.48704012E-03  -8.91804504               1
       80009      260025   2.12228135E-03  -8.90915203               1
       80009      270026   1.83546077E-03  -8.87550068               1
       80009      280027   1.58938009E-03  -8.83933353               1
       80009      290028   1.37748488E-03  -8.82297134               1
       80009      300029   1.20376772E-03  -8.79594517               1
       80009      310030   1.05755730E-03  -8.75769043               1
       80009      320031   9.32412629E-04  -8.74888134               1
       80009      330032   8.23444629E-04  -8.78204536               1
       90010       20001   3.44880149E-02  -4.60574389               1
       90010       30002   5.10331355E-02  -4.67799091               1
       90010       40003   8.00235495E-02  -4.75335455               1
       90010       50004  0.138406217      -4.82892323               1
       90010       60005  0.273302853      -4.87653303               1
       90010       70006  0.671727359      -4.94905186               1
       90010       80007   2.60287046      -5.00167179               1
       90010      120011   2.59384799      -5.05253077               1
       90010      130012  0.647558987      -5.11363077               1
       90010      140013  0.235129893      -5.41246319               1
       90010      150014  0.101994462      -5.92156506               1
       90010      160015   4.95128594E-02  -6.48920202               1
       90010      170016   2.65260078E-02  -7.19290304               1
       90010      180017   1.53471623E-02  -7.97049332               1
       90010      190018   9.68598202E-03  -8.61480522               1
       90010      200019   6.77147647E-03  -9.06804562               1
       90010      210020   5.29222796E-03  -9.16680336               1
       90010      220021   4.50183265E-03  -9.01726055               1
       90010      230022   3.87936132E-03  -8.96922779               1
       90010      240023   3.31735495E-03  -8.98606873               1
       90010      250024   2.82812491E-03  -8.98965836               1
       90010      260025   2.38482142E-03  -8.98974705               1
       90010      270026   2.04063975E-03  -8.96409035               1
       90010      280027   1.74999342E-03  -8.93467522               1
       90010      290028   1.50318211E-03  -8.92447662               1
       90010      300029   1.30252365E-03  -8.90426064               1
       90010      310030   1.13528292E-03  -8.87297440               1
       90010      320031   9.93395224E-04  -8.87144375               1
       90010      330032   8.71079334E-04  -8.91190243               1
      100011       20001   2.37236414E-02  -4.61107874               1
      100011       30002   3.35517041E-02  -4.67378569               1
      100011       40003   4.95251901E-02  -4.73742533               1
      100011       50004   7.88218081E-02  -4.79697895               1
      100011       60005  0.137151346      -4.82180500               1
      100011       70006  0.272057772      -4.85844755               1
      100011       80007  0.671318829      -4.90505934               1
      100011       90008   2.60704970      -4.94477129               1
      100011      130012   2.58042002      -5.11527967               1
      100011      140013  0.638629019      -5.16235256               1
      100011      150014  0.231750324      -5.43235016               1
      100011      160015   9.94875580E-02  -5.79495382               1
      100011      170016   4.80918847E-02  -6.36195755               1
      100011      180017   2.53314208E-02  -7.11243153               1
      100011      190018   1.46080600E-02  -7.85030127               1
      100011      200019   9.36556607E-03  -8.51948643               1
      100011      210020   6.77297590E-03  -8.90123367               1
      100011      220021   5.43247117E-03  -8.97556210               1
      100011      230022   4.50299541E-03  -9.05518913               1
      100011      240023   3.75190168E-03  -9.13781452               1
      100011      250024   3.13775567E-03  -9.17605400               1
      100011      260025   2.60440726E-03  -9.19927597               1
      100011      270026   2.19773920E-03  -9.19339180               1
      100011      280027   1.86125492E-03  -9.18106079               1
      100011      290028   1.58046349E-03  -9.18670559               1
      100011      300029   1.35461241E-03  -9.18323231               1
      100011      310030   1.16863556E-03  -9.16896629               1
      100011      320031   1.01255043E-03  -9.18520832               1
      100011      330032   8.79611529E-04  -9.24376869               1
      110012       20001   1.58477500E-02  -4.93694639               1
      110012       30002   2.16567758E-02  -4.98689604               1
      110012       40003   3.05922013E-02  -5.03346729               1
      110012       50004   4.60050404E-02  -5.06886911               1
      110012       60005   7.39595443E-02  -5.05807781               1
      110012       70006  0.130201638      -5.03643370               1
      110012       80007  0.262897938      -5.00772142               1
      110012       90008  0.662194431      -4.97593164               1
      110012      100009   2.59403872      -5.05261469               1
      110012      140013   2.59646821      -5.02578688               1
      110012      150014  0.649738252      -5.05364847               1
      110012      160015  0.234377936      -5.16560650               1
      110012      170016  0.100304954      -5.50980473               1
      110012      180017   4.75616306E-02  -6.11871290               1
      110012      190018   2.47338600E-02  -6.83590364               1
      110012      200019   1.42526040E-02  -7.66240215               1
      110012      210020   9.27805249E-03  -8.37950802               1
      110012      220021   6.82551833E-03  -8.80264950               1
      110012      230022   5.33390883E-03  -9.11952019               1
      110012      240023   4.27563954E-03  -9.33702564               1
      110012      250024   3.47915618E-03  -9.45083523               1
      110012      260025   2.82604550E-03  -9.52468967               1
      110012      270026   2.34129932E-03  -9.55998611               1
      110012      280027   1.95101800E-03  -9.58235645               1
      110012      290028   1.63263467E-03  -9.61943150               1
      110012      300029   1.38020760E-03  -9.64793205               1
      110012      310030   1.17549195E-03  -9.66566181               1
      110012      320031   1.00597844E-03  -9.71505165               1
      110012      330032   8.63682129E-04  -9.80748844               1
      120013       20001   1.01643540E-02  -5.60846710               1
      120013       30002   1.35050453E-02  -5.64285946               1
      120013       40003   1.84187386E-02  -5.66820478               1
      120013       50004   2.65220348E-02  -5.67354012               1
      120013       60005   4.02977243E-02  -5.61863995               1
      120013       70006   6.56760707E-02  -5.52717972               1
      120013       80007  0.118395410      -5.39781189               1
      120013       90008  0.247009188      -5.21957684               1
      120013      100009  0.647906423      -5.11349630               1
      120013      110010   2.58071756      -5.11518240               1
      120013      150014   2.60858607      -5.03905106               1
      120013      160015  0.654323459      -4.94038725               1
      120013      170016  0.237377122      -5.03495216               1
      120013      180017  0.100537948      -5.41503668               1
      120013      190018   4.72296886E-02  -5.95857763               1
      120013      200019   2.44501438E-02  -6.74442720               1
      120013      210020   1.41699370E-02  -7.64461088               1
      120013      220021   9.36037581E-03  -8.39910507               1
      120013      230022   6.75475411E-03  -9.01514244               1
      120013      240023   5.13319392E-03  -9.42865753               1
      120013      250024   4.02542716E-03  -9.65793228               1
      120013      260025   3.17948707E-03  -9.80787945               1
      120013      270026   2.57455208E-03  -9.90169907               1
      120013      280027   2.10420811E-03  -9.97051048               1
      120013      290028   1.73119351E-03  -10.0472269               1
      120013      300029   1.44092902E-03  -10.1141157               1
      120013      310030   1.20981736E-03  -10.1690111               1
      120013      320031   1.02146901E-03  -10.2561016               1
      120013      330032   8.65905837E-04  -10.3867407               1
      130014       20001   6.57558488E-03  -6.51932859               1
      130014       30002   8.52492265E-03  -6.54020929               1
      130014       40003   1.12774111E-02  -6.54772234               1
      130014       50004   1.56467613E-02  -6.52769518               1
      130014       60005   2.26892885E-02  -6.43467665               1
      130014       70006   3.48307341E-02  -6.28117514               1
      130014       80007   5.79596050E-02  -6.05852652               1
      130014       90008  0.107771210      -5.73547363               1
      130014      100009  0.235554889      -5.41059303               1
      130014      110010  0.639015138      -5.16163445               1
      130014      120011   2.59673953      -5.02564144               1
      130014      160015   2.63347721      -5.00283861               1
      130014      170016  0.661086857      -4.92464352               1
      130014      180017  0.239070684      -5.08705854               1
      130014      190018  0.100981012      -5.40514851               1
      130014      200019   4.73804474E-02  -6.00811195               1
      130014      210020   2.46562827E-02  -6.86742401               1
      130014      220021   1.45875812E-02  -7.77028465               1
      130014      230022   9.61769000E-03  -8.61834621               1
      130014      240023   6.85743243E-03  -9.22215462               1
      130014      250024   5.14535280E-03  -9.57094383               1
      130014      260025   3.93470703E-03  -9.79685974               1
      130014      270026   3.10695777E-03  -9.94322205               1
      130014      280027   2.48874165E-03  -10.0467920               1
      130014      290028   2.01390102E-03  -10.1465483               1
      130014      300029   1.65249163E-03  -10.2304831               1
      130014      310030   1.37047668E-03  -10.2973633               1
      130014      320031   1.14450883E-03  -10.3929043               1
      130014      330032   9.60821635E-04  -10.5292025               1
      140015       20001   4.46420675E-03  -7.43798637               1
      140015       30002   5.66525105E-03  -7.45045137               1
      140015       40003   7.29673123E-03  -7.44931602               1
      140015       50004   9.79798939E-03  -7.41804123               1
      140015       60005   1.36375027E-02  -7.30719757               1
      140015       70006   1.98850725E-02  -7.11935043               1
      140015       80007   3.09825912E-02  -6.83884859               1
      140015       90008   5.27951606E-02  -6.41415596               1
      140015      100009  0.102407940      -5.91504860               1
      140015      110010  0.232137516      -5.42986679               1
      140015      120011  0.650031626      -5.05297661               1
      140015      130012   2.60874557      -5.03892612               1
      140015      170016   2.61718678      -4.93776894               1
      140015      180017  0.659605563      -4.94732237               1
      140015      190018  0.239038363      -5.05796766               1
      140015      200019  0.101056002      -5.43912601               1
      140015      210020   4.76085171E-02  -6.12603092               1
      140015      220021   2.53811218E-02  -6.98874712               1
      140015      230022   1.52505571E-02  -7.93202639               1
      140015      240023   1.01381755E-02  -8.66374683               1
      140015      250024   7.23783253E-03  -9.10459137               1
      140015      260025   5.33836707E-03  -9.38901711               1
      140015      270026   4.10196045E-03  -9.57142067               1
      140015      280027   3.21799563E-03  -9.69089413               1
      140015      290028   2.56228889E-03  -9.79145813               1
      140015      300029   2.07548286E-03  -9.86593056               1
      140015      310030   1.70373649E-03  -9.91458511               1
      140015      320031   1.41110923E-03  -9.98413181               1
      140015      330032   1.17690524E-03  -10.0881195               1
      150016       20001   3.17242369E-03  -8.23215961               1
      150016       30002   3.95442126E-03  -8.23492813               1
      150016       40003   4.97890962E-03  -8.22747612               1
      150016       50004   6.50012586E-03  -8.19237423               1
      150016       60005   8.73007625E-03  -8.07821941               1
      150016       70006   1.21672172E-02  -7.88006544               1
      150016       80007   1.78962331E-02  -7.57678556               1
      150016       90008   2.83024758E-02  -7.09741116               1
      150016      100009   4.98642512E-02  -6.47589254               1
      150016      110010   9.98247713E-02  -5.78961754               1
      150016      120011  0.234643891      -5.16403818               1
      150016      130012  0.654480994      -4.93995953               1
      150016      140013   2.63354516      -5.00277710               1
      150016      180017   2.61270523      -4.99128962               1
      150016      190018  0.659163713      -4.94759560               1
      150016      200019  0.238422796      -5.11242771               1
      150016      210020  0.100605637      -5.57309914               1
      150016      220021   4.83002253E-02  -6.26971912               1
      150016      230022   2.63563357E-02  -7.17369127               1
      150016      240023   1.62195750E-02  -7.94951344               1
      150016      250024   1.09357685E-02  -8.44073772               1
      150016      260025   7.73115875E-03  -8.76306534               1
      150016      270026   5.75294625E-03  -8.97060776               1
      150016      280027   4.40462818E-03  -9.09864235               1
      150016      290028   3.44265997E-03  -9.19366455               1
      150016      300029   2.74853874E-03  -9.25231743               1
      150016      310030   2.23129964E-03  -9.27603912               1
      150016      320031   1.83220475E-03  -9.31235123               1
      150016      330032   1.51820481E-03  -9.37650871               1
      160017       20001   2.34665140E-03  -8.98162174               1
      160017       30002   2.88411207E-03  -8.96884060               1
      160017       40003   3.56606906E-03  -8.95210934               1
      160017       50004   4.55068238E-03  -8.91475677               1
      160017       60005   5.93491085E-03  -8.80576134               1
      160017       70006   7.96435215E-03  -8.61658001               1
      160017       80007   1.11521063E-02  -8.32462406               1
      160017       90008   1.65316537E-02  -7.84472704               1
      160017      100009   2.67906897E-02  -7.17280436               1
      160017      110010   4.83533852E-02  -6.35278749               1
      160017      120011  0.100517243      -5.50681162               1
      160017      130012  0.237507045      -5.03399181               1
      160017      140013  0.661144912      -4.92442274               1
      160017      150014   2.61720419      -4.93774462               1
      160017      190018   2.62210631      -4.96613359               1
      160017      200019  0.656745911      -4.97445393               1
      160017      210020  0.235617101      -5.21301746               1
      160017      220021  0.100317061      -5.68665743               1
      160017      230022   4.93197069E-02  -6.45744753               1
      160017      240023   2.78620329E-02  -7.20074606               1
      160017      250024   1.75907053E-02  -7.69836473               1
      160017      260025   1.18285380E-02  -8.03785419               1
      160017      270026   8.46767705E-03  -8.26406002               1
      160017      280027   6.29274826E-03  -8.40149784               1
      160017      290028   4.80694976E-03  -8.49550724               1
      160017      300029   3.76927364E-03  -8.54530334               1
      160017      310030   3.01758596E-03  -8.55230713               1
      160017      320031   2.45092320E-03  -8.56467915               1
      160017      330032   2.01387401E-03  -8.59918690               1
      170018       20001   1.77651562E-03  -9.65861702               1
      170018       30002   2.15993309E-03  -9.62307167               1
      170018       40003   2.63319653E-03  -9.59170055               1
      170018       50004   3.30025540E-03  -9.54974842               1
      170018       60005   4.20401013E-03  -9.44835663               1
      170018       70006   5.47035038E-03  -9.27927303               1
      170018       80007   7.35266926E-03  -9.02383327               1
      170018       90008   1.03123402E-02  -8.59270382               1
      170018      100009   1.55216604E-02  -7.95264721               1
      170018      110010   2.55130827E-02  -7.10187340               1
      170018      120011   4.77148555E-02  -6.11464596               1
      170018      130012  0.100633539      -5.41362381               1
      170018      140013  0.239111409      -5.08674812               1
      170018      150014  0.659612834      -4.94731855               1
      170018      160015   2.61269689      -4.99130726               1
      170018      200019   2.60997391      -4.95993996               1
      170018      210020  0.650443614      -5.01240206               1
      170018      220021  0.232891843      -5.23487997               1
      170018      230022  0.101081297      -5.79927349               1
      170018      240023   5.17648421E-02  -6.43278933               1
      170018      250024   3.02972738E-02  -6.88014698               1
      170018      260025   1.92116667E-02  -7.20191765               1
      170018      270026   1.31306890E-02  -7.42891312               1
      170018      280027   9.40941926E-03  -7.56877327               1
      170018      290028   6.98589999E-03  -7.66141605               1
      170018      300029   5.35475416E-03  -7.70652628               1
      170018      310030   4.21090703E-03  -7.70359659               1
      170018      320031   3.37165059E-03  -7.70063257               1
      170018      330032   2.73933681E-03  -7.71530628               1
      180019       20001   1.40841817E-03  -10.1236715               1
      180019       30002   1.69631152E-03  -10.0645075               1
      180019       40003   2.04304885E-03  -10.0175610               1
      180019       50004   2.52183434E-03  -9.97018242               1
      180019       60005   3.14961933E-03  -9.87641621               1
      180019       70006   3.99410212E-03  -9.73060894               1
      180019       80007   5.18667325E-03  -9.52221489               1
      180019       90008   6.93659531E-03  -9.16809368               1
      180019      100009   9.77409258E-03  -8.62342644               1
      180019      110010   1.47112962E-02  -7.84927940               1
      180019      120011   2.48253308E-02  -6.83396769               1
      180019      130012   4.72830757E-02  -5.95759487               1
      180019      140013  0.100991301      -5.40518188               1
      180019      150014  0.239017174      -5.05826283               1
      180019      160015  0.659123182      -4.94779348               1
      180019      170016   2.62205791      -4.96620083               1
      180019      210020   2.60490727      -5.08387423               1
      180019      220021  0.643810749      -5.05690718               1
      180019      230022  0.233607456      -5.35925341               1
      180019      240023  0.106007263      -5.81018257               1
      180019      250024   5.68005778E-02  -6.14112806               1
      180019      260025   3.36837210E-02  -6.39400053               1
      180019      270026   2.18364503E-02  -6.58576298               1
      180019      280027   1.50039764E-02  -6.70447206               1
      180019      290028   1.07738720E-02  -6.78163624               1
      180019      300029   8.03834945E-03  -6.81514740               1
      180019      310030   6.18676702E-03  -6.80053663               1
      180019      320031   4.86835837E-03  -6.78419542               1
      180019      330032   3.90070281E-03  -6.78360748               1
      190020       20001   1.20723841E-03  -10.2601223               1
      190020       30002   1.43868139E-03  -10.1959219               1
      190020       40003   1.71092479E-03  -10.1500082               1
      190020       50004   2.08044378E-03  -10.1112947               1
      190020       60005   2.55087903E-03  -10.0372467               1
      190020       70006   3.16087715E-03  -9.92575550               1
      190020       80007   3.98270600E-03  -9.77704906               1
      190020       90008   5.11026569E-03  -9.52228165               1
      190020      100009   6.78943796E-03  -9.12530327               1
      190020      110010   9.40341130E-03  -8.54081249               1
      190020      120011   1.42894462E-02  -7.66634512               1
      190020      130012   2.44605076E-02  -6.74424839               1
      190020      140013   4.73511405E-02  -6.00871992               1
      190020      150014  0.100988917      -5.44007540               1
      190020      160015  0.238324285      -5.11313295               1
      190020      170016  0.656625092      -4.97480917               1
      190020      180017   2.60984564      -4.96001863               1
      190020      220021   2.58763170      -5.08236408               1
      190020      230022  0.641098976      -5.12670898               1
      190020      240023  0.242426977      -5.36485481               1
      190020      250024  0.115814112      -5.54212618               1
      190020      260025   6.33858740E-02  -5.69293499               1
      190020      270026   3.86783704E-02  -5.82349825               1
      190020      280027   2.53472067E-02  -5.90179729               1
      190020      290028   1.75293200E-02  -5.95027065               1
      190020      300029   1.26841711E-02  -5.96439171               1
      190020      310030   9.52479150E-03  -5.93478823               1
      190020      320031   7.34568154E-03  -5.90525818               1
      190020      330032   5.79046831E-03  -5.89219189               1
      200021       20001   1.14133360E-03  -9.85686398               1
      200021       30002   1.34257821E-03  -9.82189655               1
      200021       40003   1.57368951E-03  -9.80757618               1
      200021       50004   1.88323017E-03  -9.80321503               1
      200021       60005   2.26697954E-03  -9.76988697               1
      200021       70006   2.74873269E-03  -9.70861340               1
      200021       80007   3.37129319E-03  -9.63082600               1
      200021       90008   4.17346880E-03  -9.48522472               1
      200021      100009   5.27048064E-03  -9.25876331               1
      200021      110010   6.77278312E-03  -8.93946552               1
      200021      120011   9.28128883E-03  -8.38587189               1
      200021      130012   1.41495503E-02  -7.64314604               1
      200021      140013   2.45905779E-02  -6.86907578               1
      200021      150014   4.74899411E-02  -6.12913179               1
      200021      160015  0.100434698      -5.57560635               1
      200021      170016  0.235400081      -5.21445131               1
      200021      180017  0.650195777      -5.01291561               1
      200021      190018   2.60467339      -5.08399630               1
      200021      230022   2.58612776      -5.02739477               1
      200021      240023  0.654399037      -5.07679176               1
      200021      250024  0.259296507      -5.08823109               1
      200021      260025  0.126821503      -5.12063980               1
      200021      270026   7.16565922E-02  -5.17751980               1
      200021      280027   4.43747640E-02  -5.20538092               1
      200021      290028   2.93800365E-02  -5.21722603               1
      200021      300029   2.05272604E-02  -5.20649052               1
      200021      310030   1.49857951E-02  -5.15873051               1
      200021      320031   1.12931682E-02  -5.11485100               1
      200021      330032   8.73606745E-03  -5.08974266               1
      210022       20001   1.14437635E-03  -9.23579597               1
      210022       30002   1.32861326E-03  -9.23799324               1
      210022       40003   1.53545453E-03  -9.26101303               1
      210022       50004   1.81004824E-03  -9.29366493               1
      210022       60005   2.14305031E-03  -9.29956818               1
      210022       70006   2.55041919E-03  -9.28125191               1
      210022       80007   3.05983634E-03  -9.25828838               1
      210022       90008   3.68316169E-03  -9.19263840               1
      210022      100009   4.47481917E-03  -9.09311199               1
      210022      110010   5.42663177E-03  -8.99589634               1
      210022      120011   6.82314532E-03  -8.78934574               1
      210022      130012   9.33179073E-03  -8.38442993               1
      210022      140013   1.45039344E-02  -7.77075958               1
      210022      150014   2.52271406E-02  -6.99697638               1
      210022      160015   4.80714552E-02  -6.27755976               1
      210022      170016  0.100017093      -5.69148302               1
      210022      180017  0.232535809      -5.23686695               1
      210022      190018  0.643444419      -5.05756283               1
      210022      200019   2.58732891      -5.08250570               1
      210022      240023   2.60481524      -5.05844927               1
      210022      250024  0.672874868      -4.96303368               1
      210022      260025  0.270457208      -4.88244486               1
      210022      270026  0.136008754      -4.86698914               1
      210022      280027   7.79372901E-02  -4.84398317               1
      210022      290028   4.88062166E-02  -4.81762981               1
      210022      300029   3.26663032E-02  -4.78071260               1
      210022      310030   2.30531543E-02  -4.71367884               1
      210022      320031   1.69005711E-02  -4.65469551               1
      210022      330032   1.27844950E-02  -4.61717033               1
      220023       20001   1.11761806E-03  -8.91745377               1
      220023       30002   1.28420372E-03  -8.93829918               1
      220023       40003   1.46772689E-03  -8.98014069               1
      220023       50004   1.71002140E-03  -9.03129387               1
      220023       60005   1.99893722E-03  -9.05664635               1
      220023       70006   2.34569749E-03  -9.05906296               1
      220023       80007   2.76923180E-03  -9.06266212               1
      220023       90008   3.26822139E-03  -9.03657246               1
      220023      100009   3.86790978E-03  -9.00234890               1
      220023      110010   4.51284787E-03  -9.03176785               1
      220023      120011   5.34774549E-03  -9.06229210               1
      220023      130012   6.74177147E-03  -8.96678829               1
      220023      140013   9.54525266E-03  -8.60702419               1
      220023      150014   1.50989266E-02  -7.94523335               1
      220023      160015   2.61181071E-02  -7.19133329               1
      220023      170016   4.89967540E-02  -6.46990061               1
      220023      180017  0.100688271      -5.80492973               1
      220023      190018  0.233189523      -5.36111736               1
      220023      200019  0.640731812      -5.12710094               1
      220023      210020   2.58589673      -5.02737284               1
      220023      250024   2.60325623      -4.99359083               1
      220023      260025  0.669202626      -4.89795160               1
      220023      270026  0.272853285      -4.85728121               1
      220023      280027  0.138096690      -4.81156206               1
      220023      290028   7.97028169E-02  -4.76478195               1
      220023      300029   5.02971336E-02  -4.71523476               1
      220023      310030   3.39473858E-02  -4.63898230               1
      220023      320031   2.40212064E-02  -4.57244444               1
      220023      330032   1.76622923E-02  -4.52811337               1
      230024       20001   1.05372828E-03  -8.77763462               1
      230024       30002   1.20103161E-03  -8.80716228               1
      230024       40003   1.36075180E-03  -8.85783577               1
      230024       50004   1.57087878E-03  -8.91755199               1
      230024       60005   1.81813003E-03  -8.95180702               1
      230024       70006   2.11061817E-03  -8.96327496               1
      230024       80007   2.46175844E-03  -8.97855568               1
      230024       90008   2.86407233E-03  -8.97024727               1
      230024      100009   3.32850171E-03  -8.96585751               1
      230024      110010   3.78495711E-03  -9.05765724               1
      230024      120011   4.31415252E-03  -9.21992779               1
      230024      130012   5.14686573E-03  -9.32774067               1
      230024      140013   6.81270938E-03  -9.18278980               1
      230024      150014   1.00135794E-02  -8.67468071               1
      230024      160015   1.60065275E-02  -7.97771406               1
      230024      170016   2.75617186E-02  -7.22474575               1
      230024      180017   5.13914563E-02  -6.44520235               1
      230024      190018  0.105604120      -5.81431532               1
      230024      200019  0.242068648      -5.36531591               1
      230024      210020  0.654173017      -5.07625532               1
      230024      220021   2.60474873      -5.05820131               1
      230024      260025   2.59122205      -4.92717791               1
      230024      270026  0.666361153      -4.91589022               1
      230024      280027  0.270410150      -4.87986708               1
      230024      290028  0.136880681      -4.83205891               1
      230024      300029   7.91550055E-02  -4.78519583               1
      230024      310030   5.01908287E-02  -4.71135378               1
      230024      320031   3.38601470E-02  -4.64602327               1
      230024      330032   2.39823405E-02  -4.60141754               1
      240025       20001   9.76771349E-04  -8.65145302               1
      240025       30002   1.10568141E-03  -8.68746376               1
      240025       40003   1.24347350E-03  -8.74464798               1
      240025       50004   1.42435008E-03  -8.81047440               1
      240025       60005   1.63479627E-03  -8.85078430               1
      240025       70006   1.88079814E-03  -8.86782551               1
      240025       80007   2.17210595E-03  -8.88973522               1
      240025       90008   2.49848189E-03  -8.89085007               1
      240025      100009   2.86353636E-03  -8.90120697               1
      240025      110010   3.19577241E-03  -9.02463055               1
      240025      120011   3.54434364E-03  -9.25878620               1
      240025      130012   4.06874809E-03  -9.48738194               1
      240025      140013   5.13381977E-03  -9.48624516               1
      240025      150014   7.14968378E-03  -9.10105801               1
      240025      160015   1.07621392E-02  -8.47460270               1
      240025      170016   1.73325054E-02  -7.73430204               1
      240025      180017   2.99679805E-02  -6.90129852               1
      240025      190018   5.64404801E-02  -6.14840984               1
      240025      200019  0.115494244      -5.54213476               1
      240025      210020  0.259103179      -5.08601189               1
      240025      220021  0.672838986      -4.96158886               1
      240025      230022   2.60329938      -4.99325466               1
      240025      270026   2.59167719      -5.01947117               1
      240025      280027  0.662910283      -5.00070238               1
      240025      290028  0.268196553      -4.95245647               1
      240025      300029  0.135469168      -4.91079998               1
      240025      310030   7.85011947E-02  -4.84195280               1
      240025      320031   4.96221967E-02  -4.77950144               1
      240025      330032   3.34539115E-02  -4.73550320               1
      250026       20001   8.85965303E-04  -8.52690411               1
      250026       30002   9.97059979E-04  -8.56812096               1
      250026       40003   1.11427321E-03  -8.63057232               1
      250026       50004   1.26790919E-03  -8.70133781               1
      250026       60005   1.44489063E-03  -8.74649143               1
      250026       70006   1.64964609E-03  -8.76781750               1
      250026       80007   1.88929797E-03  -8.79454613               1
      250026       90008   2.15267437E-03  -8.80204582               1
      250026      100009   2.43945234E-03  -8.82149124               1
      250026      110010   2.68260017E-03  -8.96403122               1
      250026      120011   2.91376538E-03  -9.24311543               1
      250026      130012   3.24963150E-03  -9.55030155               1
      250026      140013   3.95578891E-03  -9.64863968               1
      250026      150014   5.28920442E-03  -9.35666084               1
      250026      160015   7.60309724E-03  -8.79470348               1
      250026      170016   1.16223767E-02  -8.08377457               1
      250026      180017   1.89398937E-02  -7.23309183               1
      250026      190018   3.33826952E-02  -6.40568161               1
      250026      200019   6.31211028E-02  -5.69231701               1
      250026      210020  0.126675352      -5.11542273               1
      250026      220021  0.270463735      -4.87827873               1
      250026      230022  0.669292808      -4.89627361               1
      250026      240023   2.59131646      -4.92686749               1
      250026      280027   2.58059883      -5.06159449               1
      250026      290028  0.658723533      -5.02193260               1
      250026      300029  0.265539676      -4.99526548               1
      250026      310030  0.134239405      -4.94064856               1
      250026      320031   7.74314180E-02  -4.88808060               1
      250026      330032   4.88779172E-02  -4.85009861               1
      260027       20001   8.15682055E-04  -8.32135201               1
      260027       30002   9.12668183E-04  -8.37149239               1
      260027       40003   1.01365615E-03  -8.44287968               1
      260027       50004   1.14596810E-03  -8.52210426               1
      260027       60005   1.29694713E-03  -8.57550430               1
      260027       70006   1.46994938E-03  -8.60433578               1
      260027       80007   1.67029374E-03  -8.63880539               1
      260027       90008   1.88653823E-03  -8.65507889               1
      260027      100009   2.11619772E-03  -8.68490505               1
      260027      110010   2.29740213E-03  -8.84497356               1
      260027      120011   2.45193951E-03  -9.16077232               1
      260027      130012   2.67056306E-03  -9.52999210               1
      260027      140013   3.15823359E-03  -9.70724487               1
      260027      150014   4.08793380E-03  -9.49197674               1
      260027      160015   5.66506619E-03  -8.98900795               1
      260027      170016   8.30634125E-03  -8.31562519               1
      260027      180017   1.29067972E-02  -7.47039557               1
      260027      190018   2.15815380E-02  -6.60340834               1
      260027      200019   3.84508595E-02  -5.82282019               1
      260027      210020   7.15328008E-02  -5.16846037               1
      260027      220021  0.136025205      -4.85854149               1
      260027      230022  0.272953331      -4.85280704               1
      260027      240023  0.666473091      -4.91440296               1
      260027      250024   2.59176350      -5.01922750               1
      260027      290028   2.57724714      -4.98968554               1
      260027      300029  0.659139991      -4.97479868               1
      260027      310030  0.266558617      -4.94094658               1
      260027      320031  0.134356216      -4.90476227               1
      260027      330032   7.75225163E-02  -4.87886286               1
      270028       20001   7.49832951E-04  -8.09289455               1
      270028       30002   8.34532198E-04  -8.15216732               1
      270028       40003   9.21604864E-04  -8.23272705               1
      270028       50004   1.03572034E-03  -8.32068634               1
      270028       60005   1.16478838E-03  -8.38262653               1
      270028       70006   1.31138170E-03  -8.41927814               1
      270028       80007   1.47950824E-03  -8.46168900               1
      270028       90008   1.65794091E-03  -8.48663712               1
      270028      100009   1.84305408E-03  -8.52610302               1
      270028      110010   1.97863881E-03  -8.70104122               1
      270028      120011   2.08044704E-03  -9.04629230               1
      270028      130012   2.22159526E-03  -9.46424103               1
      270028      140013   2.56553851E-03  -9.70325279               1
      270028      150014   3.23446165E-03  -9.54833412               1
      270028      160015   4.35239868E-03  -9.09310341               1
      270028      170016   6.17176993E-03  -8.45348740               1
      270028      180017   9.22882278E-03  -7.61999893               1
      270028      190018   1.47902286E-02  -6.72967958               1
      270028      200019   2.51509640E-02  -5.90234756               1
      270028      210020   4.42649908E-02  -5.19246101               1
      270028      220021   7.79521912E-02  -4.83017206               1
      270028      230022  0.138193399      -4.80281210               1
      270028      240023  0.270527482      -4.87592316               1
      270028      250024  0.663013339      -4.99952030               1
      270028      260025   2.58065557      -5.06141376               1
      270028      300029   2.58815145      -5.00224972               1
      270028      310030  0.658735633      -4.97201395               1
      270028      320031  0.265497983      -4.94184589               1
      270028      330032  0.134084955      -4.92175961               1
      280029       20001   6.87698252E-04  -7.87685347               1
      280029       30002   7.61657779E-04  -7.94449139               1
      280029       40003   8.36754043E-04  -8.03349400               1
      280029       50004   9.35265620E-04  -8.12953568               1
      280029       60005   1.04576815E-03  -8.19941521               1
      280029       70006   1.17025478E-03  -8.24336720               1
      280029       80007   1.31176715E-03  -8.29317665               1
      280029       90008   1.45957642E-03  -8.32611275               1
      280029      100009   1.60952657E-03  -8.37419796               1
      280029      110010   1.71103911E-03  -8.56179619               1
      280029      120011   1.77599851E-03  -8.93130493               1
      280029      130012   1.86479604E-03  -9.38878632               1
      280029      140013   2.11083959E-03  -9.67755127               1
      280029      150014   2.60377396E-03  -9.57084942               1
      280029      160015   3.42057040E-03  -9.15364552               1
      280029      170016   4.72078985E-03  -8.54201984               1
      280029      180017   6.84302999E-03  -7.72088528               1
      280029      190018   1.05958330E-02  -6.81559753               1
      280029      200019   1.73589643E-02  -5.95362759               1
      280029      210020   2.92784460E-02  -5.20106506               1
      280029      220021   4.88124974E-02  -4.79790401               1
      280029      230022   7.97880515E-02  -4.75045586               1
      280029      240023  0.136995643      -4.82414579               1
      280029      250024  0.268310398      -4.94915962               1
      280029      260025  0.658804953      -5.02097034               1
      280029      270026   2.57731247      -4.98951387               1
      280029      310030   2.59575248      -5.02895975               1
      280029      320031  0.656460166      -5.00437164               1
      280029      330032  0.265171498      -4.98940897               1
      290030       20001   6.36376149E-04  -7.61574650               1
      290030       30002   7.01487414E-04  -7.69301414               1
      290030       40003   7.66774174E-04  -7.79175377               1
      290030       50004   8.52568424E-04  -7.89717817               1
      290030       60005   9.48038884E-04  -7.97632170               1
      290030       70006   1.05475693E-03  -8.02891922               1
      290030       80007   1.17505633E-03  -8.08745670               1
      290030       90008   1.29874842E-03  -8.12966156               1
      290030      100009   1.42145634E-03  -8.18754101               1
      290030      110010   1.49750011E-03  -8.38851166               1
      290030      120011   1.53624464E-03  -8.78167534               1
      290030      130012   1.58887776E-03  -9.27621555               1
      290030      140013   1.76696805E-03  -9.61069489               1
      290030      150014   2.13862956E-03  -9.54764557               1
      290030      160015   2.75248336E-03  -9.16471004               1
      290030      170016   3.71309486E-03  -8.57915878               1
      290030      180017   5.24412468E-03  -7.77230787               1
      290030      190018   7.89025147E-03  -6.85936880               1
      290030      200019   1.25341071E-02  -5.97301865               1
      290030      210020   2.04285458E-02  -5.18880081               1
      290030      220021   3.26582491E-02  -4.75542974               1
      290030      230022   5.03636748E-02  -4.69455338               1
      290030      240023   7.92586729E-02  -4.77188444               1
      290030      250024  0.135583699      -4.90390539               1
      290030      260025  0.265635431      -4.99243307               1
      290030      270026  0.659228802      -4.97386503               1
      290030      280027   2.58821845      -5.00207663               1
      290030      320031   2.58936453      -4.99285650               1
      290030      330032  0.662321866      -4.99361324               1
      300031       20001   5.92390017E-04  -7.31174040               1
      300031       30002   6.50051807E-04  -7.39934063               1
      300031       40003   7.07142579E-04  -7.50855684               1
      300031       50004   7.82357005E-04  -7.62413549               1
      300031       60005   8.65412818E-04  -7.71335030               1
      300031       70006   9.57570272E-04  -7.77544117               1
      300031       80007   1.06063613E-03  -7.84355736               1
      300031       90008   1.16498081E-03  -7.89585400               1
      300031      100009   1.26619800E-03  -7.96428537               1
      300031      110010   1.32290728E-03  -8.17903423               1
      300031      120011   1.34277879E-03  -8.59522247               1
      300031      130012   1.37006689E-03  -9.12475395               1
      300031      140013   1.49984949E-03  -9.50166988               1
      300031      150014   1.78542023E-03  -9.47844982               1
      300031      160015   2.25777668E-03  -9.12620258               1
      300031      170016   2.98763672E-03  -8.56391430               1
      300031      180017   4.12877742E-03  -7.77084637               1
      300031      190018   6.06559170E-03  -6.85381508               1
      300031      200019   9.39371716E-03  -5.94919205               1
      300031      210020   1.48911485E-02  -5.14007902               1
      300031      220021   2.30339523E-02  -4.68254137               1
      300031      230022   3.39985378E-02  -4.61067724               1
      300031      240023   5.02855815E-02  -4.69069386               1
      300031      250024   7.86181763E-02  -4.82933092               1
      300031      260025  0.134351507      -4.93411303               1
      300031      270026  0.266674519      -4.93794441               1
      300031      280027  0.658837438      -4.97099161               1
      300031      290028   2.59582090      -5.02878571               1
      300031      330032   2.58615613      -4.98021841               1
      310032       20001   5.55067498E-04  -7.00944805               1
      310032       30002   6.06404094E-04  -7.10731363               1
      310032       40003   6.56573393E-04  -7.22697878               1
      310032       50004   7.22896599E-04  -7.35273504               1
      310032       60005   7.95581960E-04  -7.45209455               1
      310032       70006   8.75656493E-04  -7.52381134               1
      310032       80007   9.64526960E-04  -7.60167027               1
      310032       90008   1.05310068E-03  -7.66422987               1
      310032      100009   1.13704544E-03  -7.74336147               1
      310032      110010   1.17871736E-03  -7.97180128               1
      310032      120011   1.18460949E-03  -8.41024780               1
      310032      130012   1.19359454E-03  -8.97314167               1
      310032      140013   1.28792005E-03  -9.39026642               1
      310032      150014   1.51023152E-03  -9.40439892               1
      310032      160015   1.88008021E-03  -9.08042526               1
      310032      170016   2.44630105E-03  -8.53925133               1
      310032      180017   3.31782643E-03  -7.75910044               1
      310032      190018   4.77569550E-03  -6.83979654               1
      310032      200019   7.23857572E-03  -5.92057514               1
      310032      210020   1.12125752E-02  -5.09080505               1
      310032      220021   1.68852415E-02  -4.61283350               1
      310032      230022   2.40746476E-02  -4.53110409               1
      310032      240023   3.39643173E-02  -4.61236382               1
      310032      250024   4.97600138E-02  -4.75578928               1
      310032      260025   7.75782838E-02  -4.87329960               1
      310032      270026  0.134518668      -4.89621735               1
      310032      280027  0.265655071      -4.93775320               1
      310032      290028  0.656588674      -5.00299454               1
      310032      300029   2.58947635      -4.99257135               1
      320033       20001   5.24408650E-04  -6.70367718               1
      320033       30002   5.70393051E-04  -6.81217337               1
      320033       40003   6.14720688E-04  -6.94269848               1
      320033       50004   6.73587958E-04  -7.07908344               1
      320033       60005   7.37619062E-04  -7.18908882               1
      320033       70006   8.07667500E-04  -7.27098322               1
      320033       80007   8.84835143E-04  -7.35916805               1
      320033       90008   9.60517034E-04  -7.43260050               1
      320033      100009   1.03050738E-03  -7.52304935               1
      320033      110010   1.06034870E-03  -7.76567888               1
      320033      120011   1.05571293E-03  -8.22647858               1
      320033      130012   1.05126761E-03  -8.82233715               1
      320033      140013   1.11919839E-03  -9.27894115               1
      320033      150014   1.29434851E-03  -9.32946491               1
      320033      160015   1.58868218E-03  -9.03264713               1
      320033      170016   2.03653239E-03  -8.51137352               1
      320033      180017   2.71721394E-03  -7.74359083               1
      320033      190018   3.84287350E-03  -6.82335567               1
      320033      200019   5.71884727E-03  -5.89230204               1
      320033      210020   8.68873857E-03  -5.04514122               1
      320033      220021   1.28005147E-02  -4.54966831               1
      320033      230022   1.77509915E-02  -4.45901012               1
      320033      240023   2.41317973E-02  -4.54054260               1
      320033      250024   3.36507298E-02  -4.68759298               1
      320033      260025   4.91001830E-02  -4.81571817               1
      320033      270026   7.77771771E-02  -4.85550690               1
      320033      280027  0.134348944      -4.90778875               1
      320033      290028  0.265418589      -4.98263216               1
      320033      300029  0.662571132      -4.99094152               1
      320033      310030   2.58636165      -4.97954941               1
