         930
       10002       40003  0.767377615      -3.10853240E-03           1
       10002       50004  0.192623615       6.57713646E-03           1
       10002       60005   7.59077817E-02   2.91559044E-02           1
       10002       70006   3.73356380E-02   7.13691488E-02           1
       10002       80007   2.10226029E-02  0.143694311               1
       10002       90008   1.29661979E-02  0.244619980               1
       10002      100009   8.55928939E-03  0.341934770               1
       10002      110010   5.93005866E-03  0.364560843               1
       10002      120011   4.28950461E-03  0.226121515               1
       10002      130012   3.20244767E-03 -0.142308354               1
       10002      140013   2.45892978E-03 -0.758578300               1
       10002      150014   1.92720199E-03  -1.53902185               1
       10002      160015   1.53702870E-03  -2.28887987               1
       10002      170016   1.24754361E-03  -2.83915949               1
       10002      180017   1.02780515E-03  -3.09507585               1
       10002      190018   8.60086235E-04  -3.05054021               1
       10002      200019   7.25681428E-04  -2.74543166               1
       10002      210020   6.18191669E-04  -2.26561069               1
       10002      220021   5.31494035E-04  -1.75016785               1
       10002      230022   4.58133582E-04  -1.33979642               1
       10002      240023   3.98421427E-04  -1.07454288               1
       10002      250024   3.48664762E-04 -0.924031734               1
       10002      260025   3.04337998E-04 -0.829561114               1
       10002      270026   2.67560739E-04 -0.755144536               1
       10002      280027   2.35277665E-04 -0.691964209               1
       10002      290028   2.07336052E-04 -0.642344832               1
       10002      300029   1.83655866E-04 -0.607561588               1
       10002      310030   1.61581382E-04 -0.588783026               1
       10002      320031   1.40338103E-04 -0.584268749               1
       10002      330032   1.23580423E-04 -0.583015859               1
       20003       50004  0.774576485      -3.67700297E-04           1
       20003       60005  0.193737075       1.16683273E-02           1
       20003       70006   7.65948966E-02   4.20252979E-02           1
       20003       80007   3.78654227E-02  0.102684543               1
       20003       90008   2.14222167E-02  0.194779128               1
       20003      100009   1.32940076E-02  0.289771199               1
       20003      110010   8.78965296E-03  0.319365919               1
       20003      120011   6.12843642E-03  0.196525276               1
       20003      130012   4.44314023E-03 -0.153299317               1
       20003      140013   3.33149894E-03 -0.757446527               1
       20003      150014   2.56136851E-03  -1.53730023               1
       20003      160015   2.01093964E-03  -2.29485774               1
       20003      170016   1.61120016E-03  -2.85780644               1
       20003      180017   1.31327310E-03  -3.12911630               1
       20003      190018   1.08923181E-03  -3.10061789               1
       20003      200019   9.12223826E-04  -2.80960035               1
       20003      210020   7.72306055E-04  -2.33973503               1
       20003      220021   6.60576625E-04  -1.83073282               1
       20003      230022   5.66970150E-04  -1.42492151               1
       20003      240023   4.91335464E-04  -1.16336417               1
       20003      250024   4.28740546E-04  -1.01612043               1
       20003      260025   3.73366085E-04 -0.924659669               1
       20003      270026   3.27644259E-04 -0.853057444               1
       20003      280027   2.87701172E-04 -0.792551458               1
       20003      290028   2.53263832E-04 -0.745507240               1
       20003      300029   2.24172181E-04 -0.713226318               1
       20003      310030   1.97140922E-04 -0.696885467               1
       20003      320031   1.71193882E-04 -0.694783866               1
       20003      330032   1.50765380E-04 -0.695955992               1
       30004       20001  0.767409563      -3.20054917E-03           1
       30004       60005  0.779016554       7.69745791E-04           1
       30004       70006  0.195555255       1.85178779E-02           1
       30004       80007   7.76943341E-02   6.56731725E-02           1
       30004       90008   3.85659561E-02  0.147099704               1
       30004      100009   2.19455082E-02  0.238839135               1
       30004      110010   1.36368340E-02  0.276178390               1
       30004      120011   9.06915776E-03  0.171921849               1
       30004      130012   6.33550854E-03 -0.154672891               1
       30004      140013   4.61045932E-03 -0.742494702               1
       30004      150014   3.46003636E-03  -1.51958036               1
       30004      160015   2.66329315E-03  -2.28437042               1
       30004      170016   2.09931401E-03  -2.86076617               1
       30004      180017   1.68806256E-03  -3.14919043               1
       30004      190018   1.38423906E-03  -3.13902378               1
       30004      200019   1.14820746E-03  -2.86430621               1
       30004      210020   9.64202802E-04  -2.40575624               1
       30004      220021   8.19003384E-04  -1.90367341               1
       30004      230022   6.98800839E-04  -1.50239110               1
       30004      240023   6.02524728E-04  -1.24425304               1
       30004      250024   5.23505092E-04  -1.09988463               1
       30004      260025   4.54218360E-04  -1.01096559               1
       30004      270026   3.97348573E-04 -0.941642165               1
       30004      280027   3.47973371E-04 -0.883206964               1
       30004      290028   3.05617898E-04 -0.838069320               1
       30004      300029   2.69981829E-04 -0.807572663               1
       30004      310030   2.37033615E-04 -0.792924821               1
       30004      320031   2.05547898E-04 -0.792471945               1
       30004      330032   1.80805175E-04 -0.795289218               1
       40005       20001  0.192686677       6.20007562E-03           1
       40005       30002  0.774616897      -4.11514338E-04           1
       40005       70006  0.777178347       2.00266112E-03           1
       40005       80007  0.195765033       3.23807150E-02           1
       40005       90008   7.79415220E-02   9.92409959E-02           1
       40005      100009   3.88668440E-02  0.185219198               1
       40005      110010   2.21259929E-02  0.230145633               1
       40005      120011   1.38143701E-02  0.146855637               1
       40005      130012   9.19734500E-03 -0.152255923               1
       40005      140013   6.44237502E-03 -0.719998300               1
       40005      150014   4.68870346E-03  -1.49301589               1
       40005      160015   3.51963425E-03  -2.26587152               1
       40005      170016   2.71739229E-03  -2.85815024               1
       40005      180017   2.14762590E-03  -3.16737652               1
       40005      190018   1.73562276E-03  -3.18002987               1
       40005      200019   1.42194587E-03  -2.92604756               1
       40005      210020   1.18144881E-03  -2.48220277               1
       40005      220021   9.94360773E-04  -1.98932815               1
       40005      230022   8.41698726E-04  -1.59422994               1
       40005      240023   7.20716547E-04  -1.34087312               1
       40005      250024   6.22419640E-04  -1.20060062               1
       40005      260025   5.37182787E-04  -1.11535037               1
       40005      270026   4.67735372E-04  -1.04934609               1
       40005      280027   4.07915533E-04 -0.993947208               1
       40005      290028   3.56930628E-04 -0.951622128               1
       40005      300029   3.14253586E-04 -0.923778892               1
       40005      310030   2.75068742E-04 -0.911681235               1
       40005      320031   2.37871151E-04 -0.913758516               1
       40005      330032   2.08697253E-04 -0.919165730               1
       50006       20001   7.59940520E-02   2.83411387E-02           1
       50006       30002  0.193795353       1.15006631E-02           1
       50006       40003  0.779052973       7.45303580E-04           1
       50006       80007  0.777442098       9.80016403E-03           1
       50006       90008  0.195895240       5.70272356E-02           1
       50006      100009   7.82788917E-02  0.133475512               1
       50006      110010   3.90264839E-02  0.185522795               1
       50006      120011   2.23011393E-02  0.125740454               1
       50006      130012   1.39305070E-02 -0.141663328               1
       50006      140013   9.29145794E-03 -0.685936928               1
       50006      150014   6.50551543E-03  -1.45410717               1
       50006      160015   4.73281881E-03  -2.23626375               1
       50006      170016   3.56126484E-03  -2.84702063               1
       50006      180017   2.75520282E-03  -3.18060899               1
       50006      190018   2.18719151E-03  -3.22015882               1
       50006      200019   1.76496478E-03  -2.99072528               1
       50006      210020   1.44756737E-03  -2.56428361               1
       50006      220021   1.20478123E-03  -2.08225155               1
       50006      230022   1.00996671E-03  -1.69438946               1
       50006      240023   8.57492269E-04  -1.44661295               1
       50006      250024   7.35062116E-04  -1.31113291               1
       50006      260025   6.30258583E-04  -1.23019516               1
       50006      270026   5.45603747E-04  -1.16810977               1
       50006      280027   4.73357679E-04  -1.11630821               1
       50006      290028   4.12247755E-04  -1.07732415               1
       50006      300029   3.61403479E-04  -1.05264127               1
       50006      310030   3.15105281E-04  -1.04359162               1
       50006      320031   2.71507335E-04  -1.04870725               1
       50006      330032   2.37390443E-04  -1.05724490               1
       60007       20001   3.74330133E-02   7.02655986E-02           1
       60007       30002   7.66618550E-02   4.17433232E-02           1
       60007       40003  0.195599616       1.84321981E-02           1
       60007       50004  0.777202666       1.98436808E-03           1
       60007       90008  0.775961757       2.51520481E-02           1
       60007      100009  0.196273774       8.67862403E-02           1
       60007      110010   7.84390867E-02  0.145588860               1
       60007      120011   3.92427444E-02  0.113374293               1
       60007      130012   2.24365015E-02 -0.116741806               1
       60007      140013   1.40345059E-02 -0.633905172               1
       60007      150014   9.35633387E-03  -1.39682913               1
       60007      160015   6.54684706E-03  -2.18991160               1
       60007      170016   4.77299653E-03  -2.82198572               1
       60007      180017   3.59805860E-03  -3.18360829               1
       60007      190018   2.79529183E-03  -3.25412655               1
       60007      200019   2.21511372E-03  -3.05291319               1
       60007      210020   1.78897323E-03  -2.64629030               1
       60007      220021   1.46935740E-03  -2.17636728               1
       60007      230022   1.21777400E-03  -1.79638934               1
       60007      240023   1.02368614E-03  -1.55457938               1
       60007      250024   8.69930256E-04  -1.42418432               1
       60007      260025   7.40205578E-04  -1.34781587               1
       60007      270026   6.36450422E-04  -1.28988373               1
       60007      280027   5.48826589E-04  -1.24189389               1
       60007      290028   4.75345674E-04  -1.20644641               1
       60007      300029   4.14628274E-04  -1.18510628               1
       60007      310030   3.59853962E-04  -1.17928112               1
       60007      320031   3.08741699E-04  -1.18761563               1
       60007      330032   2.68849777E-04  -1.19947994               1
       70008       20001   2.11227238E-02  0.143024400               1
       70008       30002   3.79345529E-02  0.102593534               1
       70008       40003   7.77410492E-02   6.55700117E-02           1
       70008       50004  0.195792869       3.23033109E-02           1
       70008       60005  0.777455866       9.77647863E-03           1
       70008      100009  0.773731828       4.88392040E-02           1
       70008      110010  0.195884913      0.113168456               1
       70008      120011   7.85404593E-02  0.115386382               1
       70008      130012   3.93272340E-02  -6.81387708E-02           1
       70008      140013   2.25093961E-02 -0.553062260               1
       70008      150014   1.40757971E-02  -1.31086493               1
       70008      160015   9.37740412E-03  -2.11742163               1
       70008      170016   6.57472759E-03  -2.77442908               1
       70008      180017   4.80168732E-03  -3.16841292               1
       70008      190018   3.63430590E-03  -3.27456832               1
       70008      200019   2.81807920E-03  -3.10570860               1
       70008      210020   2.23467336E-03  -2.72151566               1
       70008      220021   1.80705707E-03  -2.26492834               1
       70008      230022   1.47778378E-03  -1.89330745               1
       70008      240023   1.22795661E-03  -1.65761328               1
       70008      250024   1.03306444E-03  -1.53233731               1
       70008      260025   8.71274970E-04  -1.46053350               1
       70008      270026   7.43318291E-04  -1.40673292               1
       70008      280027   6.36516430E-04  -1.36251962               1
       70008      290028   5.47817093E-04  -1.33055997               1
       70008      300029   4.75093402E-04  -1.31250441               1
       70008      310030   4.10163746E-04  -1.30984330               1
       70008      320031   3.50183924E-04  -1.32133901               1
       70008      330032   3.03515844E-04  -1.33648205               1
       80009       20001   1.30642867E-02  0.246180594               1
       80009       30002   2.14897040E-02  0.195905238               1
       80009       40003   3.86115611E-02  0.147388205               1
       80009       50004   7.79695734E-02   9.91584957E-02           1
       80009       60005  0.195910528       5.69243878E-02           1
       80009       70006  0.775969207       2.51207557E-02           1
       80009      110010  0.774258137       7.60710165E-02           1
       80009      120011  0.196313664      0.122748293               1
       80009      130012   7.87448511E-02   2.15909630E-03           1
       80009      140013   3.94307598E-02 -0.441273093               1
       80009      150014   2.25564670E-02  -1.19466329               1
       80009      160015   1.40898069E-02  -2.01942325               1
       80009      170016   9.40189417E-03  -2.70702124               1
       80009      180017   6.60161069E-03  -3.13937569               1
       80009      190018   4.83941985E-03  -3.28731012               1
       80009      200019   3.65498243E-03  -3.15614152               1
       80009      210020   2.83538317E-03  -2.79771352               1
       80009      220021   2.25077826E-03  -2.35598588               1
       80009      230022   1.81194569E-03  -1.99324667               1
       80009      240023   1.48541410E-03  -1.76374876               1
       80009      250024   1.23515574E-03  -1.64350867               1
       80009      260025   1.03115395E-03  -1.57613170               1
       80009      270026   8.71870609E-04  -1.52630866               1
       80009      280027   7.40661693E-04  -1.48571098               1
       80009      290028   6.32875308E-04  -1.45707333               1
       80009      300029   5.45278192E-04  -1.44213581               1
       80009      310030   4.67956270E-04  -1.44247782               1
       80009      320031   3.97317694E-04  -1.45698142               1
       80009      330032   3.42557818E-04  -1.47526157               1
       90010       20001   8.65281932E-03  0.349331290               1
       90010       30002   1.33577511E-02  0.294691086               1
       90010       40003   2.19879597E-02  0.241058290               1
       90010       50004   3.88929769E-02  0.185839564               1
       90010       60005   7.82934949E-02  0.133498251               1
       90010       70006  0.196281374       8.67308900E-02           1
       90010       80007  0.773735166       4.88281660E-02           1
       90010      120011  0.775348425       9.93309692E-02           1
       90010      130012  0.196835801       6.90210611E-02           1
       90010      140013   7.88975582E-02 -0.315577507               1
       90010      150014   3.94921266E-02  -1.06493247               1
       90010      160015   2.25624647E-02  -1.91639948               1
       90010      170016   1.41129065E-02  -2.64419031               1
       90010      180017   9.42985807E-03  -3.12391853               1
       90010      190018   6.64484687E-03  -3.32208157               1
       90010      200019   4.85982001E-03  -3.23577976               1
       90010      210020   3.67149035E-03  -2.90773082               1
       90010      220021   2.85081565E-03  -2.48317957               1
       90010      230022   2.25277129E-03  -2.13034558               1
       90010      240023   1.81783002E-03  -1.90748012               1
       90010      250024   1.49124465E-03  -1.79248655               1
       90010      260025   1.23043708E-03  -1.72967350               1
       90010      270026   1.02977629E-03  -1.68394911               1
       90010      280027   8.66911199E-04  -1.64709461               1
       90010      290028   7.34752160E-04  -1.62192035               1
       90010      300029   6.28412352E-04  -1.61026096               1
       90010      310030   5.35711704E-04  -1.61378813               1
       90010      320031   4.52043023E-04  -1.63150835               1
       90010      330032   3.87462700E-04  -1.65317106               1
      100011       20001   6.01818645E-03  0.383426398               1
      100011       30002   8.84922594E-03  0.333036959               1
      100011       40003   1.36759635E-02  0.284167945               1
      100011       50004   2.21501775E-02  0.234048069               1
      100011       60005   3.90405171E-02  0.187153548               1
      100011       70006   7.84472227E-02  0.146216571               1
      100011       80007  0.195889592      0.113420397               1
      100011       90008  0.774260998       7.61486143E-02           1
      100011      130012  0.774932504       9.67411548E-02           1
      100011      140013  0.196349844     -0.195674956               1
      100011      150014   7.86936954E-02 -0.939057946               1
      100011      160015   3.93326767E-02  -1.83199024               1
      100011      170016   2.24976148E-02  -2.61792517               1
      100011      180017   1.40901217E-02  -3.16080046               1
      100011      190018   9.44683608E-03  -3.42253494               1
      100011      200019   6.64051156E-03  -3.39187646               1
      100011      210020   4.85751219E-03  -3.10136819               1
      100011      220021   3.67267663E-03  -2.69806910               1
      100011      230022   2.83867726E-03  -2.35745311               1
      100011      240023   2.24826857E-03  -2.14270520               1
      100011      250024   1.81539345E-03  -2.03410959               1
      100011      260025   1.47767784E-03  -1.97689903               1
      100011      270026   1.22222200E-03  -1.93628967               1
      100011      280027   1.01832079E-03  -1.90421903               1
      100011      290028   8.55142833E-04  -1.88359427               1
      100011      300029   7.25319609E-04  -1.87635422               1
      100011      310030   6.13691867E-04  -1.88426268               1
      100011      320031   5.14266838E-04  -1.90646708               1
      100011      330032   4.37916286E-04  -1.93288434               1
      110012       20001   4.37177531E-03  0.261405945               1
      110012       30002   6.18317258E-03  0.224957779               1
      110012       40003   9.10396315E-03  0.191677541               1
      110012       50004   1.38351489E-02  0.159206033               1
      110012       60005   2.23126989E-02  0.132930294               1
      110012       70006   3.92491333E-02  0.117370367               1
      110012       80007   7.85439685E-02  0.117501363               1
      110012       90008  0.196315795      0.123691171               1
      110012      100009  0.775350273       9.95771065E-02           1
      110012      140013  0.776980579      -3.95033285E-02           1
      110012      150014  0.196879655     -0.765690267               1
      110012      160015   7.87588432E-02  -1.72480488               1
      110012      170016   3.93949561E-02  -2.60321879               1
      110012      180017   2.25575399E-02  -3.24040508               1
      110012      190018   1.41723109E-02  -3.59055543               1
      110012      200019   9.47666261E-03  -3.63425255               1
      110012      210020   6.66152360E-03  -3.39365149               1
      110012      220021   4.87608509E-03  -3.01900172               1
      110012      230022   3.66977439E-03  -2.69503164               1
      110012      240023   2.84275296E-03  -2.49125600               1
      110012      250024   2.25314894E-03  -2.39111328               1
      110012      260025   1.80530117E-03  -2.34116149               1
      110012      270026   1.47316768E-03  -2.30712771               1
      110012      280027   1.21305534E-03  -2.28122497               1
      110012      290028   1.00814633E-03  -2.26652408               1
      110012      300029   8.47203250E-04  -2.26510262               1
      110012      310030   7.10884051E-04  -2.27882886               1
      110012      320031   5.91199263E-04  -2.30701518               1
      110012      330032   4.99842514E-04  -2.33978605               1
      120013       20001   3.27885873E-03  -9.03667137E-02           1
      120013       30002   4.49313316E-03 -0.106360853               1
      120013       40003   6.36614487E-03 -0.117285401               1
      120013       50004   9.21481941E-03 -0.124809913               1
      120013       60005   1.39396228E-02 -0.122523077               1
      120013       70006   2.24411413E-02 -0.103943571               1
      120013       80007   3.93296257E-02  -6.00316748E-02           1
      120013       90008   7.87464529E-02   6.71189604E-03           1
      120013      100009  0.196837574       7.09726959E-02           1
      120013      110010  0.774932683       9.71968397E-02           1
      120013      150014  0.776676774     -0.375728309               1
      120013      160015  0.196436808      -1.42376399               1
      120013      170016   7.86408037E-02  -2.45110822               1
      120013      180017   3.93884741E-02  -3.24025917               1
      120013      190018   2.26264615E-02  -3.72638583               1
      120013      200019   1.41784213E-02  -3.87959743               1
      120013      210020   9.48111620E-03  -3.71247244               1
      120013      220021   6.66909153E-03  -3.38159156               1
      120013      230022   4.85971710E-03  -3.08413768               1
      120013      240023   3.66573478E-03  -2.89807582               1
      120013      250024   2.84209545E-03  -2.81120205               1
      120013      260025   2.23545148E-03  -2.77210140               1
      120013      270026   1.79580820E-03  -2.74742723               1
      120013      280027   1.45890145E-03  -2.72994852               1
      120013      290028   1.19822531E-03  -2.72308326               1
      120013      300029   9.96463932E-04  -2.72916985               1
      120013      310030   8.28385353E-04  -2.75025606               1
      120013      320031   6.83118298E-04  -2.78589439               1
      120013      330032   5.73014549E-04  -2.82649016               1
      130014       20001   2.52985233E-03 -0.699563861               1
      130014       30002   3.37698963E-03 -0.695786774               1
      130014       40003   4.63702995E-03 -0.686576843               1
      130014       50004   6.45639235E-03 -0.673181832               1
      130014       60005   9.29767918E-03 -0.648600519               1
      130014       70006   1.40366657E-02 -0.605414033               1
      130014       80007   2.25097016E-02 -0.532477379               1
      130014       90008   3.94306667E-02 -0.427742481               1
      130014      100009   7.88979679E-02 -0.308111548               1
      130014      110010  0.196349084     -0.192685336               1
      130014      120011  0.776980400      -3.88811529E-02           1
      130014      160015  0.779151320     -0.639282703               1
      130014      170016  0.196986452      -1.86516380               1
      130014      180017   7.89454728E-02  -2.89163041               1
      130014      190018   3.96540798E-02  -3.59480500               1
      130014      200019   2.27133073E-02  -3.92068458               1
      130014      210020   1.42303724E-02  -3.87017417               1
      130014      220021   9.52039380E-03  -3.61166024               1
      130014      230022   6.66654063E-03  -3.36020827               1
      130014      240023   4.86852136E-03  -3.20558405               1
      130014      250024   3.67589854E-03  -3.14175630               1
      130014      260025   2.82843946E-03  -3.12045121               1
      130014      270026   2.23076972E-03  -3.10996890               1
      130014      280027   1.78414548E-03  -3.10416675               1
      130014      290028   1.44568237E-03  -3.10720062               1
      130014      300029   1.18811743E-03  -3.12195301               1
      130014      310030   9.77480784E-04  -3.15086675               1
      130014      320031   7.98551482E-04  -3.19390202               1
      130014      330032   6.64056803E-04  -3.24186993               1
      140015       20001   1.99272926E-03  -1.49568224               1
      140015       30002   2.60255625E-03  -1.47691178               1
      140015       40003   3.48286470E-03  -1.45473146               1
      140015       50004   4.69961204E-03  -1.43061984               1
      140015       60005   6.50918670E-03  -1.39767158               1
      140015       70006   9.35637765E-03  -1.34848225               1
      140015       80007   1.40744494E-02  -1.27186406               1
      140015       90008   2.25552302E-02  -1.16575122               1
      140015      100009   3.94918993E-02  -1.04616225               1
      140015      110010   7.86930025E-02 -0.929231226               1
      140015      120011  0.196879983     -0.762117803               1
      140015      130012  0.776676893     -0.375061035               1
      140015      170016  0.775314927     -0.711468995               1
      140015      180017  0.196474552      -2.00890517               1
      140015      190018   7.90134072E-02  -3.01243448               1
      140015      200019   3.95910554E-02  -3.58958340               1
      140015      210020   2.26806160E-02  -3.71145797               1
      140015      220021   1.42197432E-02  -3.56150818               1
      140015      230022   9.47351009E-03  -3.38025355               1
      140015      240023   6.64947415E-03  -3.27409315               1
      140015      250024   4.86217299E-03  -3.24552345               1
      140015      260025   3.64417210E-03  -3.25065660               1
      140015      270026   2.81228451E-03  -3.26019454               1
      140015      280027   2.20848969E-03  -3.26965642               1
      140015      290028   1.76178315E-03  -3.28438449               1
      140015      300029   1.42844650E-03  -3.30816197               1
      140015      310030   1.16142468E-03  -3.34412670               1
      140015      320031   9.38898302E-04  -3.39287901               1
      140015      330032   7.73258624E-04  -3.44579887               1
      150016       20001   1.59736350E-03  -2.29734588               1
      150016       30002   2.04804610E-03  -2.26594901               1
      150016       40003   2.68265000E-03  -2.23447561               1
      150016       50004   3.52766458E-03  -2.20505357               1
      150016       60005   4.73409938E-03  -2.17138886               1
      150016       70006   6.54486334E-03  -2.12664485               1
      150016       80007   9.37444065E-03  -2.06038284               1
      150016       90008   1.40874302E-02  -1.97231758               1
      150016      100009   2.25616079E-02  -1.88177037               1
      150016      110010   3.93321365E-02  -1.81048191               1
      150016      120011   7.87598565E-02  -1.71447885               1
      150016      130012  0.196438164      -1.42039084               1
      150016      140013  0.779153943     -0.638732195               1
      150016      180017  0.773065984     -0.718187571               1
      150016      190018  0.196506426      -2.00810242               1
      150016      200019   7.88158700E-02  -2.88675165               1
      150016      210020   3.94926742E-02  -3.22664952               1
      150016      220021   2.26366036E-02  -3.21354127               1
      150016      230022   1.41340531E-02  -3.11843228               1
      150016      240023   9.43849236E-03  -3.07005644               1
      150016      250024   6.63433410E-03  -3.08244300               1
      150016      260025   4.81610605E-03  -3.11732244               1
      150016      270026   3.62086459E-03  -3.14830613               1
      150016      280027   2.78248009E-03  -3.17284608               1
      150016      290028   2.17942894E-03  -3.19767547               1
      150016      300029   1.73963967E-03  -3.22767115               1
      150016      310030   1.39551039E-03  -3.26687717               1
      150016      320031   1.11480826E-03  -3.31666851               1
      150016      330032   9.08266287E-04  -3.36906695               1
      160017       20001   1.30325020E-03  -2.93792391               1
      160017       30002   1.64468738E-03  -2.89643431               1
      160017       40003   2.11559492E-03  -2.85832620               1
      160017       50004   2.72279768E-03  -2.82655025               1
      160017       60005   3.56022804E-03  -2.79571414               1
      160017       70006   4.76886518E-03  -2.75988984               1
      160017       80007   6.56981347E-03  -2.70970631               1
      160017       90008   9.39781591E-03  -2.64693880               1
      160017      100009   1.41106369E-02  -2.59480286               1
      160017      110010   2.24962626E-02  -2.58309937               1
      160017      120011   3.93955298E-02  -2.58338141               1
      160017      130012   7.86421672E-02  -2.44264460               1
      160017      140013  0.196989447      -1.86280322               1
      160017      150014  0.775317371     -0.711158276               1
      160017      190018  0.774947524     -0.710313857               1
      160017      200019  0.196414128      -1.86143744               1
      160017      210020   7.87691623E-02  -2.44082332               1
      160017      220021   3.94832157E-02  -2.58269477               1
      160017      230022   2.25410908E-02  -2.58266306               1
      160017      240023   1.41065996E-02  -2.59497404               1
      160017      250024   9.43531748E-03  -2.64840436               1
      160017      260025   6.58521010E-03  -2.71179080               1
      160017      270026   4.79627494E-03  -2.76213884               1
      160017      280027   3.59111326E-03  -2.79888511               1
      160017      290028   2.75253295E-03  -2.83010650               1
      160017      300029   2.15731421E-03  -2.86176229               1
      160017      310030   1.70390075E-03  -2.89887238               1
      160017      320031   1.34291092E-03  -2.94360876               1
      160017      330032   1.08092045E-03  -2.98862553               1
      170018       20001   1.07949309E-03  -3.31078887               1
      170018       30002   1.34370045E-03  -3.26404142               1
      170018       40003   1.70181890E-03  -3.22357488               1
      170018       50004   2.15089065E-03  -3.19322300               1
      170018       60005   2.75223865E-03  -3.16860652               1
      170018       70006   3.59206158E-03  -3.14486670               1
      170018       80007   4.79497015E-03  -3.11387730               1
      170018       90008   6.59581926E-03  -3.07946420               1
      170018      100009   9.42599494E-03  -3.06822824               1
      170018      110010   1.40876016E-02  -3.11699271               1
      170018      120011   2.25571617E-02  -3.21242619               1
      170018      130012   3.93892452E-02  -3.22656202               1
      170018      140013   7.89480880E-02  -2.88700008               1
      170018      150014  0.196476996      -2.00808167               1
      170018      160015  0.773066998     -0.718195975               1
      170018      200019  0.774582446     -0.638100803               1
      170018      210020  0.196316794      -1.41863072               1
      170018      220021   7.87498727E-02  -1.71363115               1
      170018      230022   3.93270403E-02  -1.80953693               1
      170018      240023   2.25029588E-02  -1.88137686               1
      170018      250024   1.41090890E-02  -1.97313452               1
      170018      260025   9.37217008E-03  -2.06175804               1
      170018      270026   6.56452542E-03  -2.12816429               1
      170018      280027   4.76229331E-03  -2.17378855               1
      170018      290028   3.55666783E-03  -2.20785570               1
      170018      300029   2.72793719E-03  -2.23721790               1
      170018      310030   2.11589830E-03  -2.26778388               1
      170018      320031   1.64190878E-03  -2.30244970               1
      170018      330032   1.30351528E-03  -2.33445787               1
      180019       20001   9.08741087E-04  -3.38928795               1
      180019       30002   1.11748825E-03  -3.34347510               1
      180019       40003   1.39631319E-03  -3.30601478               1
      180019       50004   1.73750333E-03  -3.28162646               1
      180019       60005   2.18295073E-03  -3.26692152               1
      180019       70006   2.78795790E-03  -3.25809431               1
      180019       80007   3.62615334E-03  -3.24829865               1
      180019       90008   4.83207591E-03  -3.24335980               1
      180019      100009   6.63930131E-03  -3.27279615               1
      180019      110010   9.44275502E-03  -3.37895560               1
      180019      120011   1.41702704E-02  -3.56042290               1
      180019      130012   2.26256028E-02  -3.71107125               1
      180019      140013   3.96549404E-02  -3.59008718               1
      180019      150014   7.90141374E-02  -3.01250648               1
      180019      160015  0.196505845      -2.00898480               1
      180019      170016  0.774946153     -0.710635304               1
      180019      210020  0.776771963     -0.374319434               1
      180019      220021  0.196883753     -0.762275100               1
      180019      230022   7.87074268E-02 -0.929120600               1
      180019      240023   3.93890403E-02  -1.04653001               1
      180019      250024   2.25851927E-02  -1.16723263               1
      180019      260025   1.40655208E-02  -1.27379918               1
      180019      270026   9.37885791E-03  -1.35048521               1
      180019      280027   6.54417323E-03  -1.40045989               1
      180019      290028   4.73563978E-03  -1.43374932               1
      180019      300029   3.53921973E-03  -1.45773172               1
      180019      310030   2.68693687E-03  -1.47892070               1
      180019      320031   2.04761093E-03  -1.50071502               1
      180019      330032   1.60011626E-03  -1.51682425               1
      190020       20001   7.71622057E-04  -3.19195414               1
      190020       30002   9.38711863E-04  -3.15191865               1
      190020       40003   1.15912850E-03  -3.12137699               1
      190020       50004   1.42306846E-03  -3.10582018               1
      190020       60005   1.76016765E-03  -3.10267210               1
      190020       70006   2.20726477E-03  -3.10896969               1
      190020       80007   2.80940556E-03  -3.11895108               1
      190020       90008   3.64708714E-03  -3.14016390               1
      190020      100009   4.85367887E-03  -3.20454955               1
      190020      110010   6.63601561E-03  -3.35876083               1
      190020      120011   9.47419461E-03  -3.61026382               1
      190020      130012   1.41772488E-02  -3.86913395               1
      190020      140013   2.27137897E-02  -3.92098284               1
      190020      150014   3.95915359E-02  -3.59461045               1
      190020      160015   7.88151994E-02  -2.89153171               1
      190020      170016  0.196412623      -1.86384904               1
      190020      180017  0.774580419     -0.638660669               1
      190020      220021  0.777113557      -3.88553664E-02           1
      190020      230022  0.196392924     -0.192323059               1
      190020      240023   7.86532834E-02 -0.308069795               1
      190020      250024   3.94505225E-02 -0.428678125               1
      190020      260025   2.24714633E-02 -0.533695698               1
      190020      270026   1.40513517E-02 -0.606532753               1
      190020      280027   9.33502242E-03 -0.650349736               1
      190020      290028   6.49714703E-03 -0.675109923               1
      190020      300029   4.70478507E-03 -0.688129306               1
      190020      310030   3.48092057E-03 -0.696053505               1
      190020      320031   2.59629358E-03 -0.702344179               1
      190020      330032   1.99171971E-03 -0.700852454               1
      200021       20001   6.61998230E-04  -2.78649712               1
      200021       30002   7.97608169E-04  -2.75425863               1
      200021       40003   9.74597700E-04  -2.73171663               1
      200021       50004   1.18246593E-03  -2.72490311               1
      200021       60005   1.44289027E-03  -2.73175097               1
      200021       70006   1.78131112E-03  -2.74978137               1
      200021       80007   2.22618994E-03  -2.77389240               1
      200021       90008   2.82763899E-03  -2.81275344               1
      200021      100009   3.66543210E-03  -2.89997506               1
      200021      110010   4.85320995E-03  -3.08527994               1
      200021      120011   6.65918132E-03  -3.38253140               1
      200021      130012   9.48010944E-03  -3.71326232               1
      200021      140013   1.42308762E-02  -3.88161039               1
      200021      150014   2.26811673E-02  -3.72726965               1
      200021      160015   3.94921452E-02  -3.24056792               1
      200021      170016   7.87676871E-02  -2.44935775               1
      200021      180017  0.196314543      -1.42201769               1
      200021      190018  0.776770949     -0.374986798               1
      200021      230022  0.775670171       9.74049047E-02           1
      200021      240023  0.196333304       7.06484541E-02           1
      200021      250024   7.88248554E-02   5.24852565E-03           1
      200021      260025   3.92825603E-02  -6.18353486E-02           1
      200021      270026   2.24722493E-02 -0.105636187               1
      200021      280027   1.40027702E-02 -0.124917082               1
      200021      290028   9.27913748E-03 -0.127413958               1
      200021      300029   6.46257447E-03 -0.119378567               1
      200021      310030   4.63388301E-03 -0.107029364               1
      200021      320031   3.36833857E-03  -9.33414996E-02           1
      200021      330032   2.52813799E-03  -7.17892349E-02           1
      210022       20001   5.73791156E-04  -2.30647683               1
      210022       30002   6.85307255E-04  -2.28222084               1
      210022       40003   8.29516619E-04  -2.26735306               1
      210022       50004   9.95937386E-04  -2.26827073               1
      210022       60005   1.20091229E-03  -2.28318882               1
      210022       70006   1.46259915E-03  -2.30983829               1
      210022       80007   1.79949636E-03  -2.34341478               1
      210022       90008   2.24391744E-03  -2.39316607               1
      210022      100009   2.84555880E-03  -2.49366331               1
      210022      110010   3.66922282E-03  -2.69662547               1
      210022      120011   4.87447483E-03  -3.02043128               1
      210022      130012   6.66877721E-03  -3.39488196               1
      210022      140013   9.52135678E-03  -3.63704967               1
      210022      150014   1.42206913E-02  -3.59239721               1
      210022      160015   2.26364359E-02  -3.24188185               1
      210022      170016   3.94818708E-02  -2.60267377               1
      210022      180017   7.87473693E-02  -1.72400701               1
      210022      190018  0.196881920     -0.765856862               1
      210022      200019  0.777111650      -3.94757837E-02           1
      210022      240023  0.776244819       9.96988863E-02           1
      210022      250024  0.197047442      0.123106904               1
      210022      260025   7.86224231E-02  0.116978988               1
      210022      270026   3.93628068E-02  0.117354140               1
      210022      280027   2.24449150E-02  0.132411376               1
      210022      290028   1.39500434E-02  0.158687353               1
      210022      300029   9.25029814E-03  0.192048639               1
      210022      310030   6.38115825E-03  0.227088481               1
      210022      320031   4.49554995E-03  0.261483580               1
      210022      330032   3.28710047E-03  0.302307189               1
      220023       20001   4.98806708E-04  -1.90620708               1
      220023       30002   5.91097807E-04  -1.88826966               1
      220023       40003   7.09502259E-04  -1.87938678               1
      220023       50004   8.43987393E-04  -1.88621831               1
      220023       60005   1.00714050E-03  -1.90716195               1
      220023       70006   1.21224334E-03  -1.94004893               1
      220023       80007   1.47155626E-03  -1.98020196               1
      220023       90008   1.80647057E-03  -2.03715444               1
      220023      100009   2.24892446E-03  -2.14601612               1
      220023      110010   2.83677643E-03  -2.35980940               1
      220023      120011   3.66975530E-03  -2.70016909               1
      220023      130012   4.86112805E-03  -3.10309386               1
      220023      140013   6.66922471E-03  -3.39524150               1
      220023      150014   9.47636273E-03  -3.42489457               1
      220023      160015   1.41360313E-02  -3.16276789               1
      220023      170016   2.25419626E-02  -2.61772442               1
      220023      180017   3.93266790E-02  -1.83116078               1
      220023      190018   7.87073672E-02 -0.938989401               1
      220023      200019  0.196392536     -0.195319071               1
      220023      210020  0.775669992       9.69454572E-02           1
      220023      250024  0.774469256       7.57397190E-02           1
      220023      260025  0.195491984      0.113387682               1
      220023      270026   7.84048662E-02  0.147002131               1
      220023      280027   3.91463414E-02  0.187638074               1
      220023      290028   2.22674068E-02  0.234758765               1
      220023      300029   1.38501711E-02  0.286108077               1
      220023      310030   9.10072960E-03  0.337064862               1
      220023      320031   6.16948912E-03  0.385692537               1
      220023      330032   4.37061721E-03  0.439275205               1
      230024       20001   4.38067422E-04  -1.63074434               1
      230024       30002   5.15398919E-04  -1.61757231               1
      230024       40003   6.13928423E-04  -1.61321974               1
      230024       50004   7.24211510E-04  -1.62456298               1
      230024       60005   8.56190803E-04  -1.65015256               1
      230024       70006   1.01985841E-03  -1.68789613               1
      230024       80007   1.22352107E-03  -1.73318601               1
      230024       90008   1.48175319E-03  -1.79571664               1
      230024      100009   1.81577343E-03  -1.91092718               1
      230024      110010   2.24820315E-03  -2.13275075               1
      230024      120011   2.84451270E-03  -2.48529434               1
      230024      130012   3.66892223E-03  -2.90941334               1
      230024      140013   4.87283431E-03  -3.23931384               1
      230024      150014   6.65394915E-03  -3.32483077               1
      230024      160015   9.44212358E-03  -3.12655187               1
      230024      170016   1.41089866E-02  -2.64481711               1
      230024      180017   2.25038305E-02  -1.91631222               1
      230024      190018   3.93895954E-02  -1.06547320               1
      230024      200019   7.86530003E-02 -0.315608740               1
      230024      210020  0.196332738       6.86641112E-02           1
      230024      220021  0.776245177       9.94481668E-02           1
      230024      260025  0.771753967       4.90303449E-02           1
      230024      270026  0.195819870       8.76853839E-02           1
      230024      280027   7.83539489E-02  0.134211317               1
      230024      290028   3.90243493E-02  0.186921954               1
      230024      300029   2.22131312E-02  0.243520230               1
      230024      310030   1.36969639E-02  0.299403638               1
      230024      320031   8.84648040E-03  0.352546901               1
      230024      330032   6.02827501E-03  0.409976870               1
      240025       20001   3.87536071E-04  -1.45312083               1
      240025       30002   4.52965091E-04  -1.44365966               1
      240025       40003   5.35831845E-04  -1.44287539               1
      240025       50004   6.27340050E-04  -1.45783353               1
      240025       60005   7.35509791E-04  -1.48722863               1
      240025       70006   8.68041418E-04  -1.52904356               1
      240025       80007   1.03066419E-03  -1.57872581               1
      240025       90008   1.23355410E-03  -1.64608109               1
      240025      100009   1.49122009E-03  -1.76677394               1
      240025      110010   1.81737018E-03  -1.99542189               1
      240025      120011   2.25687493E-03  -2.35809231               1
      240025      130012   2.84720678E-03  -2.79956460               1
      240025      140013   3.68196191E-03  -3.16021061               1
      240025      150014   4.86833323E-03  -3.29092288               1
      240025      160015   6.63961191E-03  -3.14319491               1
      240025      170016   9.43915453E-03  -2.70902205               1
      240025      180017   1.41110709E-02  -2.02067161               1
      240025      190018   2.25861669E-02  -1.19643211               1
      240025      200019   3.94500345E-02 -0.442360520               1
      240025      210020   7.88234174E-02   6.16076810E-04           1
      240025      220021  0.197046250      0.122144341               1
      240025      230022  0.774466395       7.56590739E-02           1
      240025      270026  0.773243308       2.55018063E-02           1
      240025      280027  0.195955500       5.70060797E-02           1
      240025      290028   7.82377347E-02   9.96865630E-02           1
      240025      300029   3.89968678E-02  0.149231151               1
      240025      310030   2.20210385E-02  0.199909657               1
      240025      320031   1.33530647E-02  0.248865873               1
      240025      330032   8.66709184E-03  0.302391708               1
      250026       20001   3.41614679E-04  -1.31739771               1
      250026       30002   3.96974443E-04  -1.31114185               1
      250026       40003   4.66726953E-04  -1.31347013               1
      250026       50004   5.42812340E-04  -1.33161712               1
      250026       60005   6.31760864E-04  -1.36441052               1
      250026       70006   7.39583862E-04  -1.40990615               1
      250026       80007   8.70259479E-04  -1.46360064               1
      250026       90008   1.03098946E-03  -1.53538764               1
      250026      100009   1.23186712E-03  -1.66109931               1
      250026      110010   1.48117077E-03  -1.89589059               1
      250026      120011   1.81057269E-03  -2.26742387               1
      250026      130012   2.24220264E-03  -2.72371030               1
      250026      140013   2.83617899E-03  -3.11026144               1
      250026      150014   3.65218660E-03  -3.27882195               1
      250026      160015   4.82349563E-03  -3.17308354               1
      250026      170016   6.59133773E-03  -2.77742028               1
      250026      180017   9.37653799E-03  -2.11960936               1
      250026      190018   1.40686575E-02  -1.31341958               1
      250026      200019   2.24729590E-02 -0.554673195               1
      250026      210020   3.92828099E-02  -7.01556280E-02           1
      250026      220021   7.86225051E-02  0.114797436               1
      250026      230022  0.195490241      0.113121830               1
      250026      240023  0.771752656       4.90407683E-02           1
      250026      280027  0.771853030       9.37142223E-03           1
      250026      290028  0.195127591       3.24351750E-02           1
      250026      300029   7.79428333E-02   6.68334290E-02           1
      250026      310030   3.85639258E-02  0.105741464               1
      250026      320031   2.14247499E-02  0.145049691               1
      250026      330032   1.30519271E-02  0.189800590               1
      260027       20001   3.03272769E-04  -1.17947602               1
      260027       30002   3.50555027E-04  -1.17685473               1
      260027       40003   4.09863424E-04  -1.18272007               1
      260027       50004   4.73825407E-04  -1.20447946               1
      260027       60005   5.47851960E-04  -1.24109638               1
      260027       70006   6.36733603E-04  -1.29069662               1
      260027       80007   7.43270561E-04  -1.34882331               1
      260027       90008   8.72665900E-04  -1.42544973               1
      260027      100009   1.03211345E-03  -1.55653644               1
      260027      110010   1.22658582E-03  -1.79766548               1
      260027      120011   1.47923664E-03  -2.17781520               1
      260027      130012   1.80331909E-03  -2.64767766               1
      260027      140013   2.23916676E-03  -3.05706811               1
      260027      150014   2.82095047E-03  -3.25838614               1
      260027      160015   3.62894917E-03  -3.18867278               1
      260027      170016   4.80305590E-03  -2.82562447               1
      260027      180017   6.56941347E-03  -2.19276953               1
      260027      190018   9.38207097E-03  -1.39992499               1
      260027      200019   1.40524879E-02 -0.635777891               1
      260027      210020   2.24715658E-02 -0.118857004               1
      260027      220021   3.93612273E-02  0.113206983               1
      260027      230022   7.84010366E-02  0.146335796               1
      260027      240023  0.195815861       8.77385512E-02           1
      260027      250024  0.773240685       2.55346484E-02           1
      260027      290028  0.772956848       2.61006248E-03           1
      260027      300029  0.195524544       1.98119245E-02           1
      260027      310030   7.76151270E-02   4.44180369E-02           1
      260027      320031   3.78155150E-02   7.19274357E-02           1
      260027      330032   2.11053453E-02  0.105928190               1
      270028       20001   2.68526492E-04  -1.03871620               1
      270028       30002   3.08943650E-04  -1.03970325               1
      270028       40003   3.59444937E-04  -1.04908895               1
      270028       50004   4.13349218E-04  -1.07444370               1
      270028       60005   4.75172652E-04  -1.11486053               1
      270028       70006   5.48774609E-04  -1.16853213               1
      270028       80007   6.36134646E-04  -1.23104763               1
      270028       90008   7.41055585E-04  -1.31245673               1
      270028      100009   8.68740201E-04  -1.44882751               1
      270028      110010   1.02208753E-03  -1.69609392               1
      270028      120011   1.21842138E-03  -2.08433867               1
      270028      130012   1.46564981E-03  -2.56650639               1
      270028      140013   1.79169141E-03  -2.99605465               1
      270028      150014   2.21632165E-03  -3.22590470               1
      270028      160015   2.78982101E-03  -3.18742967               1
      270028      170016   3.59720225E-03  -2.85254478               1
      270028      180017   4.76649171E-03  -2.24091506               1
      270028      190018   6.54643821E-03  -1.45876360               1
      270028      200019   9.33496002E-03 -0.689028740               1
      270028      210020   1.40004847E-02 -0.144820869               1
      270028      220021   2.24411152E-02  0.124929614               1
      270028      230022   3.91399041E-02  0.185927391               1
      270028      240023   7.83466399E-02  0.134187445               1
      270028      250024  0.195948794       5.71191870E-02           1
      270028      260025  0.771845222       9.39723663E-03           1
      270028      300029  0.776179016       1.88811007E-03           1
      270028      310030  0.195289508       1.31122749E-02           1
      270028      320031   7.64109790E-02   2.90357601E-02           1
      270028      330032   3.73962000E-02   5.23620844E-02           1
      280029       20001   2.37204906E-04 -0.902040243               1
      280029       30002   2.71796453E-04 -0.906412184               1
      280029       40003   3.14874284E-04 -0.919106483               1
      280029       50004   3.60427977E-04 -0.947841942               1
      280029       60005   4.12250927E-04 -0.991832435               1
      280029       70006   4.73483262E-04  -1.04933465               1
      280029       80007   5.45529299E-04  -1.11598372               1
      280029       90008   6.31199335E-04  -1.20190370               1
      280029      100009   7.34308211E-04  -1.34325695               1
      280029      110010   8.56449362E-04  -1.59627557               1
      280029      120011   1.01085240E-03  -1.99198079               1
      280029      130012   1.20216014E-03  -2.48523283               1
      280029      140013   1.45024550E-03  -2.93259883               1
      280029      150014   1.76656479E-03  -3.18742299               1
      280029      160015   2.18372932E-03  -3.17621708               1
      280029      170016   2.75557302E-03  -2.86588812               1
      280029      180017   3.55778052E-03  -2.27265930               1
      280029      190018   4.73455852E-03  -1.49952114               1
      280029      200019   6.49348041E-03 -0.724464834               1
      280029      210020   9.27283242E-03 -0.156383246               1
      280029      220021   1.39415553E-02  0.145663068               1
      280029      230022   2.22557988E-02  0.230616271               1
      280029      240023   3.90109979E-02  0.186258033               1
      280029      250024   7.82239288E-02   9.97825488E-02           1
      280029      260025  0.195111990       3.25189419E-02           1
      280029      270026  0.772943258       2.63000093E-03           1
      280029      310030  0.777105033       6.63153012E-04           1
      280029      320031  0.192971185       6.80730864E-03           1
      280029      330032   7.58550242E-02   2.05507372E-02           1
      290030       20001   2.09299877E-04 -0.774481058               1
      290030       30002   2.38983688E-04 -0.781932950               1
      290030       40003   2.75843049E-04 -0.797642052               1
      290030       50004   3.14497680E-04 -0.829460323               1
      290030       60005   3.58154968E-04 -0.876711845               1
      290030       70006   4.09395900E-04 -0.937714040               1
      290030       80007   4.69221413E-04  -1.00814831               1
      290030       90008   5.39734261E-04  -1.09820998               1
      290030      100009   6.23772794E-04  -1.24414647               1
      290030      110010   7.22113007E-04  -1.50244534               1
      290030      120011   8.45056435E-04  -1.90493119               1
      290030      130012   9.95239709E-04  -2.40810132               1
      290030      140013   1.18719216E-03  -2.87119031               1
      290030      150014   1.42749143E-03  -3.14789152               1
      290030      160015   1.73801428E-03  -3.16053891               1
      290030      170016   2.15421221E-03  -2.87169528               1
      290030      180017   2.72265496E-03  -2.29454350               1
      290030      190018   3.53127322E-03  -1.52920711               1
      290030      200019   4.69376612E-03 -0.749367177               1
      290030      210020   6.44825492E-03 -0.160281196               1
      290030      220021   9.23285354E-03  0.170399755               1
      290030      230022   1.38288075E-02  0.277204067               1
      290030      240023   2.21887734E-02  0.240934193               1
      290030      250024   3.89705375E-02  0.148829594               1
      290030      260025   7.79135302E-02   6.68943524E-02           1
      290030      270026  0.195495754       1.98845621E-02           1
      290030      280027  0.776153505       1.90827320E-03           1
      290030      320031  0.772035539      -1.00124930E-03           1
      290030      330032  0.192548096       4.55157924E-03           1
      300031       20001   1.80927047E-04 -0.669394195               1
      300031       30002   2.06059733E-04 -0.679111719               1
      300031       40003   2.37190994E-04 -0.697054029               1
      300031       50004   2.69618555E-04 -0.731170714               1
      300031       60005   3.06023692E-04 -0.780870676               1
      300031       70006   3.48514033E-04 -0.844521999               1
      300031       80007   3.97800672E-04 -0.917847633               1
      300031       90008   4.55459172E-04  -1.01110530               1
      300031      100009   5.23607829E-04  -1.16061950               1
      300031      110010   6.02523971E-04  -1.42309308               1
      300031      120011   7.00256147E-04  -1.83101571               1
      300031      130012   8.18202330E-04  -2.34224296               1
      300031      140013   9.67109401E-04  -2.81824231               1
      300031      150014   1.15063135E-03  -3.11307049               1
      300031      160015   1.38373568E-03  -3.14566946               1
      300031      170016   1.69034442E-03  -2.87497759               1
      300031      180017   2.09986372E-03  -2.31154823               1
      300031      190018   2.66778772E-03  -1.55298352               1
      300031      200019   3.45828990E-03 -0.769205511               1
      300031      210020   4.60743997E-03 -0.162191734               1
      300031      220021   6.35086559E-03  0.193566650               1
      300031      230022   9.06598475E-03  0.320462018               1
      300031      240023   1.36582786E-02  0.292939126               1
      300031      250024   2.19791643E-02  0.198043510               1
      300031      260025   3.85181904E-02  0.105466589               1
      300031      270026   7.75686055E-02   4.45367396E-02           1
      300031      280027  0.195245281       1.32124610E-02           1
      300031      290028  0.777068734       6.89873763E-04           1
      300031      330032  0.764170766      -2.04720395E-03           1
      310032       20001   1.50531967E-04 -0.589829504               1
      310032       30002   1.71244261E-04 -0.600892901               1
      310032       40003   1.96845605E-04 -0.620190382               1
      310032       50004   2.23392504E-04 -0.655721664               1
      310032       60005   2.53064936E-04 -0.706943095               1
      310032       70006   2.87547387E-04 -0.772254050               1
      310032       80007   3.27342830E-04 -0.847408533               1
      310032       90008   3.73624673E-04 -0.942714274               1
      310032      100009   4.27964696E-04  -1.09456265               1
      310032      110010   4.90364095E-04  -1.35983157               1
      310032      120011   5.67043840E-04  -1.77152562               1
      310032      130012   6.58663164E-04  -2.28856516               1
      310032      140013   7.73157750E-04  -2.77421141               1
      310032      150014   9.12441756E-04  -3.08297443               1
      310032      160015   1.08682911E-03  -3.13131452               1
      310032      170016   1.31263956E-03  -2.87533784               1
      310032      180017   1.60869164E-03  -2.32339859               1
      310032      190018   2.01071729E-03  -1.57088983               1
      310032      200019   2.55546626E-03 -0.784442604               1
      310032      210020   3.32323252E-03 -0.162994072               1
      310032      220021   4.44602082E-03  0.213836372               1
      310032      230022   6.11522561E-03  0.358565122               1
      310032      240023   8.78770743E-03  0.339900702               1
      310032      250024   1.32903801E-02  0.244152054               1
      310032      260025   2.13579293E-02  0.143850431               1
      310032      270026   3.77473570E-02   7.19976425E-02           1
      310032      280027   7.63450935E-02   2.93206181E-02           1
      310032      290028  0.192914009       6.96760090E-03           1
      310032      300029  0.771997869      -9.61673271E-04           1
      320033       20001   1.23793943E-04 -0.494767785               1
      320033       30002   1.40828954E-04 -0.507970512               1
      320033       40003   1.61843971E-04 -0.529381275               1
      320033       50004   1.83576150E-04 -0.567047358               1
      320033       60005   2.07791149E-04 -0.620462000               1
      320033       70006   2.35836662E-04 -0.688039064               1
      320033       80007   2.68075062E-04 -0.765557647               1
      320033       90008   3.05393682E-04 -0.863380075               1
      320033      100009   3.48976027E-04  -1.01795912               1
      320033      110010   3.98684177E-04  -1.28631401               1
      320033      120011   4.59372619E-04  -1.70185304               1
      320033      130012   5.31283964E-04  -2.22433543               1
      320033      140013   6.20379695E-04  -2.71848917               1
      320033      150014   7.27582548E-04  -3.03931713               1
      320033      160015   8.60181113E-04  -3.10145712               1
      320033      170016   1.02962763E-03  -2.85876536               1
      320033      180017   1.24834292E-03  -2.31772542               1
      320033      190018   1.54018053E-03  -1.57178557               1
      320033      200019   1.92681723E-03 -0.784693182               1
      320033      210020   2.45785946E-03 -0.152624056               1
      320033      220021   3.21116624E-03  0.240950018               1
      320033      230022   4.28896956E-03  0.400556296               1
      320033      240023   5.94089227E-03  0.389855802               1
      320033      250024   8.57450627E-03  0.293987066               1
      320033      260025   1.29544856E-02  0.187414303               1
      320033      270026   2.10059416E-02  0.106124967               1
      320033      280027   3.72995473E-02   5.32064438E-02           1
      320033      290028   7.57692233E-02   2.12025736E-02           1
      320033      300029  0.192487061       4.84888302E-03           1
      320033      310030  0.764137626      -1.97693729E-03           1
