          65
         345
         249
         169
         105
          91
          89
          87
          85
          83
          81
          98
         160
         238
         736
         734
         732
         730
         728
         726
         724
         722
         720
         718
         716
         714
         712
        2192
        2190
        2188
        2186
        2184
        2182
        2180
        2178
        2176
        2174
        2172
        2170
        2168
        2641
        2639
        2637
        2635
        2633
        2631
        2629
        2627
        2625
        2623
        2621
        2619
        2617
        3677
        3675
        3673
        3671
        3669
        3667
        3665
        3663
        3661
        3659
        3657
        3655
        3653
