         988
  770000      230022     0.177144E-01     -6.1699   0.122948E+01   0.199502E+01
  770000      240023     0.171441E-01     -7.3211   0.306524E+01   0.211852E+01
  770000      250024     0.110660E-01     -3.3999   0.424030E+01   0.107903E+02
  770000      260025     0.178501E-01    -12.7495   0.315333E+00   0.558344E+00
  770000      270026     0.179211E-01    -19.8298   0.572470E+00   0.244857E+00
  770000      280027     0.232428E-01    -13.7274   0.923047E+00   0.343730E+00
  770000      290028     0.957556E-01    -13.0352   0.305178E+00   0.502683E-01
  770000      300029     0.700442E-01     -9.8157   0.180698E+00   0.965074E-01
  770000      310030     0.941764E-01     -7.8819   0.577658E+00   0.177726E+00
  770000      320031     0.495504E-01     -6.6804   0.141247E+00   0.461618E+00
  770000      450044     0.367994E-02    -12.1349   0.808313E+00   0.303927E+01
  770000      460045     0.126329E+00    -12.8856   0.135969E+00   0.180733E+00
  770000      470046     0.110531E+00     -9.7801   0.819539E-01   0.427875E-01
  770000      480047     0.308172E-01     -8.6565   0.297263E+00   0.110040E+01
  770000      490048     0.127447E+00     -5.6347   0.912377E-01   0.435429E+00
  770000      570056     0.281572E-01    -19.3079   0.709011E+01   0.240268E+01
  770000      580057     0.292107E-01    -18.5342   0.738998E+01   0.275001E+01
  770000      590058     0.237160E-01    -15.4388   0.552570E+01   0.297224E+01
  770000      600059     0.215221E-01    -28.7666   0.132153E+02   0.302225E+01
  770000      610060     0.851331E-01    -17.1354   0.764932E+01   0.360622E+01
  770000      340033     0.177926E-01     -1.0432   0.221066E+01   0.720510E+01
  770000      350034     0.149890E-01     -1.0185   0.168341E+01   0.633983E+01
  770000      360035     0.114014E-01      1.1123   0.253838E+01   0.858529E+01
  770000      370036     0.218015E-01    -11.5848   0.107844E+02   0.216204E+01
  770000      380037     0.682867E-02     -9.0780   0.104063E+02   0.392941E+01
  770000      390038     0.729378E-01     -9.9405   0.869105E+01   0.185277E+01
  770000      400039     0.776488E-01     -2.3943   0.367137E+01   0.199134E+01
  770000      410040     0.849850E-01     -2.1241   0.391805E+01   0.204823E+01
  770000      420041     0.798853E-01      0.9365   0.186340E+01   0.718451E+01
  770000      430042     0.341319E-01     -0.2717   0.257997E+01   0.271302E+01
  770000      510050     0.148420E-01    -32.7596   0.783898E-01   0.461257E+00
  770000      520051     0.221748E+00    -10.5420   0.833093E-01   0.106569E+00
  770000      540053     0.874020E-01     -6.7801   0.291395E-01   0.159667E+00
  770000      550054     0.171094E+00     -6.9874   0.143817E+00   0.545667E+00
  770000      630062     0.304923E-01    -16.0132   0.833373E-01   0.404007E+00
  770000      640063     0.273687E-01    -15.4481   0.702064E-01   0.346334E+00
  770000      650064     0.264577E-01    -10.7697   0.389301E+00   0.485496E+00
  770000      660065     0.268729E-01    -38.4130   0.450347E+00   0.133139E+00
  770000      670066     0.106315E+00     -8.5618   0.883236E-01   0.217550E+00
  780000      230022     0.155433E-01     -7.9200   0.161599E+01   0.310645E+01
  780000      240023     0.187265E-01     -5.9843   0.235755E+01   0.771326E+01
  780000      250024     0.937457E-02     -4.7581   0.312618E+01   0.984632E+01
  780000      260025     0.172033E-01    -14.1243   0.528143E+00   0.412488E+00
  780000      270026     0.172192E-01    -20.5503   0.125801E+01   0.267596E+00
  780000      280027     0.263342E-01    -13.0551   0.130667E+01   0.568819E+00
  780000      290028     0.943988E-01    -13.3408   0.561423E+00   0.649931E-01
  780000      300029     0.699791E-01    -10.1902   0.463838E+00   0.155697E+00
  780000      310030     0.999480E-01     -7.4255   0.106366E+01   0.195218E+00
  780000      320031     0.839149E-01     -5.9718   0.203024E+00   0.313487E+00
  780000      450044     0.363668E-02    -12.5046   0.335362E+00   0.137420E+01
  780000      460045     0.114659E+00    -13.3383   0.140505E+00   0.429879E+00
  780000      470046     0.101827E+00     -9.9719   0.120441E+00   0.263655E+00
  780000      480047     0.188452E-01    -11.6478   0.547434E+00   0.271309E+00
  780000      490048     0.742609E-01     -6.2402   0.201313E+00   0.449070E+00
  780000      570056     0.277150E-01    -30.3629   0.823881E+01   0.435171E+01
  780000      580057     0.285898E-01    -29.6123   0.867765E+01   0.503781E+01
  780000      590058     0.232968E-01    -26.1272   0.652658E+01   0.515242E+01
  780000      600059     0.209576E-01    -39.7267   0.144774E+02   0.452045E+01
  780000      610060     0.781410E-01    -28.7792   0.883817E+01   0.483562E+01
  780000      340033     0.166882E-01     -5.0992   0.148020E+01   0.369511E+01
  780000      350034     0.155595E-01     -6.0904   0.108109E+01   0.302316E+01
  780000      360035     0.110080E-01     -4.2441   0.122738E+01   0.503703E+01
  780000      370036     0.198080E-01    -18.6063   0.633196E+00   0.201214E+00
  780000      380037     0.948402E-02    -10.3411   0.139029E+01   0.124876E+01
  780000      390038     0.727418E-01    -16.3291   0.932205E-01   0.471751E-01
  780000      400039     0.776555E-01     -9.7241   0.103947E+00   0.583604E-01
  780000      410040     0.869535E-01     -9.4114   0.962226E-01   0.742068E-01
  780000      420041     0.957087E-01     -6.5334   0.131933E+00   0.186646E+00
  780000      430042     0.135454E+00     -6.5033   0.120834E+00   0.131224E+00
  780000      520051     0.201927E+00    -25.6599   0.526953E+01   0.698932E+01
  780000      540053     0.633666E-01    -21.2874   0.309736E+01   0.816002E+01
  780000      550054     0.662894E-01    -21.0789   0.228466E+01   0.611945E+01
  780000      630062     0.295600E-01    -16.1437   0.956651E-01   0.350294E+00
  780000      640063     0.264304E-01    -15.5092   0.101829E+00   0.303751E+00
  780000      650064     0.290397E-01     -9.6891   0.424148E+00   0.902587E+00
  780000      670066     0.956404E-01     -9.2794   0.108760E+00   0.921095E-01
  860000       20001     0.971642E-02    -15.6305   0.838927E+00   0.173122E+01
  860000       30002     0.236617E-01    -18.6760   0.871588E+00   0.569858E+00
  860000       40003     0.232367E-01    -18.7584   0.861191E+00   0.374720E+00
  860000       50004     0.792534E-02    -15.7016   0.839920E+00   0.925533E+00
  860000       60005     0.120638E-01    -16.3872   0.906294E+00   0.814256E+00
  860000       70006     0.274739E-01    -16.1243   0.760766E+00   0.292667E+00
  860000       80007     0.463221E-01    -13.7157   0.818882E+00   0.580740E+00
  860000       90008     0.642121E-02      1.9480   0.113295E+01   0.284396E+01
  860000       90010     0.854695E-02    -11.1573   0.103288E+01   0.395155E+01
  860000      100011     0.625530E-02     -2.6398   0.252750E+01   0.138481E+02
  860000      110012     0.595541E-02     -9.7319   0.120009E+01   0.692405E+00
  860000      120013     0.950757E-02    -10.1525   0.116134E+01   0.530322E+00
  860000      130014     0.598304E-02     -9.3651   0.114466E+01   0.724742E+00
  860000      140015     0.447970E-02     -6.2557   0.154715E+01   0.581373E+01
  860000      150016     0.398119E-02     -5.5737   0.643383E+01   0.375124E+02
  860000      160017     0.356965E-02     -9.8011   0.153850E+01   0.225900E+01
  860000      170018     0.362550E-02    -10.1528   0.114702E+01   0.231645E+01
  860000      180019     0.367227E-02     -7.1310   0.110539E+01   0.188592E+01
  860000      190020     0.314894E-02     -7.8112   0.169318E+01   0.630884E+01
  860000      200021     0.323444E-02     -7.4605   0.128233E+01   0.264904E+01
  860000      230022     0.727831E-01    -10.0449   0.821171E+00   0.856043E+00
  860000      240023     0.788248E-01     -9.8309   0.111024E+01   0.625990E+00
  860000      250024     0.321736E-01    -10.8527   0.976827E+00   0.164035E+01
  860000      250026     0.714706E-01    -25.1887   0.107639E+01   0.405928E-01
  860000      260027     0.603289E-01    -27.1468   0.100823E+01   0.141748E+00
  860000      270028     0.766589E-01    -21.9489   0.902708E+00   0.191471E+00
  860000      300031     0.382263E-02    -17.5000   0.298126E+01   0.114140E+02
  860000      310032     0.370357E-02    -14.8741   0.149346E+01   0.628172E+01
  860000      570056     0.636817E-01    -20.0282   0.559049E+00   0.309258E+00
  860000      580057     0.712232E-01    -18.1446   0.485511E+00   0.217641E+00
  860000      590058     0.104260E+00    -20.8604   0.621377E+00   0.122555E+00
  860000      590060     0.124815E+00    -22.6110   0.320727E+00   0.100289E+00
  860000      600061     0.456703E-01    -28.4538   0.141613E+00   0.206220E+00
  860000      340033     0.729084E-01     -9.8246   0.963128E+00   0.385010E+00
  860000      350034     0.709817E-01     -9.4884   0.110615E+01   0.579760E+00
  860000      350036     0.398944E-01     -9.9617   0.103660E+01   0.575424E+00
  860000      360037     0.509976E-01    -24.4998   0.108442E+01   0.215425E+00
  860000      370038     0.994002E-01    -24.1911   0.105787E+01   0.981253E-01
  860000      380039     0.824436E-02    -26.3440   0.571334E+00   0.519219E+00
  860000      400041     0.289005E-02    -26.7953   0.250543E+01   0.177716E+01
  860000      410042     0.413291E-02    -14.3047   0.196224E+01   0.497136E+01
  860000      420043     0.251420E-02     -8.5824   0.662640E+01   0.102607E+02
  860000      630062     0.724914E-01    -18.3519   0.106180E+01   0.172473E+00
  860000      640063     0.106040E+00    -19.0474   0.951627E+00   0.899051E-01
  860000      640065     0.266152E-01     -5.4703   0.127182E+01   0.225599E+01
  860000      650066     0.891047E-01    -30.7881   0.925848E+00   0.570540E-01
  860000      660067     0.390295E-01    -22.3812   0.962732E+00   0.122844E+00
  870000       20001     0.909653E-02    -14.2090   0.217809E+00   0.982386E+00
  870000       30002     0.220397E-01    -17.5055   0.814309E-01   0.390361E+00
  870000       40003     0.213508E-01    -17.2120   0.102900E+00   0.295501E+00
  870000       50004     0.707296E-02    -15.0993   0.244153E+00   0.129636E+01
  870000       60005     0.106149E-01    -14.4776   0.125909E+00   0.547535E+00
  870000       70006     0.250800E-01    -14.5660   0.116288E+00   0.477343E+00
  870000       80007     0.502406E-01    -12.8783   0.871491E-01   0.402507E+00
  870000       90008     0.143196E-01     -8.2763   0.314227E+00   0.182976E+01
  870000      100011     0.476850E-02      0.0779   0.112004E+01   0.624318E+01
  870000      110012     0.578624E-02     -7.7664   0.258354E+00   0.644964E+00
  870000      120013     0.954644E-02     -9.1301   0.189105E+00   0.412507E+00
  870000      130014     0.604525E-02     -7.0842   0.501471E+00   0.252580E+01
  870000      140015     0.455557E-02     -8.4227   0.268514E+00   0.152854E+01
  870000      150016     0.407845E-02    -10.3391   0.245863E+00   0.834823E+00
  870000      160017     0.362552E-02     -9.3474   0.238989E+00   0.125067E+01
  870000      170018     0.368937E-02    -10.2451   0.145691E+00   0.645714E+00
  870000      180019     0.373373E-02     -6.8670   0.253024E+01   0.145785E+02
  870000      190020     0.321219E-02     -8.5522   0.306274E+00   0.146371E+01
  870000      200021     0.328728E-02     -7.6721   0.437379E+00   0.219576E+01
  870000      230022     0.298498E-01     -8.7388   0.430840E+00   0.582991E+00
  870000      240023     0.273495E-01     -7.5953   0.954541E+00   0.387571E+01
  870000      250024     0.232608E-01     -8.8554   0.631992E+00   0.695294E+00
  870000      260025     0.396223E-01    -20.4842   0.200066E+00   0.207670E+00
  870000      270026     0.169703E-01    -22.6704   0.435427E+00   0.345708E+00
  870000      270028     0.767551E-01    -20.7421   0.129685E+00   0.293492E+00
  870000      290030     0.421007E-02    -34.3234   0.707755E+00   0.432473E+00
  870000      300031     0.472746E-02    -25.4260   0.826288E+00   0.104168E+01
  870000      310032     0.427496E-02    -13.0690   0.125886E+01   0.654360E+01
  870000      570056     0.347109E-01    -16.2891   0.278875E+00   0.112776E+01
  870000      580057     0.370071E-01    -15.0662   0.225809E+00   0.969944E+00
  870000      590058     0.445948E-01    -17.2852   0.132126E+00   0.528454E+00
  870000      600059     0.382382E-01    -22.2228   0.112149E+00   0.396797E+00
  870000      600061     0.381429E-01    -28.8617   0.207758E+00   0.323790E+00
  870000      340033     0.290225E-01     -8.1633   0.616539E+00   0.135309E+01
  870000      350034     0.256295E-01     -7.5828   0.702303E+00   0.360518E+01
  870000      360035     0.258155E-01     -8.7390   0.683785E+00   0.218358E+01
  870000      370036     0.520417E-01    -22.4732   0.276330E+00   0.179763E+00
  870000      370038     0.774126E-01    -22.0295   0.209183E+00   0.264436E+00
  870000      380039     0.117999E-01    -28.6121   0.315367E+00   0.430344E+00
  870000      400041     0.475894E-02    -28.8361   0.568631E+00   0.115146E+01
  870000      410042     0.461116E-02    -20.3674   0.834851E+00   0.175662E+01
  870000      420043     0.285485E-02     -5.4561   0.225026E+01   0.115842E+02
  870000      630062     0.384289E-01    -15.5473   0.857947E-01   0.246545E+00
  870000      640063     0.417306E-01    -16.1527   0.390316E-01   0.221665E+00
  870000      650064     0.436206E-01    -19.4178   0.544586E-01   0.164292E+00
  870000      660065     0.458042E-02      7.0688   0.763340E+00   0.290996E+01
  870000      660067     0.450788E-01    -22.8429   0.297371E+00   0.122842E+00
  880000       20001     0.963317E-02     -5.8853   0.760961E+01   0.433222E+01
  880000       30002     0.220513E-01     -8.6100   0.996545E+01   0.368337E+01
  880000       40003     0.214129E-01     -9.0209   0.100906E+02   0.396184E+01
  880000       50004     0.750659E-02     -6.7730   0.881083E+01   0.397692E+01
  880000       60005     0.115460E-01     -8.7154   0.958525E+01   0.449578E+01
  880000       70006     0.276847E-01     -8.9723   0.109463E+02   0.399362E+01
  880000       80007     0.639109E-01     -9.9753   0.114166E+02   0.433649E+01
  880000       90008     0.342561E-01     -7.6464   0.110933E+02   0.403296E+01
  880000      100009     0.480409E-01      3.5241   0.371135E+01   0.428173E+01
  880000      120011     0.260360E-01     -2.9587   0.791230E+01   0.469381E+02
  880000      130012     0.421351E-01     -2.9071   0.132773E+02   0.787651E+02
  880000      140013     0.273627E-01     -2.8187   0.536978E+01   0.318529E+02
  880000      150014     0.169956E-01     -2.9706   0.251743E+01   0.149319E+02
  880000      160017     0.994572E-02     -7.1658   0.135289E+00   0.655993E+00
  880000      170018     0.166082E-01     -7.7958   0.706399E-01   0.294404E+00
  880000      180019     0.194523E-01     -7.1402   0.182394E+00   0.986005E+00
  880000      190020     0.152728E-01     -7.0806   0.115582E+00   0.177427E+00
  880000      200021     0.132432E-01     -7.2661   0.274657E+00   0.133963E+01
  880000      230022     0.199166E-01     -6.0663   0.140018E+01   0.728980E+01
  880000      240023     0.167904E-01     -6.6450   0.102913E+01   0.144003E+01
  880000      250024     0.138129E-01     -5.1452   0.292226E+01   0.165358E+02
  880000      260025     0.201284E-01    -12.8018   0.161227E+00   0.303237E+00
  880000      270026     0.238257E-01    -20.7041   0.257262E+00   0.172257E+00
  880000      280027     0.743552E-01    -16.3899   0.148669E+00   0.107064E+00
  880000      290028     0.247372E+00    -13.3112   0.129868E+00   0.985250E-02
  880000      300029     0.547329E-01     -2.5532   0.263442E+00   0.139619E+01
  880000      300031     0.846270E-01    -13.2930   0.161222E+00   0.873379E-01
  880000      310032     0.896946E-01    -13.1798   0.117305E+00   0.110317E+00
  880000      570056     0.295223E-01    -16.9257   0.158500E+00   0.323135E+00
  880000      580057     0.309277E-01    -16.0120   0.169109E+00   0.306538E+00
  880000      590058     0.276769E-01    -11.9028   0.157811E+00   0.735433E+00
  880000      600059     0.239195E-01    -28.8378   0.324977E+00   0.272142E+00
  880000      610060     0.953463E-01    -13.4142   0.219367E+00   0.145342E+00
  880000      340033     0.192371E-01     -4.1290   0.713245E+00   0.376766E+01
  880000      350034     0.159311E-01     -8.7436   0.504997E+00   0.999079E+00
  880000      360035     0.131991E-01     -2.2738   0.165656E+01   0.957704E+01
  880000      370036     0.257065E-01    -16.2671   0.337290E+00   0.304033E+00
  880000      380037     0.206539E-01    -20.7406   0.536810E+00   0.325113E+00
  880000      390038     0.199263E+00    -14.6458   0.121844E+00   0.526948E-01
  880000      400039     0.160064E+00    -10.4768   0.875125E-01   0.638686E-01
  880000      400041     0.251078E-01    -23.5836   0.294455E+00   0.104729E+00
  880000      410042     0.113755E+00    -13.2798   0.130488E+00   0.922458E-01
  880000      420043     0.429086E-01    -12.4412   0.168073E+00   0.242332E+00
  880000      630062     0.323988E-01    -16.6869   0.311600E+00   0.103292E+01
  880000      640063     0.297214E-01    -16.0392   0.290633E+00   0.863198E+00
  880000      650064     0.225946E-01    -12.3984   0.618099E+00   0.123768E+01
  880000      660065     0.400371E-01    -33.0027   0.177545E+00   0.292595E+00
  880000      670066     0.122148E+00     -7.8951   0.290006E+00   0.555171E+00
  890000       20001     0.971130E-02    -17.3244   0.111220E+00   0.370742E+00
  890000       30002     0.221577E-01    -19.2365   0.776967E-01   0.141734E+00
  890000       40003     0.215021E-01    -19.1533   0.908247E-01   0.430288E+00
  890000       50004     0.754909E-02    -18.6836   0.318433E+00   0.122741E+01
  890000       60005     0.115831E-01    -18.9298   0.149258E+00   0.375020E+00
  890000       70006     0.277781E-01    -19.4732   0.157851E-01   0.602872E-01
  890000       80007     0.642044E-01    -19.9803   0.633546E-01   0.915902E-01
  890000       90008     0.348578E-01    -18.2392   0.900155E-01   0.363711E+00
  890000      100009     0.503234E-01     -8.5919   0.133628E+00   0.319038E+00
  890000      110010     0.269491E-01     -3.1082   0.664832E+00   0.394140E+01
  890000      120011     0.284951E-01     -3.3937   0.777645E+00   0.458316E+01
  890000      130012     0.485862E-01     -3.5147   0.321177E+00   0.178019E+01
  890000      140013     0.353475E-01     -3.7052   0.277839E+00   0.158065E+01
  890000      150014     0.276512E-01     -3.9726   0.369992E+01   0.219191E+02
  890000      160015     0.124729E-01     -2.4742   0.109806E+01   0.648553E+01
  890000      160017     0.692087E-02     -6.0680   0.934043E+01   0.553381E+02
  890000      170018     0.210725E-01     -7.2857   0.983144E-01   0.492321E+00
  890000      180019     0.259574E-01     -7.0574   0.707385E-01   0.399162E+00
  890000      190020     0.195814E-01     -6.5985   0.127632E+00   0.409185E+00
  890000      200021     0.162113E-01     -7.0240   0.985870E-01   0.453330E+00
  890000      230022     0.195783E-01     -5.6294   0.159916E+01   0.301736E+01
  890000      240023     0.156750E-01     -6.7558   0.225992E+01   0.217551E+01
  890000      250024     0.137939E-01     -4.0775   0.156047E+01   0.319119E+01
  890000      260025     0.192602E-01    -12.1789   0.539867E+00   0.233124E+00
  890000      270026     0.206514E-01    -19.3934   0.555420E+00   0.389917E+00
  890000      280027     0.440360E-01    -15.3972   0.552762E+00   0.219101E+00
  890000      290028     0.169299E+00    -12.5986   0.491578E+00   0.282617E-01
  890000      300029     0.872236E-01     -8.3290   0.522645E+00   0.131885E+00
  890000      310030     0.648314E-02     -1.1478   0.217719E+01   0.711938E+01
  890000      310032     0.705005E-01    -12.3969   0.559520E+00   0.165696E+00
  890000      570056     0.291936E-01    -17.3192   0.556900E+00   0.504801E+00
  890000      580057     0.305807E-01    -16.3602   0.445393E+00   0.344500E+00
  890000      590058     0.271832E-01    -11.0901   0.650118E+00   0.677629E+00
  890000      600059     0.216628E-01    -29.6829   0.235835E+00   0.280651E+00
  890000      610060     0.957423E-01    -14.1420   0.466844E+00   0.113447E+00
  890000      340033     0.188727E-01     -4.9855   0.121371E+01   0.310546E+01
  890000      350034     0.151910E-01     -6.3656   0.144257E+01   0.391409E+01
  890000      360035     0.125758E-01     -3.6074   0.139499E+01   0.566852E+01
  890000      370036     0.245255E-01    -16.3135   0.752103E+00   0.371198E+00
  890000      380037     0.109771E-01    -18.2535   0.129075E+01   0.102573E+01
  890000      390038     0.130064E+00    -14.9069   0.431668E+00   0.572531E-01
  890000      400039     0.129358E+00     -9.9355   0.430948E+00   0.703910E-01
  890000      410040     0.584617E-01     -9.5909   0.542990E+00   0.164334E+00
  890000      410042     0.580421E-01    -13.4286   0.489752E+00   0.179003E+00
  890000      420043     0.392989E-01    -11.5289   0.346859E+00   0.325395E+00
  890000      630062     0.320597E-01    -16.7706   0.119498E+00   0.291967E+00
  890000      640063     0.291291E-01    -15.9096   0.295281E+00   0.257026E+00
  890000      650064     0.218312E-01    -11.2592   0.601464E+00   0.865375E+00
  890000      660065     0.377789E-01    -33.4193   0.337884E+00   0.116172E+00
  890000      670066     0.123007E+00     -8.2583   0.347493E+00   0.115754E+00
  900000       20001     0.196593E-01    -11.4759   0.231011E+01   0.131918E+02
  900000       30002     0.462583E-01    -13.9809   0.288614E+00   0.469941E+00
  900000       40003     0.430234E-01    -14.1736   0.226999E+00   0.383893E+00
  900000       50004     0.982886E-02    -15.8674   0.657582E+00   0.189333E+01
  900000       60005     0.341658E-02    -37.2209   0.366936E+00   0.111998E+01
  900000       60007     0.236378E-01     -3.2541   0.106703E+02   0.632978E+02
  900000       70008     0.100989E+00     -6.8544   0.340458E+00   0.128769E+01
  900000       80009     0.497063E-01     -8.2151   0.212772E+00   0.469777E+00
  900000       90010     0.381519E-01    -15.5968   0.229309E+00   0.389385E+00
  900000      100011     0.102228E-01    -19.7028   0.226289E+00   0.783306E+00
  900000      110012     0.539302E-02    -18.9178   0.113719E+01   0.456602E+00
  900000      120013     0.750880E-02    -17.4264   0.119595E+01   0.296265E+00
  900000      130014     0.463841E-02    -16.1009   0.128143E+01   0.653114E+00
  900000      140015     0.347297E-02    -13.0579   0.117267E+01   0.253660E+01
  900000      150016     0.305574E-02     -8.9949   0.137261E+01   0.460445E+01
  900000      160017     0.271029E-02    -11.6926   0.122963E+01   0.215953E+01
  900000      170018     0.280708E-02    -14.6086   0.112988E+01   0.941437E+00
  900000      180019     0.292421E-02    -11.7365   0.136247E+01   0.418185E+01
  900000      190020     0.258087E-02    -13.6636   0.104431E+01   0.205833E+01
  900000      200021     0.258307E-02    -11.0744   0.148813E+01   0.444958E+01
  900000      220023     0.110550E+00     -5.5851   0.336326E+00   0.914877E+00
  900000      230024     0.834369E-01     -5.4328   0.589299E+00   0.245197E+01
  900000      240025     0.906060E-01     -5.9553   0.427408E+00   0.251110E+01
  900000      250026     0.505941E-01    -20.8405   0.319030E+00   0.342520E+00
  900000      260027     0.335065E-01    -20.9502   0.632611E+00   0.100422E+01
  900000      270028     0.275916E-01    -14.5812   0.792390E+00   0.118457E+01
  900000      290028     0.592252E-02    -27.8374   0.996160E+00   0.149121E+01
  900000      300029     0.295444E-02    -25.9534   0.305478E+01   0.146976E+02
  900000      440045     0.464925E-01    -19.5036   0.710173E+00   0.545412E-01
  900000      450046     0.116943E-01     -4.0136   0.137221E+01   0.619134E+01
  900000      460047     0.472627E-02      2.4373   0.144292E+01   0.241822E+01
  900000      480049     0.437633E-02     -8.0499   0.144493E+01   0.422442E+01
  900000      350034     0.234934E+01     -2.3466   0.552778E+02   0.148747E+02
  900000      350036     0.746481E-01    -18.0473   0.960212E+00   0.238720E+00
  900000      360037     0.407603E-01    -19.2077   0.912868E+00   0.976913E-01
  900000      370038     0.400258E-01    -16.1091   0.112694E+01   0.828777E+00
  900000      400039     0.432255E-02    -25.6028   0.799625E+00   0.256304E+00
  900000      500051     0.402089E-02    -15.3511   0.156926E+01   0.218725E+01
  900000      510052     0.126318E-01      0.0103   0.105743E+01   0.302920E+01
  900000      530054     0.291768E-02     -8.4165   0.230147E+01   0.342284E+01
  900000      540055     0.396432E-02    -13.8557   0.227624E+01   0.553391E+01
  910000       20001     0.195395E-01    -12.1880   0.141425E+00   0.234859E+00
  910000       30002     0.486633E-01    -13.0760   0.118604E+00   0.243862E+00
  910000       40003     0.539297E-01    -12.0592   0.916854E-01   0.507249E+00
  910000       50004     0.238822E-01    -11.0078   0.292533E+00   0.722320E+00
  910000       60005     0.390330E-01    -10.4459   0.812225E-01   0.328504E+00
  910000       70006     0.613357E-01    -11.2030   0.891634E-01   0.183656E+00
  910000       70008     0.575977E-01      4.1279   0.243730E+00   0.648210E+00
  910000       80009     0.837111E-01     -5.4962   0.127000E+00   0.565249E+00
  910000       90010     0.711059E-01    -13.9893   0.255777E+00   0.275613E+00
  910000      100011     0.181916E-01    -17.9054   0.105012E+00   0.191494E+00
  910000      110012     0.890159E-02    -18.7355   0.304338E+00   0.128365E+00
  910000      120013     0.117639E-01    -17.7205   0.408564E+00   0.223861E+00
  910000      130014     0.704273E-02    -16.7338   0.363931E+00   0.394092E+00
  910000      140015     0.514063E-02    -17.3428   0.405628E+00   0.346030E+00
  910000      150016     0.436891E-02    -15.7459   0.251668E+00   0.421546E+00
  910000      160017     0.374386E-02    -15.3212   0.345133E+00   0.270526E+00
  910000      170018     0.373966E-02    -14.5256   0.363333E+00   0.758306E+00
  910000      180019     0.384566E-02    -13.2599   0.584224E+00   0.145688E+01
  910000      190020     0.328569E-02    -11.3847   0.535684E+00   0.156293E+01
  910000      200021     0.326814E-02     -8.4271   0.419491E+00   0.185170E+01
  910000      230024     0.283389E-01     -2.4391   0.171086E+01   0.860099E+01
  910000      240025     0.731616E-01     -6.1879   0.895020E+00   0.938539E+00
  910000      250026     0.678983E-01    -21.5825   0.899216E+00   0.838658E-01
  910000      260027     0.449734E-01    -23.2029   0.955534E+00   0.154971E+00
  910000      270028     0.376519E-01    -14.2163   0.892258E+00   0.242935E+00
  910000      290028     0.813365E-02    -25.5297   0.835767E+00   0.234460E+00
  910000      300029     0.361441E-02    -31.0224   0.818270E+00   0.128169E+01
  910000      310032     0.166740E-02      2.3735   0.524591E+01   0.251121E+02
  910000      440045     0.940551E-01    -18.7133   0.697510E+00   0.393950E-01
  910000      450046     0.181600E-01     -6.2220   0.655669E+01   0.386079E+02
  910000      460047     0.745318E-02     -1.3186   0.174955E+01   0.912807E+01
  910000      470048     0.131613E-02    -12.1303   0.321735E+01   0.423238E+01
  910000      480049     0.599132E-02    -13.8415   0.730770E+00   0.452283E+00
  910000      330034     0.226718E-01      7.5435   0.230297E+01   0.115818E+02
  910000      340035     0.412503E-01      0.5314   0.221463E+01   0.116526E+02
  910000      350036     0.840073E-01     -8.3485   0.418378E+01   0.775945E+01
  910000      360037     0.529564E-01    -18.2356   0.116906E+02   0.199790E+01
  910000      370038     0.529712E-01    -14.5902   0.948969E+01   0.174297E+01
  910000      400039     0.545553E-02    -22.2371   0.141016E+02   0.288317E+01
  910000      500051     0.655065E-02    -23.2353   0.606062E+00   0.440406E+00
  910000      510052     0.195551E-01     -3.7841   0.478874E+00   0.199360E+01
  910000      530054     0.414522E-02    -12.9755   0.385759E+00   0.487962E+00
  910000      540055     0.530784E-02    -13.5816   0.685403E+00   0.112453E+01
  920000       20001     0.127587E-01    -16.2818   0.840372E+00   0.256937E+00
  920000       30002     0.306244E-01    -18.1634   0.842405E+00   0.112994E+00
  920000       40003     0.320846E-01    -17.7022   0.805518E+00   0.176286E+00
  920000       50004     0.132623E-01    -16.7174   0.926988E+00   0.642090E+00
  920000       60005     0.230248E-01    -16.6611   0.677233E+00   0.249620E+00
  920000       70006     0.563640E-01    -16.0182   0.752692E+00   0.724772E-01
  920000       80007     0.911316E-01    -15.5234   0.723123E+00   0.874791E-01
  920000       80009     0.250538E-01    -11.6611   0.646366E+00   0.989413E+00
  920000       90010     0.722870E-01    -14.8254   0.746614E+00   0.767226E-01
  920000      100011     0.214115E-01    -17.3655   0.756819E+00   0.200182E+00
  920000      110012     0.117254E-01    -30.5727   0.973178E+01   0.432367E+01
  920000      120013     0.155505E-01    -28.8980   0.969392E+01   0.391164E+01
  920000      130014     0.916667E-02    -26.7807   0.779698E+01   0.330368E+01
  920000      140015     0.652517E-02    -27.2201   0.659616E+01   0.396630E+01
  920000      150016     0.544899E-02    -26.6893   0.737016E+01   0.312161E+01
  920000      160017     0.457666E-02    -25.3726   0.536887E+01   0.370584E+01
  920000      170018     0.450719E-02    -23.7417   0.769199E+01   0.503595E+01
  920000      180019     0.453676E-02    -21.1273   0.638958E+01   0.366991E+02
  920000      190020     0.386347E-02    -21.1506   0.711806E+01   0.539238E+01
  920000      200021     0.381551E-02    -18.0097   0.510939E+01   0.127823E+02
  920000      230022     0.371890E-01      4.2768   0.111131E+04   0.839453E+01
  920000      240023     0.271198E-01      7.4579   0.111154E+04   0.100188E+02
  920000      240025     0.136470E-02      5.8547   0.114035E+04   0.986667E+01
  920000      250026     0.213031E-01    -25.3993   0.117193E+04   0.240755E+01
  920000      260027     0.194713E-01    -20.1602   0.115615E+04   0.242913E+01
  920000      270028     0.529817E-01     -7.8721   0.111988E+04   0.201901E+01
  920000      290028     0.710799E-02    -11.3499   0.112800E+04   0.193927E+01
  920000      300029     0.205567E-02    -23.7835   0.114896E+04   0.250053E+01
  920000      310032     0.266645E-02     -0.9450   0.110084E+04   0.159969E+02
  920000      440045     0.934587E-01    -23.0149   0.563556E+00   0.100634E+00
  920000      450046     0.386736E-01    -15.0778   0.598788E+00   0.513241E+00
  920000      460047     0.178470E-01    -13.6579   0.651676E+00   0.211660E+00
  920000      470048     0.251797E-02    -19.2839   0.106974E+01   0.244427E+00
  920000      480049     0.800676E-02    -14.6769   0.759647E+00   0.479096E+00
  920000      340033     0.303484E-01      6.6178   0.815464E+03   0.609071E+01
  920000      350034     0.183156E-01      8.6521   0.817549E+03   0.764485E+01
  920000      350036     0.236110E-01      7.4004   0.822203E+03   0.670381E+01
  920000      370038     0.639466E-01     -5.4556   0.825293E+03   0.149690E+01
  920000      400039     0.456763E-02     -9.7750   0.830501E+03   0.238813E+01
  920000      420043     0.201699E-02      5.0680   0.812185E+03   0.222683E+03
  920000      500051     0.137470E-01    -24.4660   0.670262E+00   0.204500E+00
  920000      510052     0.434873E-01    -13.3756   0.695782E+00   0.116687E+00
  920000      530054     0.658792E-02    -16.0373   0.804646E+00   0.256500E+00
  920000      540055     0.647449E-02    -13.3145   0.894893E+00   0.154383E+01
  930000       20001     0.104915E-01    -17.8208   0.141822E+00   0.489016E+00
  930000       30002     0.243399E-01    -19.7726   0.504466E-01   0.202343E+00
  930000       40003     0.241610E-01    -19.8265   0.179414E+00   0.724674E+00
  930000       50004     0.888193E-02    -19.2975   0.271859E+00   0.147967E+01
  930000       60005     0.143069E-01    -19.8088   0.201809E-01   0.102392E+00
  930000       70006     0.358296E-01    -20.2782   0.309082E-01   0.109949E+00
  930000       80007     0.909124E-01    -20.5638   0.155629E-01   0.830880E-01
  930000       90008     0.565381E-01    -18.1243   0.414571E-01   0.244256E+00
  930000      100009     0.850359E-01     -8.4546   0.949781E-01   0.426403E+00
  930000      110010     0.300366E-01      2.3135   0.167411E+00   0.617771E+00
  930000      110012     0.227561E-01    -18.7541   0.173649E+00   0.320444E+00
  930000      120013     0.588192E-01    -12.3419   0.188394E+00   0.738086E-01
  930000      130014     0.352719E-01    -11.9239   0.161850E+00   0.190473E+00
  930000      140015     0.219920E-01    -12.7552   0.194820E+00   0.282187E+00
  930000      150016     0.157024E-01    -13.4639   0.219277E+00   0.921031E-01
  930000      160017     0.113779E-01    -13.5671   0.149011E+00   0.399749E+00
  930000      170018     0.100531E-01    -13.5625   0.215331E+00   0.714743E+00
  930000      180019     0.962038E-02    -12.9255   0.129658E+00   0.769001E+00
  930000      190020     0.772379E-02    -12.1246   0.112263E+00   0.321071E+00
  930000      200021     0.703869E-02    -12.7499   0.942730E-01   0.228482E+00
  930000      230022     0.222429E-01     -6.5782   0.340531E+00   0.103886E+01
  930000      240023     0.192972E-01     -6.5588   0.105322E+01   0.322751E+01
  930000      250024     0.147932E-01     -4.8200   0.845207E+00   0.285074E+01
  930000      260025     0.233842E-01    -10.7900   0.337168E+00   0.474160E+00
  930000      270026     0.163122E-01    -22.5113   0.379152E+00   0.187564E+00
  930000      270028     0.224368E-01     -3.4075   0.114197E+01   0.580451E+01
  930000      290028     0.386028E-01    -18.9155   0.500546E+00   0.799715E-01
  930000      300029     0.177688E-01    -18.0703   0.555721E+00   0.196908E+00
  930000      310030     0.133444E-01    -21.7619   0.630327E+00   0.382036E+00
  930000      450044     0.602576E-02    -18.2157   0.175158E+01   0.108975E+01
  930000      460045     0.469297E-01    -27.3849   0.120000E+01   0.391830E+00
  930000      470046     0.215810E-01    -15.7253   0.655952E+00   0.743476E+00
  930000      470048     0.317857E-02    -20.1272   0.500446E+00   0.129729E+01
  930000      480049     0.149968E-01    -14.9670   0.116293E+01   0.145700E+00
  930000      340033     0.212314E-01     -5.8093   0.142695E+01   0.121073E+01
  930000      350034     0.180780E-01     -6.0743   0.171965E+01   0.265184E+01
  930000      360035     0.144402E-01     -4.6236   0.102935E+01   0.468975E+01
  930000      370036     0.317140E-01    -14.3110   0.319063E+00   0.191461E+00
  930000      370038     0.291682E-01     -6.6951   0.634141E+00   0.781541E+00
  930000      390038     0.277591E-01    -23.6578   0.384179E+00   0.128461E+00
  930000      400039     0.275163E-01    -16.9566   0.219483E+00   0.112743E+00
  930000      410040     0.157932E-01    -20.7592   0.390011E+00   0.155138E+00
  930000      420041     0.600607E-02    -28.0202   0.100496E+01   0.251680E+00
  930000      420043     0.167356E-02     -0.0089   0.840195E+01   0.671176E+01
  930000      520051     0.465902E-01    -15.1272   0.238204E+00   0.212765E+00
  930000      530054     0.105904E-01    -16.6762   0.362801E-01   0.165568E+00
  930000      540055     0.129229E-01    -13.4979   0.444333E+00   0.139083E+01
  680000      220023     0.166683E-01     -9.3451   0.276105E+01   0.550012E+01
  680000      230024     0.103009E-01     -2.8615   0.313140E+01   0.128763E+02
  680000      240025     0.120606E-01    -13.2165   0.316588E+01   0.412957E+01
  680000      260027     0.176627E-02    -12.2984   0.128819E+02   0.188446E+02
  680000      270028     0.140243E-01     -8.5252   0.112251E+01   0.249172E+01
  680000      290028     0.594797E-02    -35.9027   0.200719E+02   0.129177E+01
  680000      300029     0.286678E-02    -38.1651   0.205540E+02   0.123136E+01
  680000      440045     0.724642E-02    -18.0677   0.580724E+00   0.885448E+00
  680000      480049     0.272483E-02     -0.5234   0.707368E+01   0.393759E+02
  680000      560057     0.284430E-01     -7.9886   0.120327E+01   0.208154E+01
  680000      570058     0.395023E-01     -4.8189   0.102859E+01   0.184955E+01
  680000      580059     0.535460E-01     -6.3988   0.845281E+00   0.805826E+00
  680000      590060     0.403197E-01    -13.3178   0.102655E+01   0.180425E+00
  680000      600061     0.316506E-02      8.7090   0.197498E+01   0.601092E+01
  680000      330034     0.148115E-01     -3.1184   0.224380E+01   0.990801E+01
  680000      340035     0.990389E-02     -2.6856   0.342519E+01   0.146252E+02
  680000      350036     0.994797E-02     -7.8533   0.164097E+01   0.156054E+01
  680000      370036     0.143649E-02      5.1974   0.918929E+01   0.500319E+01
  680000      370038     0.168694E-01    -10.8779   0.696964E+00   0.658965E+00
  680000      400039     0.412273E-02    -31.7322   0.130296E+01   0.457208E+00
  680000      410040     0.259026E-02    -38.6490   0.321842E+01   0.976182E+00
  680000      530054     0.153478E-02      1.5020   0.135325E+01   0.729033E+01
  680000      540055     0.264522E-02     -9.7356   0.217990E+01   0.868661E+01
  680000      620063     0.357100E-01     -5.1923   0.553994E+00   0.187160E+01
  680000      630064     0.495598E-01     -5.1098   0.281657E+00   0.505311E+00
  680000      640065     0.442632E-01     -6.9971   0.210848E+01   0.521004E+00
  680000      650066     0.239682E-01    -16.4997   0.397782E+01   0.481516E+00
  790000       20001     0.936231E-02    -14.9471   0.856977E+00   0.712041E+00
  790000       30002     0.221452E-01    -16.5397   0.848940E+00   0.345921E+00
  790000       40003     0.205384E-01    -16.5488   0.771628E+00   0.540415E+00
  790000       50004     0.577233E-02    -16.6315   0.108721E+01   0.991821E+00
  790000       60005     0.684874E-02    -18.6133   0.756059E+00   0.131620E+01
  790000       70006     0.106555E-01    -20.8858   0.108504E+01   0.437019E+00
  790000       80009     0.117154E-01    -10.5315   0.617088E+00   0.246957E+01
  790000       90010     0.158264E-01    -14.7307   0.762095E+00   0.452757E+00
  790000      100011     0.565415E-02    -15.6783   0.501903E+00   0.133669E+01
  790000      110012     0.385213E-02    -12.6775   0.161671E+01   0.675991E+01
  790000      120013     0.583293E-02    -13.1163   0.785261E+00   0.668689E+00
  790000      130014     0.366225E-02    -10.6582   0.825960E+00   0.996666E+00
  790000      140015     0.275642E-02    -11.1385   0.113746E+01   0.117888E+01
  790000      150016     0.246145E-02     -6.0408   0.327394E+01   0.154008E+02
  790000      160017     0.223741E-02     -8.6294   0.246447E+01   0.284889E+01
  790000      170018     0.230686E-02    -10.6443   0.165818E+01   0.557682E+01
  790000      180019     0.237354E-02     -8.0872   0.475233E+01   0.255117E+02
  790000      190020     0.205695E-02     -3.7978   0.418890E+01   0.139827E+02
  790000      200021     0.212165E-02     -4.1645   0.559693E+01   0.284177E+02
  790000      440045     0.922472E-01    -18.3744   0.168475E+01   0.242369E+00
  790000      450046     0.263340E-01    -21.2327   0.186760E+01   0.359893E+00
  790000      460047     0.121006E-01    -18.2583   0.138925E+01   0.241240E+00
  790000      470048     0.205682E-02    -19.8205   0.172294E+01   0.889184E+00
  790000      480049     0.510326E-02    -14.3297   0.727057E+00   0.173613E+01
  790000      570056     0.471103E-01    -12.5935   0.579216E+00   0.100623E+01
  790000      570058     0.440491E-01    -13.5214   0.391019E+00   0.104498E+01
  790000      580059     0.809316E-01     -8.7160   0.192658E+00   0.884967E+00
  790000      590060     0.149161E+00    -19.5214   0.107451E+00   0.189027E+00
  790000      600061     0.220678E-01    -27.3019   0.498614E+00   0.542921E+00
  790000      500051     0.107603E-01    -32.1686   0.984161E+00   0.146201E+01
  790000      510052     0.281067E-01    -18.7534   0.553639E+00   0.749096E+00
  790000      530054     0.466906E-02    -16.6959   0.392161E+00   0.134598E+01
  790000      540055     0.366491E-02     -9.3680   0.401897E+01   0.712786E+01
  790000      630062     0.835458E-02    -16.2033   0.335402E+01   0.312781E+01
  790000      630064     0.717032E-01    -10.6115   0.120765E+01   0.604662E+00
  790000      640065     0.137289E+00    -13.0138   0.122819E+01   0.192454E+00
  790000      650066     0.754855E-01    -27.9243   0.122016E+01   0.151333E+00
  790000      660067     0.141578E-01    -21.0652   0.139050E+01   0.864645E+00
  800000       20001     0.934331E-02     -9.6952   0.443180E+01   0.169937E+01
  800000       30002     0.219755E-01    -11.7924   0.671234E+01   0.136543E+01
  800000       40003     0.210221E-01    -11.8426   0.672438E+01   0.157268E+01
  800000       50004     0.677004E-02    -10.7153   0.452058E+01   0.182370E+01
  800000       60005     0.940018E-02    -11.3954   0.597033E+01   0.178265E+01
  800000       70006     0.183189E-01    -11.1795   0.648322E+01   0.144334E+01
  800000       80007     0.192323E-01    -10.5461   0.649399E+01   0.144572E+01
  800000       80009     0.459691E-02    -18.4315   0.124925E+02   0.252473E+01
  800000       90010     0.123570E-01    -11.8707   0.800852E+01   0.240456E+01
  800000      100011     0.534695E-02     -9.5985   0.422812E+01   0.233310E+01
  800000      110012     0.410121E-02     -7.6875   0.623614E+03   0.791403E+00
  800000      120013     0.631970E-02     -7.7470   0.626017E+03   0.577239E+00
  800000      130014     0.395543E-02     -4.8683   0.625608E+03   0.135953E+01
  800000      140015     0.295872E-02     -5.1940   0.625663E+03   0.150050E+01
  800000      150016     0.262713E-02      0.9451   0.626065E+03   0.152509E+03
  800000      160017     0.237177E-02      3.4125   0.622350E+03   0.800475E+01
  800000      170018     0.245569E-02     -6.6799   0.623913E+03   0.115433E+01
  800000      180019     0.252006E-02     -4.9707   0.622673E+03   0.239906E+01
  800000      190020     0.218291E-02     -4.0749   0.622538E+03   0.765809E+01
  800000      200021     0.224006E-02     -2.8426   0.618904E+03   0.142200E+02
  800000      440045     0.153646E+00    -16.9446   0.116560E+01   0.601171E-01
  800000      450046     0.362081E-01    -22.2628   0.118024E+01   0.819655E+00
  800000      460047     0.170483E-01    -19.7885   0.118439E+01   0.503355E+00
  800000      470048     0.276369E-02    -18.5189   0.120375E+01   0.951216E+00
  800000      480049     0.604604E-02    -13.7674   0.143604E+01   0.105777E+01
  800000      570056     0.694298E-01    -17.8829   0.804353E+00   0.921017E+00
  800000      580057     0.257013E-01    -17.3133   0.980484E+00   0.169639E+01
  800000      590060     0.155471E+00    -21.9470   0.676298E+00   0.967968E-01
  800000      600061     0.274913E-01    -28.7040   0.911260E+00   0.502555E+00
  800000      500051     0.152603E-01    -34.6681   0.723753E+00   0.864203E+00
  800000      510052     0.386965E-01    -21.3205   0.629006E+00   0.484834E+00
  800000      530054     0.602734E-02    -18.4560   0.785512E+00   0.143150E+01
  800000      540055     0.410527E-02    -11.0615   0.333515E+01   0.152149E+02
  800000      630062     0.574456E-01    -16.0173   0.109396E+01   0.364791E+00
  800000      640063     0.179961E-01    -26.5653   0.111024E+01   0.525055E+00
  800000      640065     0.111025E+00    -13.5304   0.664707E+00   0.282282E+00
  800000      650066     0.804183E-01    -29.0389   0.108773E+01   0.176494E+00
  800000      660067     0.202607E-01    -21.4916   0.858237E+00   0.601587E+00
  810000       20001     0.886979E-02    -14.6360   0.197594E+01   0.781948E+01
  810000       30002     0.209405E-01    -17.4249   0.142915E+01   0.352431E+01
  810000       40003     0.201269E-01    -17.4700   0.134138E+01   0.271030E+01
  810000       50004     0.661831E-02    -11.5281   0.103027E+02   0.591009E+02
  810000       60005     0.970886E-02    -15.4076   0.155512E+01   0.488026E+01
  810000       70006     0.212857E-01    -14.9047   0.124620E+01   0.224042E+01
  810000       80007     0.353891E-01    -13.0908   0.148698E+01   0.419277E+01
  810000       90008     0.587192E-02     -1.1800   0.128414E+02   0.755216E+02
  810000       90010     0.450983E-02     -4.0208   0.396005E+01   0.206294E+02
  810000      100011     0.406776E-02     -7.0522   0.165731E+01   0.955511E+01
  810000      110012     0.400083E-02     -5.1053   0.968081E+01   0.562748E+02
  810000      120013     0.651789E-02     -9.2131   0.918128E+00   0.643213E+00
  810000      130014     0.412483E-02     -8.7019   0.111831E+01   0.112514E+01
  810000      140015     0.310839E-02     -9.7116   0.954961E+00   0.707294E+00
  810000      150016     0.278975E-02     -7.3378   0.113846E+01   0.191696E+01
  810000      160017     0.253284E-02     -6.3269   0.165627E+01   0.422471E+01
  810000      170018     0.261036E-02     -7.9483   0.227074E+01   0.541297E+01
  810000      180019     0.266138E-02     -6.5449   0.147575E+01   0.259580E+01
  810000      190020     0.228264E-02     -0.4377   0.379261E+01   0.115183E+02
  810000      200021     0.239799E-02     -7.4940   0.134318E+01   0.120379E+01
  810000      440045     0.824272E-01    -19.1609   0.729091E-01   0.613053E-01
  810000      450046     0.498540E-01    -26.0362   0.156940E+00   0.473046E+00
  810000      460047     0.243138E-01    -23.4964   0.149550E+00   0.396138E+00
  810000      470048     0.376073E-02    -22.8784   0.124577E+00   0.709510E+00
  810000      480049     0.730286E-02    -15.7112   0.259193E+00   0.109192E+01
  810000      570056     0.474484E-01    -18.0251   0.544328E+00   0.172329E+00
  810000      580057     0.382425E-01    -16.2126   0.470436E+00   0.239509E+00
  810000      590058     0.359595E-01    -20.6346   0.499833E+00   0.248579E+00
  810000      590060     0.545106E-01    -23.7254   0.882172E-01   0.117822E+00
  810000      600061     0.287954E-01    -28.0520   0.133730E+00   0.351310E+00
  810000      500051     0.211403E-01    -32.7360   0.358129E+00   0.610008E+00
  810000      510052     0.537166E-01    -22.7984   0.192795E+00   0.108604E+00
  810000      530054     0.786444E-02    -19.4463   0.349416E+00   0.516233E+00
  810000      540055     0.464659E-02    -20.0492   0.523066E+01   0.126065E+02
  810000      630062     0.479492E-01    -17.6098   0.675506E+00   0.625043E+00
  810000      640063     0.432109E-01    -18.7855   0.696110E+00   0.578234E+00
  810000      640065     0.232579E-01    -13.3536   0.162129E+01   0.229457E+01
  810000      650066     0.354049E-01    -33.6922   0.171273E+01   0.369057E+00
  810000      660067     0.277422E-01    -22.2768   0.374004E+00   0.691150E+00
  820000       20001     0.860287E-02    -14.7927   0.291723E+00   0.137289E+01
  820000       30002     0.198448E-01    -17.1660   0.124090E+00   0.708785E+00
  820000       40003     0.189444E-01    -16.7649   0.186898E+00   0.110401E+01
  820000       50004     0.633932E-02    -15.1817   0.366582E+00   0.328936E+00
  820000       60005     0.934416E-02    -14.8882   0.210044E+00   0.623734E+00
  820000       70006     0.213921E-01    -14.5791   0.123479E+00   0.708559E+00
  820000       80007     0.426342E-01    -13.4654   0.148301E+00   0.870853E+00
  820000       90008     0.134360E-01    -11.5266   0.293104E+00   0.163683E+01
  820000      100009     0.427343E-02    -34.6642   0.564991E+00   0.742314E+00
  820000      110012     0.224993E-02     -5.0100   0.947470E+00   0.348530E+01
  820000      120013     0.398809E-02     -6.5646   0.866310E+00   0.176291E+01
  820000      130014     0.259002E-02     -6.3327   0.106343E+01   0.152579E+01
  820000      140015     0.204491E-02     -7.4542   0.111166E+01   0.272192E+01
  820000      150016     0.204454E-02     -7.2302   0.987830E+00   0.306160E+01
  820000      160017     0.201177E-02     -6.2090   0.203662E+01   0.404969E+01
  820000      170018     0.218932E-02     -6.3492   0.291906E+01   0.127648E+02
  820000      180019     0.232871E-02     -4.8510   0.140483E+01   0.515777E+01
  820000      190020     0.206927E-02     -3.0226   0.714121E+01   0.386678E+02
  820000      200021     0.228739E-02     -6.9884   0.123940E+01   0.139390E+01
  820000      460045     0.160246E-01    -18.1498   0.109632E+01   0.933948E+00
  820000      460047     0.573483E-01    -27.7194   0.555887E+00   0.625661E-01
  820000      470048     0.899112E-02    -25.5696   0.456879E+00   0.306630E+00
  820000      480049     0.120833E-01    -18.7832   0.394498E+00   0.294217E+00
  820000      570056     0.301777E-01    -15.6933   0.103986E+01   0.109658E+01
  820000      580057     0.300649E-01    -13.7785   0.102351E+01   0.848147E+00
  820000      590058     0.334001E-01    -15.0113   0.987433E+00   0.697594E+00
  820000      600059     0.260093E-01    -21.8831   0.102860E+01   0.436274E+00
  820000      600061     0.168547E-01    -29.3855   0.179080E+01   0.453121E+00
  820000      630062     0.324543E-01    -14.1174   0.925863E+00   0.127573E+01
  820000      640063     0.323477E-01    -14.0000   0.962037E+00   0.891872E+00
  820000      650064     0.290022E-01    -16.1191   0.564041E+00   0.623508E+00
  820000      660065     0.922569E-02    -21.7402   0.243390E+01   0.165648E+01
  820000      660067     0.228087E-01    -25.5881   0.617700E+00   0.392190E+00
  830000       20001     0.872958E-02    -15.8371   0.626274E+00   0.222814E+01
  830000       30002     0.195487E-01    -18.4104   0.286370E+00   0.918123E+00
  830000       40003     0.186500E-01    -18.3340   0.290142E+00   0.753294E+00
  830000       50004     0.640093E-02    -16.9731   0.293376E+00   0.111475E+01
  830000       60005     0.952440E-02    -17.6535   0.276758E+00   0.615662E+00
  830000       70006     0.219485E-01    -17.7654   0.254514E+00   0.538482E+00
  830000       80007     0.471329E-01    -18.0610   0.227922E+00   0.491002E+00
  830000       90008     0.209924E-01    -17.2502   0.214807E+00   0.518616E+00
  830000      100009     0.233091E-01    -13.1745   0.296457E+00   0.640329E+00
  830000      110010     0.103081E-01     -6.9273   0.272417E+00   0.150140E+01
  830000      120011     0.941009E-02     -5.1983   0.109340E+01   0.762234E+00
  830000      130012     0.145849E-01     -4.9115   0.103323E+01   0.100312E+01
  830000      140013     0.922278E-02     -4.8688   0.143725E+01   0.312443E+01
  830000      150014     0.628119E-02     -3.5882   0.245817E+01   0.116229E+02
  830000      160015     0.340583E-02    -10.7822   0.101990E+01   0.616437E+00
  830000      170016     0.130399E-02    -19.8817   0.878672E+00   0.100149E+01
  830000      180019     0.150559E-02     -0.9404   0.240304E+01   0.112136E+02
  830000      190020     0.194235E-02     -4.1601   0.247068E+01   0.118072E+02
  830000      200021     0.285463E-02     -6.7905   0.137289E+01   0.279670E+01
  830000      450044     0.521544E-02    -38.1658   0.112152E+01   0.166064E+00
  830000      460045     0.373442E+00    -14.9404   0.110553E+01   0.913695E-01
  830000      460047     0.777789E-01    -19.1128   0.116169E+01   0.106230E+00
  830000      470048     0.944724E-01    -16.4125   0.115450E+01   0.184456E-01
  830000      480049     0.103346E+00    -14.7029   0.113840E+01   0.231095E-01
  830000      570056     0.269159E-01    -16.7339   0.157975E+01   0.220944E+00
  830000      580057     0.270238E-01    -15.3617   0.172531E+01   0.211634E+00
  830000      590058     0.252266E-01    -14.3571   0.168711E+01   0.288901E+00
  830000      600059     0.234234E-01    -25.3524   0.170228E+01   0.117404E+00
  830000      610060     0.345308E-01    -13.7558   0.171372E+01   0.143845E+00
  830000      510050     0.728048E-01    -30.3916   0.885667E-01   0.135136E+00
  830000      520051     0.222854E+00     -9.8111   0.155288E+00   0.228319E+00
  830000      530054     0.175391E+00    -15.8154   0.195464E+00   0.349964E-01
  830000      540055     0.251027E-01    -16.2760   0.651125E+00   0.144056E+01
  830000      630062     0.289952E-01    -15.9397   0.677591E+00   0.351819E+00
  830000      640063     0.268549E-01    -15.2983   0.651554E+00   0.329790E+00
  830000      650064     0.217085E-01    -14.6684   0.619973E+00   0.545794E+00
  830000      660065     0.243615E-01    -32.9417   0.685178E+00   0.246369E+00
  830000      670066     0.393770E-01     -5.9611   0.706275E+00   0.116078E+01
  840000       20001     0.916570E-02    -17.3252   0.405521E+01   0.639000E+00
  840000       30002     0.208004E-01    -19.6347   0.602862E+01   0.575763E+00
  840000       40003     0.199613E-01    -19.5498   0.604065E+01   0.577381E+00
  840000       50004     0.689018E-02    -18.4185   0.426867E+01   0.687462E+00
  840000       60005     0.103772E-01    -19.0928   0.536926E+01   0.525992E+00
  840000       70006     0.244213E-01    -19.4471   0.617724E+01   0.477208E+00
  840000       80007     0.544071E-01    -19.8321   0.678408E+01   0.495548E+00
  840000       90008     0.271639E-01    -18.5981   0.608628E+01   0.453875E+00
  840000      100009     0.361652E-01     -9.9407   0.253910E+01   0.387724E+00
  840000      110010     0.181731E-01     -3.2005   0.403137E+01   0.236136E+02
  840000      120011     0.179547E-01     -3.4775   0.166910E+01   0.970537E+01
  840000      130012     0.294460E-01     -3.8476   0.641312E+00   0.318783E+01
  840000      140013     0.202128E-01     -4.0782   0.538942E+00   0.227929E+01
  840000      150014     0.161251E-01     -4.5316   0.163967E+01   0.946307E+01
  840000      160015     0.135081E-01     -7.2974   0.434923E+00   0.659509E+00
  840000      170016     0.105737E-01     -8.7836   0.371559E+00   0.483979E+00
  840000      180017     0.793871E-02    -10.0023   0.368369E+00   0.525698E+00
  840000      190018     0.243761E-02    -10.3859   0.144365E+01   0.787705E+01
  840000      190020     0.179745E-02     -4.8583   0.186303E+01   0.735693E+01
  840000      200021     0.567387E-02     -6.6681   0.864160E+00   0.223921E+01
  840000      450044     0.424694E-02    -22.7965   0.101333E+01   0.729176E+00
  840000      460045     0.266720E+00    -14.2249   0.696561E+00   0.134800E+00
  840000      470046     0.114880E+00     -8.8174   0.580850E+00   0.842331E-01
  840000      470048     0.423600E-01    -16.8084   0.663399E+00   0.240104E+00
  840000      480049     0.121071E+00    -13.4686   0.749821E+00   0.861148E-01
  840000      570056     0.273846E-01    -17.1067   0.298962E+00   0.507396E+00
  840000      580057     0.280824E-01    -16.0495   0.166698E+00   0.530837E+00
  840000      590058     0.240710E-01    -13.9881   0.179976E+00   0.673142E+00
  840000      600059     0.218491E-01    -25.1869   0.146520E+00   0.320646E+00
  840000      610060     0.637868E-01    -14.7281   0.115235E+00   0.271757E+00
  840000      510050     0.327200E-01    -30.7313   0.715534E+00   0.228606E+00
  840000      520051     0.350373E+00    -11.0335   0.734227E+00   0.299147E-01
  840000      530054     0.126160E+00    -14.5600   0.841533E+00   0.420918E-01
  840000      540055     0.404708E-01    -13.6546   0.747188E+00   0.484673E+00
  840000      630062     0.297048E-01    -14.9612   0.136350E+01   0.206705E+01
  840000      640063     0.269576E-01    -14.2994   0.125059E+01   0.192355E+01
  840000      650064     0.209276E-01    -11.4776   0.139495E+01   0.298532E+01
  840000      660065     0.288228E-01    -32.5692   0.102961E+01   0.352987E+00
  840000      670066     0.789116E-01     -8.0474   0.840850E+00   0.713870E+00
  850000       20001     0.926999E-02    -17.6063   0.922445E+00   0.975819E+00
  850000       30002     0.208869E-01    -19.5039   0.850467E+00   0.642776E+00
  850000       40003     0.200559E-01    -19.5040   0.761753E+00   0.513168E+00
  850000       50004     0.697810E-02    -18.4487   0.771237E+00   0.939755E+00
  850000       60005     0.105417E-01    -19.0407   0.761327E+00   0.446263E+00
  850000       70006     0.248474E-01    -19.8119   0.665903E+00   0.429720E+00
  850000       80007     0.562165E-01    -20.2276   0.590274E+00   0.290043E+00
  850000       90008     0.294947E-01    -18.8699   0.592254E+00   0.434673E+00
  850000      100009     0.416397E-01     -9.7914   0.528238E+00   0.432168E+00
  850000      110010     0.216337E-01     -3.6235   0.256797E+01   0.148967E+02
  850000      120011     0.216837E-01     -3.4206   0.970879E+00   0.518028E+01
  850000      130012     0.366784E-01     -3.9038   0.364766E+00   0.157586E+01
  850000      140013     0.263981E-01     -4.0689   0.375627E+00   0.174366E+01
  850000      150014     0.235829E-01     -4.7796   0.793479E+00   0.436609E+01
  850000      160015     0.258027E-01     -5.8474   0.191790E+00   0.593893E+00
  850000      170016     0.282555E-01     -6.1096   0.152428E+00   0.330161E+00
  850000      180017     0.340806E-01     -6.2105   0.213546E+00   0.303504E+00
  850000      190018     0.308762E-01     -4.8203   0.288814E+00   0.554612E+00
  850000      200019     0.130303E-01     -3.8184   0.108098E+02   0.640055E+02
  850000      200021     0.878817E-02     -6.3997   0.306781E+00   0.126542E+01
  850000      450044     0.371809E-02    -13.9011   0.555274E+00   0.257652E+01
  850000      460045     0.127555E+00    -13.6998   0.297916E+00   0.232156E+00
  850000      470046     0.101303E+00    -10.6339   0.289205E+00   0.253088E+00
  850000      480047     0.239696E-01     -8.3735   0.270264E+00   0.809695E+00
  850000      490048     0.509218E-01     -4.1472   0.125641E+01   0.730966E+01
  850000      570056     0.271173E-01    -17.0314   0.183576E+00   0.834524E+00
  850000      580057     0.279638E-01    -16.2098   0.117175E+00   0.517606E+00
  850000      590058     0.229581E-01    -13.5535   0.189326E+00   0.692037E+00
  850000      600059     0.204793E-01    -24.7722   0.121659E+00   0.266547E+00
  850000      610060     0.748218E-01    -15.2856   0.499397E-01   0.112288E+00
  850000      510050     0.150330E-01    -32.0483   0.657713E+00   0.517758E+00
  850000      520051     0.214413E+00    -10.6151   0.598117E+00   0.822877E-01
  850000      540053     0.516211E-01     -5.9584   0.565159E+00   0.252356E+00
  850000      550054     0.350676E-01     -4.1338   0.132305E+01   0.715420E+01
  850000      630062     0.295549E-01    -16.7334   0.430386E+00   0.399984E+00
  850000      640063     0.264713E-01    -15.9863   0.391480E+00   0.313245E+00
  850000      650064     0.215814E-01    -11.0666   0.359100E+00   0.555019E+00
  850000      660065     0.284263E-01    -36.0668   0.734757E+00   0.148527E+00
  850000      670066     0.935935E-01     -9.3748   0.620525E-01   0.257990E+00
  690000      220023     0.162487E-01     -4.0125   0.151574E+01   0.526414E+01
  690000      230024     0.102541E-01     -1.4071   0.198095E+01   0.823161E+01
  690000      240025     0.127499E-01     -5.8061   0.120436E+01   0.255625E+01
  690000      250026     0.346145E-02    -35.8867   0.164687E+01   0.464172E+00
  690000      260027     0.200251E-02    -10.7603   0.643104E+01   0.350057E+02
  690000      270028     0.153879E-01     -5.2706   0.952916E+00   0.301342E+01
  690000      290028     0.705989E-02    -29.8304   0.603673E+00   0.138321E+00
  690000      300029     0.339732E-02    -32.4259   0.904094E+00   0.442286E+00
  690000      440045     0.859194E-02    -17.8582   0.140998E+00   0.323885E+00
  690000      480049     0.304926E-02     -6.4954   0.205792E+01   0.838879E+01
  690000      560057     0.244803E-01     -7.2389   0.599656E+00   0.116393E+01
  690000      570058     0.430619E-01     -4.1642   0.647263E+00   0.156914E+01
  690000      580059     0.651716E-01     -6.0100   0.537075E+00   0.272444E+00
  690000      590060     0.488811E-01    -12.9507   0.135233E+01   0.917172E-01
  690000      330034     0.147824E-01     -2.2710   0.657279E+01   0.387254E+02
  690000      340035     0.101210E-01     -1.9269   0.220765E+01   0.107989E+02
  690000      350036     0.110220E-01     -9.0740   0.313667E+01   0.121159E+02
  690000      370038     0.187340E-01    -10.5656   0.138732E+01   0.783267E+00
  690000      400039     0.502908E-02    -32.6894   0.113560E+02   0.703160E+00
  690000      530054     0.164584E-02      0.2299   0.102144E+01   0.403726E+01
  690000      540055     0.299242E-02     -9.0648   0.126926E+02   0.725581E+02
  690000      620063     0.349606E-01     -4.4097   0.991836E+00   0.578313E+01
  690000      630064     0.587943E-01     -5.0717   0.374291E+00   0.202537E+01
  690000      640065     0.541725E-01     -6.8995   0.607148E+00   0.117989E+01
  690000      650066     0.288812E-01    -16.4023   0.908925E+00   0.352314E+00
  700000      220023     0.141507E-01     -0.9190   0.611010E+01   0.356051E+02
  700000      230024     0.951828E-02      3.4288   0.247761E+01   0.574581E+01
  700000      240025     0.141047E-01     -5.2298   0.179920E+01   0.343521E+01
  700000      250026     0.385862E-02    -37.8589   0.208251E+02   0.854582E+00
  700000      260027     0.283475E-02    -13.8751   0.853007E+01   0.285681E+01
  700000      270028     0.199835E-01     -4.6737   0.795434E+01   0.464799E+02
  700000      290028     0.101951E-01    -29.2944   0.155262E+02   0.387880E+00
  700000      300029     0.480582E-02    -32.3845   0.168981E+02   0.591397E+00
  700000      440045     0.114253E-01    -19.8994   0.684975E+01   0.884045E+00
  700000      480049     0.405301E-02    -10.6162   0.139583E+01   0.407894E+01
  700000      560057     0.147603E-02     -4.4858   0.117288E+02   0.288594E+02
  700000      570058     0.421405E-01     -3.3977   0.165923E+01   0.861138E+01
  700000      580059     0.939143E-01     -5.6540   0.699769E+00   0.633400E+00
  700000      590060     0.698745E-01    -12.6253   0.719543E+00   0.188285E+00
  700000      600061     0.490975E-02      9.6696   0.194518E+01   0.224828E+01
  700000      330034     0.136053E-01     -2.7266   0.939752E+01   0.553754E+02
  700000      340035     0.101363E-01     -2.6162   0.315947E+01   0.108684E+02
  700000      350036     0.127457E-01    -12.1608   0.247853E+01   0.345629E+01
  700000      370036     0.233922E-02     -2.6939   0.795074E+01   0.218209E+02
  700000      370038     0.245964E-01    -13.3098   0.189359E+01   0.117785E+01
  700000      400039     0.724610E-02    -32.5662   0.110727E+02   0.797940E+00
  700000      420043     0.842511E-03      9.7684   0.110332E+02   0.210265E+02
  700000      530054     0.196407E-02     -1.9902   0.498832E+01   0.133474E+02
  700000      540055     0.402628E-02    -19.3833   0.509290E+01   0.228252E+01
  700000      620063     0.192037E-01     -1.9411   0.239927E+02   0.142152E+03
  700000      630064     0.783929E-01     -4.7727   0.124387E+01   0.751940E+00
  700000      640065     0.779513E-01     -6.5147   0.131226E+01   0.328676E+00
  700000      650066     0.424577E-01    -16.6154   0.154619E+01   0.239867E+00
  700000      670066     0.498451E-02    -39.0689   0.502103E+00   0.263396E+00
  710000      220023     0.847917E-02     -0.8212   0.179925E+01   0.789603E+01
  710000      230024     0.410286E-02      4.4141   0.128851E+02   0.178999E+01
  710000      240025     0.129325E-01     -5.6788   0.124615E+01   0.123903E+01
  710000      260027     0.287785E-02    -12.6050   0.254254E+01   0.415766E+01
  710000      270028     0.221266E-01     -6.6673   0.109204E+01   0.965879E+00
  710000      290028     0.121140E-01    -28.8335   0.115855E+01   0.102093E+00
  710000      300029     0.569770E-02    -32.1901   0.124203E+01   0.180131E+00
  710000      440045     0.138596E-01    -17.8404   0.142085E+01   0.183888E+00
  710000      480049     0.471012E-02    -10.9995   0.133701E+01   0.177837E+01
  710000      570056     0.415200E-01     -9.3322   0.532819E+00   0.148987E+01
  710000      580059     0.113708E+00     -4.5131   0.260105E+00   0.147085E+01
  710000      590060     0.928031E-01    -11.6971   0.163723E+00   0.354358E+00
  710000      600061     0.684952E-02      5.4765   0.117440E+01   0.474886E+01
  710000      330034     0.905453E-02      1.4828   0.115286E+01   0.598508E+01
  710000      340035     0.756754E-02     -1.9997   0.115384E+02   0.681415E+02
  710000      350036     0.126749E-01     -8.1988   0.932099E+00   0.479609E+01
  710000      370036     0.306040E-02     -0.5799   0.721126E+01   0.417984E+02
  710000      370038     0.272676E-01    -11.0905   0.398612E+00   0.729759E+00
  710000      390038     0.753020E-02    -38.9373   0.508096E+00   0.823583E+00
  710000      400039     0.863072E-02    -29.0880   0.306141E+00   0.527183E+00
  710000      410040     0.512325E-02    -36.7110   0.357791E+00   0.363083E+00
  710000      630062     0.285464E-01    -10.1816   0.284847E+00   0.782630E+00
  710000      630064     0.748085E-01     -4.2590   0.225296E+00   0.104370E+01
  710000      640065     0.101344E+00     -6.1261   0.122846E+00   0.577749E+00
  710000      650066     0.581921E-01    -16.7612   0.153080E+00   0.115078E+00
  710000      670066     0.778354E-02    -30.0021   0.294162E+00   0.211989E+00
  720000      230022     0.167003E-01     -9.4466   0.207565E+01   0.365908E+01
  720000      240023     0.132560E-01     -9.5149   0.215590E+01   0.483152E+01
  720000      250024     0.135547E-02      6.5658   0.610810E+01   0.621527E+01
  720000      260025     0.100897E-01      3.7274   0.419645E+01   0.167650E+01
  720000      270026     0.545022E-02    -21.1185   0.556888E+01   0.904328E+00
  720000      270028     0.291552E-01     -3.1724   0.265779E+01   0.136338E+02
  720000      290028     0.254482E-01    -31.4592   0.111948E+02   0.920678E+00
  720000      300029     0.120896E-01    -32.9796   0.112743E+02   0.832984E+00
  720000      310030     0.929294E-02    -38.2696   0.144361E+02   0.112107E+01
  720000      440045     0.989810E-02    -23.4234   0.130939E+02   0.255951E+01
  720000      480049     0.857437E-02    -13.0265   0.596453E+01   0.254989E+01
  720000      570056     0.635054E-01     -8.6076   0.713362E+01   0.345699E+01
  720000      580057     0.886482E-01     -6.7233   0.686337E+01   0.377425E+01
  720000      590058     0.359731E-01    -13.7812   0.116243E+02   0.361120E+01
  720000      590060     0.713316E-01     -1.2773   0.433097E+01   0.434221E+01
  720000      340033     0.143862E-01     -5.3084   0.143776E+01   0.315995E+01
  720000      350034     0.103732E-01     -7.4016   0.181836E+01   0.260037E+01
  720000      370036     0.188669E-01     -7.9220   0.764332E+00   0.154841E+01
  720000      370038     0.360966E-01     -7.2458   0.760503E+00   0.719750E+00
  720000      390038     0.166481E-01    -37.3640   0.654688E+00   0.228443E+00
  720000      400039     0.182713E-01    -27.4538   0.725021E+00   0.138470E+00
  720000      410040     0.109842E-01    -33.7779   0.794996E+00   0.189251E+00
  720000      530054     0.322798E-02     -0.7360   0.635964E+01   0.370520E+02
  720000      540055     0.893989E-02    -15.9547   0.301177E+01   0.462444E+01
  720000      630062     0.778151E-01    -13.8277   0.967793E+00   0.462891E+00
  720000      640063     0.791379E-01    -15.7409   0.956356E+00   0.230678E+00
  720000      640065     0.214442E-01      5.7504   0.804230E+00   0.184049E+01
  720000      650066     0.860532E-01    -10.1189   0.916190E+00   0.517120E+00
  720000      670066     0.418448E-01    -19.6038   0.964721E+00   0.301936E+00
  730000      230022     0.202687E-01     -5.2794   0.219221E+01   0.532171E+01
  730000      240023     0.176024E-01     -5.8771   0.216839E+01   0.524457E+01
  730000      250024     0.121139E-01     -1.7539   0.200971E+01   0.776980E+01
  730000      260025     0.198278E-01     -4.8597   0.145480E+01   0.123569E+01
  730000      270026     0.147270E-01    -19.3658   0.105872E+02   0.140619E+01
  730000      290028     0.473237E-01    -18.4581   0.100963E+02   0.123851E+01
  730000      300029     0.242859E-01    -16.9185   0.872978E+01   0.126451E+01
  730000      310030     0.202927E-01    -19.5327   0.943200E+01   0.942673E+00
  730000      450044     0.255224E-02      4.9042   0.195393E+01   0.114111E+02
  730000      460045     0.597291E-01    -24.9402   0.258013E+00   0.595016E+00
  730000      470046     0.401794E-01    -19.6187   0.150549E+00   0.334796E+00
  730000      480047     0.394945E-02    -16.6995   0.188736E+00   0.106049E+01
  730000      480049     0.107661E-01    -13.8283   0.100454E+00   0.374411E+00
  730000      570056     0.379063E-01    -21.6101   0.796663E+01   0.338861E+01
  730000      580057     0.433264E-01    -21.2283   0.857445E+01   0.389443E+01
  730000      590058     0.340510E-01    -18.2420   0.668212E+01   0.382807E+01
  730000      600059     0.280200E-01    -34.0028   0.151565E+02   0.333118E+01
  730000      610060     0.186407E+00    -15.8067   0.667614E+01   0.471573E+01
  730000      340033     0.194652E-01     -9.6913   0.181813E+01   0.938269E+01
  730000      350034     0.161578E-01    -12.6332   0.209468E+01   0.681023E+01
  730000      360035     0.115326E-01     -3.7606   0.842600E+01   0.495234E+02
  730000      370036     0.277131E-01    -16.7814   0.412419E+01   0.137512E+01
  730000      370038     0.231069E-01     -6.6906   0.236984E+01   0.883383E+01
  730000      390038     0.351806E-01    -28.8540   0.105053E+02   0.123188E+01
  730000      400039     0.351242E-01    -21.9705   0.680134E+01   0.119863E+01
  730000      410040     0.233263E-01    -25.3821   0.862212E+01   0.128852E+01
  730000      420041     0.108283E-01    -27.6246   0.838123E+01   0.138006E+01
  730000      630062     0.423988E-01    -16.6490   0.193258E+00   0.330450E+00
  730000      640063     0.415291E-01    -16.6084   0.583034E-01   0.232703E+00
  730000      650064     0.248968E-01    -14.3173   0.181644E+00   0.554273E+00
  730000      660065     0.609839E-01    -32.0228   0.137273E+00   0.985760E-01
  730000      670066     0.171145E+00     -6.0635   0.175164E+00   0.224911E+00
  740000      230022     0.198086E-01     -5.9764   0.747120E+00   0.850271E+00
  740000      240023     0.169101E-01     -7.6854   0.230388E+01   0.126846E+02
  740000      250024     0.127810E-01     -3.2139   0.123212E+01   0.299358E+01
  740000      260025     0.197393E-01     -9.9684   0.178446E+00   0.365889E+00
  740000      270026     0.164678E-01    -20.1269   0.204519E+00   0.183884E+00
  740000      290028     0.657425E-01    -15.6680   0.161612E+00   0.367223E-01
  740000      300029     0.356586E-01    -13.3657   0.133209E+00   0.676423E-01
  740000      310030     0.306921E-01    -15.7098   0.201253E+00   0.145038E+00
  740000      320031     0.332795E-02    -24.1133   0.144678E+01   0.113436E+01
  740000      450044     0.353345E-02     -5.8612   0.522283E+00   0.181835E+01
  740000      460045     0.963305E-01    -16.3920   0.232012E+00   0.447337E+00
  740000      470046     0.733743E-01    -12.3489   0.768312E-01   0.279696E+00
  740000      480047     0.940194E-02    -10.2786   0.738031E+00   0.258546E+01
  740000      480049     0.117966E-01    -11.4104   0.385942E+00   0.849143E+00
  740000      570056     0.331540E-01    -17.2480   0.107718E+01   0.175396E+01
  740000      580057     0.360736E-01    -16.6919   0.901735E+00   0.134707E+01
  740000      590058     0.292000E-01    -13.9923   0.106102E+01   0.185480E+01
  740000      600059     0.277152E-01    -26.9775   0.961385E+00   0.819881E+00
  740000      610060     0.182284E+00    -11.3667   0.185527E+00   0.334221E+00
  740000      340033     0.191168E-01     -4.5643   0.111065E+01   0.379885E+01
  740000      350034     0.158467E-01     -7.1770   0.947830E+00   0.420680E+01
  740000      360035     0.119662E-01     -2.2360   0.785908E+01   0.454692E+02
  740000      370036     0.264022E-01    -13.7346   0.250987E+00   0.556161E+00
  740000      370038     0.127290E-01     -3.4774   0.100355E+02   0.594996E+02
  740000      390038     0.498887E-01    -18.1314   0.836441E-01   0.981934E-01
  740000      400039     0.493263E-01    -13.0867   0.794516E-01   0.147470E+00
  740000      410040     0.347654E-01    -14.9209   0.129287E+00   0.178529E+00
  740000      420041     0.171534E-01    -16.1112   0.111032E+00   0.406676E+00
  740000      520051     0.157571E+00    -18.1738   0.630255E+01   0.443967E+01
  740000      540053     0.670633E-02    -12.3308   0.332301E+01   0.639868E+01
  740000      540055     0.190668E-01    -14.4585   0.115883E+01   0.530538E+01
  740000      630062     0.368204E-01    -16.7269   0.417640E+00   0.234155E+00
  740000      640063     0.346134E-01    -16.5748   0.266882E+00   0.280148E+00
  740000      650064     0.253043E-01    -13.8020   0.517324E+00   0.430690E+00
  740000      660065     0.587462E-01    -30.3684   0.354668E+00   0.694436E-01
  740000      670066     0.249272E+00     -5.9324   0.351833E+00   0.400960E+00
  750000      230022     0.192383E-01     -5.9370   0.332324E+01   0.418816E+01
  750000      240023     0.169370E-01     -9.0773   0.687004E+01   0.563316E+01
  750000      250024     0.122718E-01     -1.6953   0.105006E+02   0.221873E+02
  750000      260025     0.192373E-01    -10.4816   0.294028E+01   0.982498E+00
  750000      270026     0.174341E-01    -20.8444   0.809893E+01   0.108661E+01
  750000      280027     0.825405E-02    -24.8193   0.112558E+02   0.169475E+01
  750000      290028     0.794138E-01    -13.3804   0.490282E+01   0.108891E+01
  750000      300029     0.450379E-01    -10.5692   0.329696E+01   0.953172E+00
  750000      310030     0.402167E-01    -11.4257   0.318420E+01   0.914803E+00
  750000      320031     0.540506E-02    -18.7822   0.551504E+01   0.115189E+01
  750000      450044     0.369480E-02     -9.5449   0.437369E+00   0.193548E+01
  750000      460045     0.121351E+00    -13.6502   0.340152E-01   0.194367E+00
  750000      470046     0.996674E-01    -10.4431   0.130113E+00   0.107006E+00
  750000      480047     0.175797E-01     -9.0575   0.388232E+00   0.400595E+00
  750000      480049     0.102392E-01    -11.1519   0.207804E+00   0.789181E+00
  750000      570056     0.313728E-01    -20.1436   0.618743E-01   0.265688E+00
  750000      580057     0.334195E-01    -18.5841   0.122026E+00   0.405749E+00
  750000      590058     0.270214E-01    -15.9764   0.163183E+00   0.537001E+00
  750000      600059     0.252887E-01    -28.2003   0.179803E+00   0.246275E+00
  750000      610060     0.136420E+00    -13.1224   0.540816E-01   0.121379E+00
  750000      340033     0.190148E-01    -14.4453   0.324128E+01   0.166053E+02
  750000      350034     0.156114E-01    -20.5973   0.235909E+01   0.733511E+01
  750000      360035     0.121228E-01    -11.6368   0.419314E+01   0.238502E+02
  750000      370036     0.256837E-01    -25.3413   0.655839E+01   0.229188E+01
  750000      370038     0.568921E-02     -7.0980   0.119194E+02   0.390410E+02
  750000      390038     0.615230E-01    -27.1998   0.752090E+01   0.247511E+01
  750000      400039     0.610470E-01    -20.9504   0.386841E+01   0.254016E+01
  750000      410040     0.456762E-01    -22.7391   0.503055E+01   0.237007E+01
  750000      420041     0.233042E-01    -23.0009   0.383781E+01   0.221110E+01
  750000      510050     0.168826E-01    -31.0714   0.250666E+02   0.476896E+01
  750000      520051     0.206262E+00     -1.6309   0.483606E+01   0.473910E+01
  750000      540053     0.193871E-01      2.8835   0.265460E+01   0.539022E+01
  750000      540055     0.249076E-01      4.0071   0.118855E+01   0.676193E+01
  750000      630062     0.343495E-01    -16.7004   0.438235E-01   0.205956E+00
  750000      640063     0.316071E-01    -16.3548   0.475563E-01   0.151885E+00
  750000      650064     0.250051E-01    -13.0466   0.600909E+00   0.212803E+00
  750000      660065     0.453046E-01    -32.2236   0.170031E+00   0.727366E-01
  750000      670066     0.184782E+00     -6.6540   0.428988E-01   0.963024E-01
  760000      230022     0.183655E-01     -5.0943   0.627502E+01   0.165201E+01
  760000      240023     0.168675E-01     -8.2058   0.102192E+02   0.174087E+01
  760000      250024     0.116967E-01     -2.5238   0.142110E+02   0.116168E+02
  760000      260025     0.183499E-01    -11.9775   0.514366E+00   0.299381E+00
  760000      270026     0.180636E-01    -19.1964   0.192532E+01   0.257702E+00
  760000      280027     0.190470E-01    -15.1670   0.177298E+01   0.365320E+00
  760000      290028     0.934744E-01    -12.9240   0.196587E+00   0.257910E-01
  760000      300029     0.613788E-01     -9.6587   0.849387E-01   0.102578E+00
  760000      310030     0.667336E-01     -9.4186   0.580872E+00   0.183800E+00
  760000      320031     0.163532E-01     -8.7642   0.112483E+01   0.114880E+01
  760000      450044     0.371079E-02    -10.2106   0.565506E+00   0.223232E+01
  760000      460045     0.137638E+00    -12.3556   0.857029E-01   0.389121E+00
  760000      470046     0.121197E+00     -9.3406   0.840840E-01   0.316424E+00
  760000      480047     0.393798E-01     -7.0320   0.267445E+00   0.867514E+00
  760000      490048     0.801669E-01     -5.0999   0.106412E+00   0.266277E+00
  760000      570056     0.289666E-01    -17.0224   0.858529E+00   0.133326E+01
  760000      580057     0.302911E-01    -16.2074   0.661233E+00   0.105632E+01
  760000      590058     0.245471E-01    -13.4828   0.764272E+00   0.146176E+01
  760000      600059     0.224070E-01    -25.1497   0.772772E+00   0.729509E+00
  760000      610060     0.967087E-01    -13.8974   0.267893E+00   0.363298E+00
  760000      340033     0.183431E-01     -4.5794   0.105394E+01   0.238866E+01
  760000      350034     0.149577E-01     -6.9926   0.104923E+01   0.204518E+01
  760000      360035     0.118253E-01     -3.3732   0.124546E+01   0.539120E+01
  760000      370036     0.233699E-01    -15.7413   0.381787E+00   0.253867E+00
  760000      380037     0.286725E-02    -15.4295   0.619534E+01   0.292705E+01
  760000      390038     0.714214E-01    -15.3613   0.989316E-01   0.958174E-01
  760000      400039     0.740704E-01     -9.7612   0.536417E-01   0.109969E+00
  760000      410040     0.683225E-01    -10.0518   0.641901E-01   0.109682E+00
  760000      420041     0.447312E-01     -8.9186   0.223001E+00   0.279241E+00
  760000      430042     0.436973E-02    -19.0419   0.276831E+01   0.900366E+00
  760000      510050     0.159212E-01    -32.2112   0.312945E+00   0.291236E+00
  760000      520051     0.246044E+00     -9.6178   0.191291E+00   0.207144E+00
  760000      540053     0.103608E+00     -5.8158   0.214308E+00   0.273323E+00
  760000      540055     0.109322E-01     -2.1834   0.103122E+02   0.599940E+02
  760000      630062     0.316869E-01    -16.3237   0.168045E+00   0.285453E+00
  760000      640063     0.286237E-01    -15.7517   0.148659E+00   0.226362E+00
  760000      650064     0.253160E-01    -11.5874   0.201128E+00   0.621096E+00
  760000      660065     0.324537E-01    -35.8008   0.100894E+00   0.828286E-01
  760000      670066     0.123446E+00     -8.4883   0.781155E-01   0.125286E+00
    1.250000E-01 (Hz)
       12.096920      404.195190 (%)
       20.391382      496.806396 (mrad)
