         316
     10003     90007     0.626          0.00    
     10003    100008     0.364          0.00    
     10003    110009     0.217          0.00    
     10003    120010     0.124          0.00    
     10003    130011     0.568E-01      0.00    
     10003    140012     0.199E-01      0.00    
     10003    150013     0.250E-01      0.00    
     10003    160014     0.482E-01      0.00    
     10003    170015     0.665E-01      0.00    
     10003    180016     0.788E-01      0.00    
     10003    190017     0.850E-01      0.00    
     10003    200018     0.855E-01      0.00    
     10003    210019     0.815E-01      0.00    
     10003    220020     0.747E-01      0.00    
     10003    230021     0.357E-01      0.00    
     10003    290027     0.276E-01      0.00    
     10003    300028     0.418E-01      0.00    
     10003    310029     0.591E-01      0.00    
     10003    320030     0.753E-01      0.00    
     10003    330031     0.867E-01      0.00    
     10003    340032     0.907E-01      0.00    
     20004    100008     0.611          0.00    
     20004    110009     0.343          0.00    
     20004    120010     0.189          0.00    
     20004    130011     0.846E-01      0.00    
     20004    140012     0.291E-01      0.00    
     20004    150013     0.362E-01      0.00    
     20004    160014     0.689E-01      0.00    
     20004    170015     0.932E-01      0.00    
     20004    180016     0.108          0.00    
     20004    190017     0.113          0.00    
     20004    200018     0.111          0.00    
     20004    210019     0.103          0.00    
     20004    220020     0.921E-01      0.00    
     20004    230021     0.440E-01      0.00    
     20004    270025     0.245E-01      0.00    
     20004    280026     0.336E-01      0.00    
     20004    290027     0.452E-01      0.00    
     20004    300028     0.601E-01      0.00    
     20004    310029     0.757E-01      0.00    
     20004    320030     0.873E-01      0.00    
     20004    330031     0.914E-01      0.00    
     20004    340032     0.869E-01      0.00    
     30005    110009     0.583          0.00    
     30005    120010     0.304          0.00    
     30005    130011     0.132          0.00    
     30005    140012     0.447E-01      0.00    
     30005    150013     0.546E-01      0.00    
     30005    160014     0.102          0.00    
     30005    170015     0.135          0.00    
     30005    180016     0.151          0.00    
     30005    190017     0.153          0.00    
     30005    200018     0.145          0.00    
     30005    210019     0.131          0.00    
     30005    220020     0.113          0.00    
     30005    230021     0.539E-01      0.00    
     30005    260024     0.280E-01      0.00    
     30005    270025     0.404E-01      0.00    
     30005    280026     0.525E-01      0.00    
     30005    290027     0.648E-01      0.00    
     30005    300028     0.775E-01      0.00    
     30005    310029     0.880E-01      0.00    
     30005    320030     0.920E-01      0.00    
     30005    330031     0.877E-01      0.00    
     30005    340032     0.758E-01      0.00    
     40006    120010     0.526          0.00    
     40006    130011     0.219          0.00    
     40006    140012     0.725E-01      0.00    
     40006    150013     0.868E-01      0.00    
     40006    160014     0.158          0.00    
     40006    170015     0.201          0.00    
     40006    180016     0.216          0.00    
     40006    190017     0.210          0.00    
     40006    200018     0.190          0.00    
     40006    210019     0.165          0.00    
     40006    220020     0.138          0.00    
     40006    230021     0.652E-01      0.00    
     40006    250023     0.262E-01      0.00    
     40006    260024     0.425E-01      0.00    
     40006    270025     0.592E-01      0.00    
     40006    280026     0.733E-01      0.00    
     40006    290027     0.838E-01      0.00    
     40006    300028     0.910E-01      0.00    
     40006    310029     0.933E-01      0.00    
     40006    320030     0.885E-01      0.00    
     40006    330031     0.767E-01      0.00    
     40006    340032     0.602E-01      0.00    
     50007    130011     0.394          0.00    
     50007    140012     0.126          0.00    
     50007    150013     0.147          0.00    
     50007    160014     0.259          0.00    
     50007    170015     0.313          0.00    
     50007    180016     0.317          0.00    
     50007    190017     0.289          0.00    
     50007    200018     0.248          0.00    
     50007    210019     0.205          0.00    
     50007    220020     0.165          0.00    
     50007    230021     0.772E-01      0.00    
     50007    250023     0.374E-01      0.00    
     50007    260024     0.586E-01      0.00    
     50007    270025     0.786E-01      0.00    
     50007    280026     0.927E-01      0.00    
     50007    290027     0.988E-01      0.00    
     50007    300028     0.979E-01      0.00    
     50007    310029     0.909E-01      0.00    
     50007    320030     0.782E-01      0.00    
     50007    330031     0.615E-01      0.00    
     50007    340032     0.436E-01      0.00    
     60008    130011     0.796          0.00    
     60008    140012     0.242          0.00    
     60008    150013     0.271          0.00    
     60008    160014     0.452          0.00    
     60008    170015     0.509          0.00    
     60008    180016     0.475          0.00    
     60008    190017     0.401          0.00    
     60008    200018     0.320          0.00    
     60008    210019     0.249          0.00    
     60008    220020     0.191          0.00    
     60008    230021     0.886E-01      0.00    
     60008    240022     0.242E-01      0.00    
     60008    250023     0.491E-01      0.00    
     60008    260024     0.739E-01      0.00    
     60008    270025     0.950E-01      0.00    
     60008    280026     0.107          0.00    
     60008    290027     0.106          0.00    
     60008    300028     0.969E-01      0.00    
     60008    310029     0.818E-01      0.00    
     60008    320030     0.638E-01      0.00    
     60008    330031     0.454E-01      0.00    
     60008    340032     0.286E-01      0.00    
     70009    140012     0.530          0.00    
     70009    150013     0.551          0.00    
     70009    160014     0.851          0.00    
     70009    170015     0.864          0.00    
     70009    180016     0.722          0.00    
     70009    190017     0.549          0.00    
     70009    200018     0.402          0.00    
     70009    210019     0.292          0.00    
     70009    220020     0.212          0.00    
     70009    230021     0.967E-01      0.00    
     70009    240022     0.300E-01      0.00    
     70009    250023     0.589E-01      0.00    
     70009    260024     0.849E-01      0.00    
     70009    270025     0.104          0.00    
     70009    280026     0.111          0.00    
     70009    290027     0.105          0.00    
     70009    300028     0.882E-01      0.00    
     70009    310029     0.683E-01      0.00    
     70009    320030     0.485E-01      0.00    
     70009    330031     0.311E-01      0.00    
     80010    190017     0.723          0.00    
     80010    200018     0.478          0.00    
     80010    210019     0.320          0.00    
     80010    220020     0.219          0.00    
     80010    230021     0.986E-01      0.00    
     80010    240022     0.337E-01      0.00    
     80010    250023     0.640E-01      0.00    
     80010    260024     0.881E-01      0.00    
     80010    270025     0.103          0.00    
     80010    280026     0.104          0.00    
     80010    290027     0.931E-01      0.00    
     80010    300028     0.738E-01      0.00    
     80010    310029     0.530E-01      0.00    
     80010    320030     0.346E-01      0.00    
     80010    330031     0.199E-01      0.00    
     90011    190017     0.866          0.00    
     90011    200018     0.512          0.00    
     90011    210019     0.317          0.00    
     90011    220020     0.205          0.00    
     90011    230021     0.906E-01      0.00    
     90011    240022     0.333E-01      0.00    
     90011    250023     0.613E-01      0.00    
     90011    260024     0.807E-01      0.00    
     90011    270025     0.896E-01      0.00    
     90011    280026     0.870E-01      0.00    
     90011    290027     0.742E-01      0.00    
     90011    300028     0.560E-01      0.00    
     90011    310029     0.379E-01      0.00    
     90011    320030     0.230E-01      0.00    
    100012    190017     0.853          0.00    
    100012    200018     0.455          0.00    
    100012    210019     0.263          0.00    
    100012    220020     0.162          0.00    
    100012    230021     0.705E-01      0.00    
    100012    240022     0.272E-01      0.00    
    100012    250023     0.490E-01      0.00    
    100012    260024     0.621E-01      0.00    
    100012    270025     0.661E-01      0.00    
    100012    280026     0.617E-01      0.00    
    100012    290027     0.509E-01      0.00    
    100012    300028     0.370E-01      0.00    
    100012    310029     0.241E-01      0.00    
    110013    190017     0.554          0.00    
    110013    200018     0.275          0.00    
    110013    210019     0.151          0.00    
    110013    220020     0.905E-01      0.00    
    110013    230021     0.389E-01      0.00    
    110013    250023     0.274E-01      0.00    
    110013    260024     0.338E-01      0.00    
    110013    270025     0.350E-01      0.00    
    110013    280026     0.319E-01      0.00    
    110013    290027     0.257E-01      0.00    
    120014    200018     0.904          0.00    
    120014    210019     0.534          0.00    
    120014    220020     0.343          0.00    
    120014    230021     0.147          0.00    
    120014    240022     0.390E-01      0.00    
    120014    250023     0.716E-01      0.00    
    120014    260024     0.939E-01      0.00    
    120014    270025     0.104          0.00    
    120014    280026     0.102          0.00    
    120014    290027     0.907E-01      0.00    
    120014    300028     0.761E-01      0.00    
    120014    310029     0.624E-01      0.00    
    120014    320030     0.509E-01      0.00    
    120014    330031     0.415E-01      0.00    
    120014    340032     0.338E-01      0.00    
    130015    220020     0.814          0.00    
    130015    230021     0.343          0.00    
    130015    240022     0.906E-01      0.00    
    130015    250023     0.165          0.00    
    130015    260024     0.212          0.00    
    130015    270025     0.232          0.00    
    130015    280026     0.224          0.00    
    130015    290027     0.196          0.00    
    130015    300028     0.163          0.00    
    130015    310029     0.132          0.00    
    130015    320030     0.107          0.00    
    130015    330031     0.871E-01      0.00    
    130015    340032     0.707E-01      0.00    
    140016    230021     0.536          0.00    
    140016    240022     0.151          0.00    
    140016    250023     0.265          0.00    
    140016    260024     0.325          0.00    
    140016    270025     0.336          0.00    
    140016    280026     0.310          0.00    
    140016    290027     0.260          0.00    
    140016    300028     0.207          0.00    
    140016    310029     0.161          0.00    
    140016    320030     0.125          0.00    
    140016    330031     0.977E-01      0.00    
    140016    340032     0.768E-01      0.00    
    150017    230021     0.908          0.00    
    150017    240022     0.274          0.00    
    150017    250023     0.455          0.00    
    150017    260024     0.519          0.00    
    150017    270025     0.497          0.00    
    150017    280026     0.427          0.00    
    150017    290027     0.340          0.00    
    150017    300028     0.257          0.00    
    150017    310029     0.191          0.00    
    150017    320030     0.142          0.00    
    150017    330031     0.107          0.00    
    150017    340032     0.811E-01      0.00    
    160018    240022     0.551          0.00    
    160018    250023     0.849          0.00    
    160018    260024     0.868          0.00    
    160018    270025     0.740          0.00    
    160018    280026     0.578          0.00    
    160018    290027     0.429          0.00    
    160018    300028     0.307          0.00    
    160018    310029     0.217          0.00    
    160018    320030     0.155          0.00    
    160018    330031     0.112          0.00    
    160018    340032     0.826E-01      0.00    
    170019    280026     0.748          0.00    
    170019    290027     0.507          0.00    
    170019    300028     0.341          0.00    
    170019    310029     0.231          0.00    
    170019    320030     0.158          0.00    
    170019    330031     0.111          0.00    
    170019    340032     0.796E-01      0.00    
    180020    280026     0.877          0.00    
    180020    290027     0.535          0.00    
    180020    300028     0.339          0.00    
    180020    310029     0.220          0.00    
    180020    320030     0.147          0.00    
    180020    330031     0.100          0.00    
    180020    340032     0.704E-01      0.00    
    190021    280026     0.847          0.00    
    190021    290027     0.466          0.00    
    190021    300028     0.280          0.00    
    190021    310029     0.176          0.00    
    190021    320030     0.115          0.00    
    190021    330031     0.777E-01      0.00    
    190021    340032     0.540E-01      0.00    
    200022    280026     0.534          0.00    
    200022    290027     0.271          0.00    
    200022    300028     0.158          0.00    
    200022    310029     0.100          0.00    
    200022    320030     0.657E-01      0.00    
    200022    330031     0.446E-01      0.00    
    200022    340032     0.311E-01      0.00    
    210023    280026     0.520          0.00    
    210023    290027     0.242          0.00    
    210023    300028     0.132          0.00    
    210023    310029     0.795E-01      0.00    
    210023    320030     0.505E-01      0.00    
    210023    330031     0.336E-01      0.00    
    210023    340032     0.231E-01      0.00    
    220024    290027     0.810          0.00    
    220024    300028     0.407          0.00    
    220024    310029     0.228          0.00    
    220024    320030     0.137          0.00    
    220024    330031     0.877E-01      0.00    
    220024    340032     0.586E-01      0.00    
    230025    310029     0.547          0.00    
    230025    320030     0.316          0.00    
    230025    330031     0.197          0.00    
    230025    340032     0.129          0.00    
    240026    320030     0.604          0.00    
    240026    330031     0.357          0.00    
    240026    340032     0.226          0.00    
    250027    330031     0.628          0.00    
    250027    340032     0.375          0.00    
    260028    340032     0.635          0.00    
