1122 T
10002 40003 4.89803123 -14.9389286 0.03 7.4694643
10002 50004 1.29120362 -24.0929089 0.03 12.04645445
10002 60005 0.523221552 -33.559124 0.03 16.779562
10002 70006 0.262256026 -32.5839958 0.03 16.2919979
10002 80007 0.149229407 -33.2666588 0.03 16.6333294
10002 90008 0.0921726525 -23.6981144 0.03 11.8490572
10002 100009 0.0602542944 -9.1345768 0.03 4.5672884
10002 110010 0.0410657078 -9.26151848 0.03 4.63075924
10002 120011 0.0289631784 -9.18082523 0.03 4.590412615
10002 130012 0.021108916 -9.02375126 0.03 4.51187563
10002 140013 0.0159446802 -8.84591293 0.03 4.422956465
10002 150014 0.0125310309 -8.67152405 0.03 4.335762025
10002 160015 0.0102606863 -8.51484299 0.03 4.257421495
10002 170016 0.00874581095 -8.38257885 0.03 4.191289425
10002 180017 0.00775842415 -8.2750473 0.03 4.13752365
10002 190018 0.00712493015 -8.19028568 0.03 4.09514284
10002 200019 0.00657060277 -8.12494564 0.03 4.06247282
10002 210020 0.00583964586 -8.07078743 0.03 4.035393715
10002 220021 0.00499722408 -8.01857948 0.03 4.00928974
10002 230022 0.00426888885 -7.96335411 0.03 3.981677055
10002 240023 0.0036696915 -7.90642977 0.03 3.953214885
10002 250024 0.00301340315 -7.84337282 0.03 3.92168641
10002 260025 0.00251833745 -7.76683378 0.03 3.88341689
10002 270026 0.0148435477 -7.71094418 0.03 3.85547209
10002 280027 0.0104998453 -7.68023348 0.03 3.84011674
10002 290028 0.0083121378 -7.646667 0.03 3.8233335
10002 300029 0.00695407065 -7.61697674 0.03 3.80848837
10002 310030 0.00589300506 -7.59369707 0.03 3.796848535
10002 320031 0.00490614586 -7.57672119 0.03 3.788360595
10002 330032 0.00239709881 -7.56501722 0.03 3.78250861
10002 340033 0.000423824851 -7.49541426 0.03 3.74770713
10002 350034 0.000420598633 -7.44545364 0.03 3.72272682
10002 360035 0.000402482023 -7.4047761 0.03 3.70238805
20003 50004 4.86731339 -16.4427319 0.03 8.22136595
20003 60005 1.2831856 -31.4099808 0.03 15.7049904
20003 70006 0.519991994 -32.1786385 0.03 16.08931925
20003 80007 0.260410637 -34.3955231 0.03 17.19776155
20003 90008 0.147851884 -26.6644421 0.03 13.33222105
20003 100009 0.0910159647 -12.5475092 0.03 6.2737546
20003 110010 0.0592507161 -13.0824976 0.03 6.5412488
20003 120011 0.0402696654 -13.3644743 0.03 6.68223715
20003 130012 0.0284438562 -13.5208559 0.03 6.76042795
20003 140013 0.0209068432 -13.6164894 0.03 6.8082447
20003 150014 0.0160456728 -13.6787271 0.03 6.83936355
20003 160015 0.0128781423 -13.7204657 0.03 6.86023285
20003 170016 0.0107996212 -13.7485428 0.03 6.8742714
20003 180017 0.00945799053 -13.7670088 0.03 6.8835044
20003 190018 0.00860054605 -13.7783861 0.03 6.88919305
20003 200019 0.00787324551 -13.7845039 0.03 6.89225195
20003 210020 0.00695643947 -13.7869005 0.03 6.89345025
20003 220021 0.00592072774 -13.7863617 0.03 6.89318085
20003 230022 0.00502993958 -13.7830572 0.03 6.8915286
20003 240023 0.00430010818 -13.7773285 0.03 6.88866425
20003 250024 0.00351005024 -13.7689562 0.03 6.8844781
20003 260025 0.00291242893 -13.7573748 0.03 6.8786874
20003 270026 0.0170765072 -13.7488842 0.03 6.8744421
20003 280027 0.0120434472 -13.7461109 0.03 6.87305545
20003 290028 0.00950287748 -13.7437334 0.03 6.8718667
20003 300029 0.00792695303 -13.7424173 0.03 6.87120865
20003 310030 0.00670165103 -13.7426052 0.03 6.8713026
20003 320031 0.00556921726 -13.7451963 0.03 6.87259815
20003 330032 0.00271723419 -13.7505436 0.03 6.8752718
20003 340033 0.000476011424 -13.8023491 0.03 6.90117455
20003 350034 0.000469160208 -13.8451824 0.03 6.9225912
20003 360035 0.000446277729 -13.88937 0.03 6.944685
30004 20001 4.89803505 -14.9387064 0.03 7.4693532
30004 60005 4.86420441 -23.0227242 0.03 11.5113621
30004 70006 1.28126359 -25.4270344 0.03 12.7135172
30004 80007 0.518518269 -28.6615944 0.03 14.3307972
30004 90008 0.259063363 -22.7390518 0.03 11.3695259
30004 100009 0.146585017 -8.7944994 0.03 4.3972497
30004 110010 0.0898381323 -9.52943325 0.03 4.764716625
30004 120011 0.0582774542 -10.0252638 0.03 5.0126319
30004 130012 0.0396137871 -10.3836622 0.03 5.1918311
30004 140013 0.0281738751 -10.6692495 0.03 5.33462475
30004 150014 0.0210159943 -10.9072676 0.03 5.4536338
30004 160015 0.0164674073 -11.1046667 0.03 5.55233335
30004 170016 0.0135439504 -11.2632322 0.03 5.6316161
30004 180017 0.0116826557 -11.3862715 0.03 5.69313575
30004 190018 0.0105024967 -11.4781847 0.03 5.73909235
30004 200019 0.00953402184 -11.5445395 0.03 5.77226975
30004 210020 0.00836891588 -11.5951643 0.03 5.79758215
30004 220021 0.00708082737 -11.6397552 0.03 5.8198776
30004 230022 0.00597977918 -11.6832514 0.03 5.8416257
30004 240023 0.00508198701 -11.7253351 0.03 5.86266755
30004 250024 0.00412191963 -11.7697353 0.03 5.88486765
30004 260025 0.00339395669 -11.8226786 0.03 5.9113393
30004 270026 0.0197877418 -11.8617496 0.03 5.9308748
30004 280027 0.0139120286 -11.8838644 0.03 5.9419322
30004 290028 0.0109396018 -11.9086046 0.03 5.9543023
30004 300029 0.00909737963 -11.9313536 0.03 5.9656768
30004 310030 0.00767222838 -11.9505072 0.03 5.9752536
30004 320031 0.00636369828 -11.9670601 0.03 5.98353005
30004 330032 0.00310036005 -11.9821548 0.03 5.9910774
30004 340033 0.000538007007 -12.0934315 0.03 6.04671575
30004 350034 0.000526503194 -12.1809082 0.03 6.0904541
30004 360035 0.000497704081 -12.2634468 0.03 6.1317234
40005 20001 1.2912097 -24.0915375 0.03 12.04576875
40005 30002 4.86731768 -16.442606 0.03 8.221303
40005 70006 4.86235762 -30.1680832 0.03 15.0840416
40005 80007 1.27974117 -32.5562592 0.03 16.2781296
40005 90008 0.516992569 -27.8933945 0.03 13.94669725
40005 100009 0.25755173 -13.4746761 0.03 6.73733805
40005 110010 0.145119384 -13.9235744 0.03 6.9617872
40005 120011 0.0885906741 -14.2711391 0.03 7.13556955
40005 130012 0.0574084558 -14.5363054 0.03 7.2681527
40005 140013 0.0392262451 -14.7591887 0.03 7.37959435
40005 150014 0.0282711294 -14.9550705 0.03 7.47753525
40005 160015 0.0215192847 -15.1253567 0.03 7.56267835
40005 170016 0.0172888562 -15.2671289 0.03 7.63356445
40005 180017 0.0146442084 -15.3797035 0.03 7.68985175
40005 190018 0.0129881743 -15.4648809 0.03 7.73244045
40005 200019 0.011676834 -15.5267353 0.03 7.76336765
40005 210020 0.0101747336 -15.5741177 0.03 7.78705885
40005 220021 0.0085528139 -15.6162243 0.03 7.80811215
40005 230022 0.00717649562 -15.6578417 0.03 7.82892085
40005 240023 0.006060482 -15.6986437 0.03 7.84932185
40005 250024 0.00488224672 -15.7422724 0.03 7.8711362
40005 260025 0.00398709951 -15.7951174 0.03 7.8975587
40005 270026 0.0231050905 -15.8347702 0.03 7.9173851
40005 280027 0.0161914025 -15.8578444 0.03 7.9289222
40005 290028 0.0126864742 -15.8839407 0.03 7.94197035
40005 300029 0.0105163399 -15.9082022 0.03 7.9541011
40005 310030 0.00884619541 -15.9288931 0.03 7.96444655
40005 320031 0.0073230518 -15.9471226 0.03 7.9735613
40005 330032 0.00356247113 -15.9641266 0.03 7.9820633
40005 340033 0.000612275442 -16.0922546 0.03 8.0461273
40005 350034 0.000594815414 -16.1949844 0.03 8.0974922
40005 360035 0.000558650296 -16.2936745 0.03 8.14683725
50006 20001 0.523230195 -33.5544968 0.03 16.7772484
50006 30002 1.28319263 -31.4089661 0.03 15.70448305
50006 40003 4.86420918 -23.0224628 0.03 11.5112314
50006 80007 4.86075974 -32.285778 0.03 16.142889
50006 90008 1.27796888 -30.049757 0.03 15.0248785
50006 100009 0.515159905 -15.6550627 0.03 7.82753135
50006 110010 0.255693555 -16.0845337 0.03 8.04226685
50006 120011 0.14348954 -16.4929466 0.03 8.2464733
50006 130012 0.0874127969 -16.8292904 0.03 8.4146452
50006 140013 0.0568352453 -17.1265831 0.03 8.56329155
50006 150014 0.0392796062 -17.4006023 0.03 8.70030115
50006 160015 0.0288600344 -17.6518269 0.03 8.82591345
50006 170016 0.0225313995 -17.873457 0.03 8.9367285
50006 180017 0.0186670423 -18.0598621 0.03 9.02993105
50006 190018 0.0162896048 -18.2084293 0.03 9.10421465
50006 200019 0.0144793484 -18.3212433 0.03 9.16062165
50006 210020 0.0125113586 -18.4105167 0.03 9.20525835
50006 220021 0.0104412511 -18.4908028 0.03 9.2454014
50006 230022 0.00869986694 -18.5701752 0.03 9.2850876
50006 240023 0.00729701668 -18.6489086 0.03 9.3244543
50006 250024 0.00583582278 -18.7344418 0.03 9.3672209
50006 260025 0.00472407741 -18.839304 0.03 9.419652
50006 270026 0.0271973778 -18.9172497 0.03 9.45862485
50006 280027 0.0189946704 -18.9528828 0.03 9.4764414
50006 290028 0.0148279332 -18.9917507 0.03 9.49587535
50006 300029 0.0122508602 -19.0273037 0.03 9.51365185
50006 310030 0.0102780182 -19.0570068 0.03 9.5285034
50006 320031 0.0084912302 -19.0819378 0.03 9.5409689
50006 330032 0.00412458228 -19.1034298 0.03 9.5517149
50006 340033 0.000702068617 -19.2586613 0.03 9.62933065
50006 350034 0.000676997472 -19.3846664 0.03 9.6923332
50006 360035 0.000631633622 -19.5060902 0.03 9.7530451
60007 20001 0.26226759 -32.5760269 0.03 16.28801345
60007 30002 0.520002007 -32.1766624 0.03 16.0883312
60007 40003 1.2812717 -25.42626 0.03 12.71313
60007 50004 4.86236382 -30.1680069 0.03 15.08400345
60007 90008 4.85861492 -29.7239704 0.03 14.8619852
60007 100009 1.27571976 -14.9088097 0.03 7.45440485
60007 110010 0.512757301 -14.7650537 0.03 7.38252685
60007 120011 0.253523588 -14.8719835 0.03 7.43599175
60007 130012 0.141856372 -15.0022373 0.03 7.50111865
60007 140013 0.0865397677 -15.1401987 0.03 7.57009935
60007 150014 0.0567775294 -15.2858276 0.03 7.6429138
60007 160015 0.0399378315 -15.4372673 0.03 7.71863365
60007 170016 0.0300931055 -15.5883942 0.03 7.7941971
60007 180017 0.0242576916 -15.7309961 0.03 7.86549805
60007 190018 0.0207513012 -15.8565607 0.03 7.92828035
60007 200019 0.0181954913 -15.9601202 0.03 7.9800601
60007 210020 0.0155701693 -16.0473976 0.03 8.0236988
60007 220021 0.0128888916 -16.1288204 0.03 8.0644102
60007 230022 0.0106570171 -16.2109528 0.03 8.1054764
60007 240023 0.00887285825 -16.2944355 0.03 8.14721775
60007 250024 0.00704104034 -16.3874569 0.03 8.19372845
60007 260025 0.00564610073 -16.5037632 0.03 8.2518816
60007 270026 0.0322771482 -16.5904312 0.03 8.2952156
60007 280027 0.022463575 -16.6228962 0.03 8.3114481
60007 290028 0.0174693651 -16.6571045 0.03 8.32855225
60007 300029 0.0143843144 -16.6880226 0.03 8.3440113
60007 310030 0.0120352805 -16.7135124 0.03 8.3567562
60007 320031 0.0099226879 -16.7341137 0.03 8.36705685
60007 330032 0.00481271464 -16.7505379 0.03 8.37526895
60007 340033 0.000811413513 -16.8631973 0.03 8.43159865
60007 350034 0.000776643399 -16.9562168 0.03 8.4781084
60007 360035 0.000719776726 -17.0465755 0.03 8.52328775
70008 20001 0.149244025 -33.2539673 0.03 16.62698365
70008 30002 0.260423809 -34.3920822 0.03 17.1960411
70008 40003 0.518529594 -28.6599464 0.03 14.3299732
70008 50004 1.27975035 -32.556057 0.03 16.2780285
70008 60005 4.86076593 -32.2858505 0.03 16.14292525
70008 100009 4.85604858 -15.8906946 0.03 7.9453473
70008 110010 1.27260017 -15.0810013 0.03 7.54050065
70008 120011 0.509850085 -14.7442789 0.03 7.37213945
70008 130012 0.251232862 -14.5812836 0.03 7.2906418
70008 140013 0.140506357 -14.5011997 0.03 7.25059985
70008 150014 0.0862461254 -14.4689617 0.03 7.23448085
70008 160015 0.057447549 -14.4714384 0.03 7.2357192
70008 170016 0.0414031819 -14.5037889 0.03 7.25189445
70008 180017 0.0322413407 -14.5601997 0.03 7.28009985
70008 190018 0.0269014761 -14.6300364 0.03 7.3150182
70008 200019 0.0231964272 -14.7015266 0.03 7.3507633
70008 210020 0.0196217448 -14.7705097 0.03 7.38525485
70008 220021 0.0160926711 -14.8393946 0.03 7.4196973
70008 230022 0.0131927142 -14.9111137 0.03 7.45555685
70008 240023 0.0108958483 -14.986186 0.03 7.493093
70008 250024 0.00857398938 -15.0722189 0.03 7.53610945
70008 260025 0.00680562854 -15.1821489 0.03 7.59107445
70008 270026 0.0386095978 -15.2646198 0.03 7.6323099
70008 280027 0.026774006 -15.2897491 0.03 7.64487455
70008 290028 0.0207409076 -15.3151045 0.03 7.65755225
70008 300029 0.0170192663 -15.3377695 0.03 7.66888475
70008 310030 0.0142008942 -15.3563128 0.03 7.6781564
70008 320031 0.0116841234 -15.370883 0.03 7.6854415
70008 330032 0.00565872993 -15.3815928 0.03 7.6907964
70008 340033 0.000945254636 -15.4502401 0.03 7.72512005
70008 350034 0.000898179598 -15.5085478 0.03 7.7542739
70008 360035 0.000826940464 -15.5663128 0.03 7.7831564
80009 20001 0.0921903402 -23.6951885 0.03 11.84759425
80009 30002 0.147868216 -26.6688366 0.03 13.3344183
80009 40003 0.259077936 -22.7416573 0.03 11.37082865
80009 50004 0.517004907 -27.8957539 0.03 13.94787695
80009 60005 1.27797866 -30.0511456 0.03 15.0255728
80009 70006 4.85862207 -29.7242889 0.03 14.86214445
80009 110010 4.85164213 -3.02894163 0.03 1.514470815
80009 120011 1.26863015 -2.90778637 0.03 1.453893185
80009 130012 0.506596148 -2.77191687 0.03 1.385958435
80009 140013 0.249116331 -2.65242004 0.03 1.32621002
80009 150014 0.139738321 -2.55426264 0.03 1.27713132
80009 160015 0.0867751688 -2.48063254 0.03 1.24031627
80009 170016 0.0590949506 -2.43893242 0.03 1.21946621
80009 180017 0.0440241396 -2.43432212 0.03 1.21716106
80009 190018 0.0355749913 -2.4622283 0.03 1.23111415
80009 200019 0.0300330967 -2.50993419 0.03 1.254967095
80009 210020 0.0250499211 -2.56695104 0.03 1.28347552
80009 220021 0.0203226339 -2.62970161 0.03 1.314850805
80009 230022 0.0164997783 -2.69848847 0.03 1.349244235
80009 240023 0.0135058984 -2.77364874 0.03 1.38682437
80009 250024 0.0105307857 -2.86310363 0.03 1.431551815
80009 260025 0.00826659333 -2.98082805 0.03 1.490414025
80009 270026 0.046507664 -3.07062888 0.03 1.53531444
80009 280027 0.0321314931 -3.09509921 0.03 1.547549605
80009 290028 0.0247932673 -3.11902094 0.03 1.55951047
80009 300029 0.0202736128 -3.14000654 0.03 1.57000327
80009 310030 0.0168696512 -3.15656471 0.03 1.578282355
80009 320031 0.0138515374 -3.16811037 0.03 1.584055185
80009 330032 0.00669888593 -3.17421961 0.03 1.587109805
80009 340033 0.00110921974 -3.19952202 0.03 1.59976101
80009 350034 0.00104664953 -3.22092485 0.03 1.610462425
80009 360035 0.000957533892 -3.2401638 0.03 1.6200819
90010 20001 0.0602746345 -9.15246391 0.03 4.576231955
90010 30002 0.0910350382 -12.5686941 0.03 6.28434705
90010 40003 0.146602407 -8.80776405 0.03 4.403882025
90010 50004 0.257567018 -13.4841442 0.03 6.7420721
90010 60005 0.515172601 -15.6607676 0.03 7.8303838
90010 70006 1.27572942 -14.9109154 0.03 7.4554577
90010 80007 4.85605478 -15.8912106 0.03 7.9456053
90010 120011 4.84662628 -1.82442796 0.03 0.91221398
90010 130012 1.26418746 -0.813912451 0.03 0.4069562255
90010 140013 0.503364205 0.0414135903 0.03 0.02070679515
90010 150014 0.247499764 0.768215418 0.03 0.384107709
90010 160015 0.139822513 1.40790772 0.03 0.70395386
90010 170016 0.0884364098 1.9758215 0.03 0.98791075
90010 180017 0.0621781573 2.45101213 0.03 1.225506065
90010 190018 0.0481721945 2.80259705 0.03 1.401298525
90010 200019 0.0395623222 3.02466249 0.03 1.512331245
90010 210020 0.0324190259 3.15407848 0.03 1.57703924
90010 220021 0.0259593874 3.23713565 0.03 1.618567825
90010 230022 0.0208402965 3.29847884 0.03 1.64923942
90010 240023 0.0168869812 3.34343314 0.03 1.67171657
90010 250024 0.0130335819 3.37734437 0.03 1.688672185
90010 260025 0.0101064853 3.40933609 0.03 1.704668045
90010 270026 0.0563337468 3.43244076 0.03 1.71622038
90010 280027 0.0387705527 3.45342565 0.03 1.726712825
90010 290028 0.0297960211 3.47697425 0.03 1.738487125
90010 300029 0.024278488 3.49793696 0.03 1.74896848
90010 310030 0.0201460868 3.51472425 0.03 1.757362125
90010 320031 0.0165082887 3.52816772 0.03 1.76408386
90010 330032 0.00797287002 3.53970671 0.03 1.769853355
90010 340033 0.00130946259 3.62527633 0.03 1.812638165
90010 350034 0.00122757175 3.69471002 0.03 1.84735501
90010 360035 0.00111639372 3.76135993 0.03 1.880679965
100011 20001 0.0410878509 -9.27977371 0.03 4.639886855
100011 30002 0.0592716821 -13.1084433 0.03 6.55422165
100011 40003 0.0898574963 -9.54676151 0.03 4.773380755
100011 50004 0.145136699 -13.9375544 0.03 6.9687772
100011 60005 0.255708367 -16.0943642 0.03 8.0471821
100011 70006 0.512769163 -14.7695141 0.03 7.38475705
100011 80007 1.27260876 -15.0826683 0.03 7.54133415
100011 90008 4.85164738 -3.02909946 0.03 1.51454973
100011 130012 4.84067917 -2.73603868 0.03 1.36801934
100011 140013 1.2593118 -2.39818811 0.03 1.199094055
100011 150014 0.500244498 -2.02946258 0.03 1.01473129
100011 160015 0.246517882 -1.64558625 0.03 0.822793125
100011 170016 0.141056806 -1.25558877 0.03 0.627794385
100011 180017 0.0917951837 -0.885249972 0.03 0.442624986
100011 190018 0.0671930462 -0.577110291 0.03 0.2885551455
100011 200019 0.0531760603 -0.361511379 0.03 0.1807556895
100011 210020 0.0425809175 -0.223532498 0.03 0.111766249
100011 220021 0.0335459337 -0.126423225 0.03 0.0632116125
100011 230022 0.0265699495 -0.0477045774 0.03 0.0238522887
100011 240023 0.0212771557 0.0176140163 0.03 0.00880700815
100011 250024 0.0162325352 0.0768744648 0.03 0.0384372324
100011 260025 0.0124134542 0.143856674 0.03 0.071928337
100011 270026 0.0684667379 0.194956481 0.03 0.0974782405
100011 280027 0.0469285659 0.223172754 0.03 0.111586377
100011 290028 0.0359152816 0.253696918 0.03 0.126848459
100011 300029 0.0291586798 0.280758202 0.03 0.140379101
100011 310030 0.0241274275 0.302257985 0.03 0.1511289925
100011 320031 0.0197307281 0.318656147 0.03 0.1593280735
100011 330032 0.00951676816 0.331140697 0.03 0.1655703485
100011 340033 0.00155146339 0.415941179 0.03 0.2079705895
100011 350034 0.00144578645 0.485116422 0.03 0.242558211
100011 360035 0.00130771601 0.550773442 0.03 0.275386721
110012 20001 0.0289858095 -9.20015049 0.03 4.600075245
110012 30002 0.0402911939 -13.3965416 0.03 6.6982708
110012 40003 0.058297459 -10.04776 0.03 5.02388
110012 50004 0.088608712 -14.2910643 0.03 7.14553215
110012 60005 0.143505156 -16.5085258 0.03 8.2542629
110012 70006 0.253536344 -14.8800049 0.03 7.44000245
110012 80007 0.509859681 -14.7479811 0.03 7.37399055
110012 90008 1.26863658 -2.90824318 0.03 1.45412159
110012 100009 4.84662962 -1.82433319 0.03 0.912166595
110012 140013 4.83360004 -2.91062522 0.03 1.45531261
110012 150014 1.25376463 -2.77129793 0.03 1.385648965
110012 160015 0.497155696 -2.59166956 0.03 1.29583478
110012 170016 0.246462464 -2.3786025 0.03 1.18930125
110012 180017 0.144203275 -2.14690447 0.03 1.073452235
110012 190018 0.0975996181 -1.92920685 0.03 0.964603425
110012 200019 0.0733709112 -1.7619077 0.03 0.88095385
110012 210020 0.056949798 -1.64829624 0.03 0.82414812
110012 220021 0.0439350419 -1.56532025 0.03 0.782660125
110012 230022 0.0342223421 -1.49591374 0.03 0.74795687
110012 240023 0.0270190518 -1.43611896 0.03 0.71805948
110012 250024 0.0203347467 -1.3793627 0.03 0.68968135
110012 260025 0.0153014166 -1.31230021 0.03 0.656150105
110012 270026 0.0833590329 -1.2598455 0.03 0.62992275
110012 280027 0.0568792224 -1.23432028 0.03 0.61716014
110012 290028 0.0433355272 -1.20712042 0.03 0.60356021
110012 300029 0.0350480303 -1.18306482 0.03 0.59153241
110012 310030 0.0289150402 -1.16401291 0.03 0.582006455
110012 320031 0.023596881 -1.14973855 0.03 0.574869275
110012 330032 0.0113670919 -1.13939893 0.03 0.569699465
110012 340033 0.00184057734 -1.07205009 0.03 0.536025045
110012 350034 0.00170589483 -1.0167495 0.03 0.50837475
110012 360035 0.00153540249 -0.964317024 0.03 0.482158512
120013 20001 0.0211303644 -9.04486942 0.03 4.52243471
120013 30002 0.028464267 -13.560585 0.03 6.7802925
120013 40003 0.0396327525 -10.4125805 0.03 5.20629025
120013 50004 0.0574255399 -14.5639486 0.03 7.2819743
120013 60005 0.0874275491 -16.8526897 0.03 8.42634485
120013 70006 0.141868383 -15.0153761 0.03 7.50768805
120013 80007 0.251241833 -14.588191 0.03 7.2940955
120013 90008 0.506602049 -2.7728281 0.03 1.38641405
120013 100009 1.26419055 -0.813481033 0.03 0.4067405165
120013 110010 4.84068012 -2.73598599 0.03 1.367992995
120013 150014 4.82453966 -2.96215081 0.03 1.481075405
120013 160015 1.24705529 -2.89391232 0.03 1.44695616
120013 170016 0.494332433 -2.79426312 0.03 1.39713156
120013 180017 0.248386368 -2.66625786 0.03 1.33312893
120013 190018 0.150460124 -2.52690053 0.03 1.263450265
120013 200019 0.105099231 -2.40696383 0.03 1.203481915
120013 210020 0.0780972019 -2.32025313 0.03 1.160126565
120013 220021 0.0585929081 -2.25518441 0.03 1.127592205
120013 230022 0.0446798503 -2.19964719 0.03 1.099823595
120013 240023 0.0346625559 -2.15062475 0.03 1.075312375
120013 250024 0.0256645437 -2.10283065 0.03 1.051415325
120013 260025 0.0189434867 -2.04454589 0.03 1.022272945
120013 270026 0.101674281 -1.99772716 0.03 0.99886358
120013 280027 0.069016695 -1.97647667 0.03 0.988238335
120013 290028 0.0523172133 -1.95407128 0.03 0.97703564
120013 300029 0.0421320871 -1.93429685 0.03 0.967148425
120013 310030 0.0346473455 -1.91867232 0.03 0.95933616
120013 320031 0.0282121468 -1.9071101 0.03 0.95355505
120013 330032 0.0135728475 -1.89903641 0.03 0.949518205
120013 340033 0.00218375982 -1.84819818 0.03 0.92409909
120013 350034 0.00201369845 -1.8062079 0.03 0.90310395
120013 360035 0.00180423073 -1.76638508 0.03 0.88319254
130014 20001 0.0159631893 -8.86983871 0.03 4.434919355
130014 30002 0.0209243707 -13.6656876 0.03 6.8328438
130014 40003 0.0281900298 -10.7060061 0.03 5.35300305
130014 50004 0.0392406099 -14.7966576 0.03 7.3983288
130014 60005 0.056847401 -17.160347 0.03 8.5801735
130014 70006 0.0865493193 -15.1604519 0.03 7.58022595
130014 80007 0.140513033 -14.512866 0.03 7.256433
130014 90008 0.249120072 -2.65395951 0.03 1.326979755
130014 100009 0.503365338 0.0425963439 0.03 0.02129817195
130014 110010 1.25931096 -2.39794397 0.03 1.198971985
130014 120011 4.83359814 -2.91059446 0.03 1.45529723
130014 160015 4.81247854 -2.98108697 0.03 1.490543485
130014 170016 1.23924649 -2.94262743 0.03 1.471313715
130014 180017 0.493120074 -2.88097835 0.03 1.440489175
130014 190018 0.254161239 -2.79980874 0.03 1.39990437
130014 200019 0.159312591 -2.71845555 0.03 1.359227775
130014 210020 0.111102827 -2.65445781 0.03 1.327228905
130014 220021 0.0802215338 -2.60501266 0.03 1.30250633
130014 230022 0.0595028698 -2.56207705 0.03 1.281038525
130014 240023 0.045155786 -2.52335286 0.03 1.26167643
130014 250024 0.0327733792 -2.48473406 0.03 1.24236703
130014 260025 0.023632085 -2.43616104 0.03 1.21808052
130014 270026 0.124533042 -2.39586973 0.03 1.197934865
130014 280027 0.084006086 -2.37837315 0.03 1.189186575
130014 290028 0.063300401 -2.36007309 0.03 1.180036545
130014 300029 0.050725393 -2.34394526 0.03 1.17197263
130014 310030 0.0415599979 -2.33122468 0.03 1.16561234
130014 320031 0.0337566212 -2.32190776 0.03 1.16095388
130014 330032 0.0162178911 -2.31560826 0.03 1.15780413
130014 340033 0.00259289425 -2.27720499 0.03 1.138602495
130014 350034 0.00237908703 -2.24531364 0.03 1.12265682
130014 360035 0.00212230883 -2.21506023 0.03 1.107530115
140015 20001 0.0125450324 -8.69954586 0.03 4.34977293
140015 30002 0.0160587318 -13.7392673 0.03 6.86963365
140015 40003 0.0210277475 -10.9532719 0.03 5.47663595
140015 50004 0.0282811895 -15.0045471 0.03 7.50227355
140015 60005 0.0392875783 -17.4474792 0.03 8.7237396
140015 70006 0.056783054 -15.3155098 0.03 7.6577549
140015 80007 0.0862489715 -14.4873171 0.03 7.24365855
140015 90008 0.139738455 -2.5566256 0.03 1.2783128
140015 100009 0.247497484 0.770744979 0.03 0.3853724895
140015 110010 0.500240505 -2.02879047 0.03 1.014395235
140015 120011 1.25375986 -2.77115512 0.03 1.38557756
140015 130012 4.82453537 -2.96213293 0.03 1.481066465
140015 170016 4.79686975 -2.98911166 0.03 1.49455583
140015 180017 1.23143017 -2.96458077 0.03 1.482290385
140015 190018 0.495996416 -2.92308092 0.03 1.46154046
140015 200019 0.263784736 -2.8716557 0.03 1.43582785
140015 210020 0.16697298 -2.82558107 0.03 1.412790535
140015 220021 0.114093907 -2.78841019 0.03 1.394205095
140015 230022 0.0815532506 -2.75558257 0.03 1.377791285
140015 240023 0.0601735488 -2.72533679 0.03 1.362668395
140015 250024 0.0426134095 -2.69448733 0.03 1.347243665
140015 260025 0.0298629496 -2.65434241 0.03 1.327171205
140015 270026 0.153805077 -2.6196866 0.03 1.3098433
140015 280027 0.102949858 -2.60502958 0.03 1.30251479
140015 290028 0.0770110339 -2.58978295 0.03 1.294891475
140015 300029 0.0613456927 -2.57635093 0.03 1.288175465
140015 310030 0.0500407889 -2.56576657 0.03 1.282883285
140015 320031 0.0405268446 -2.55808377 0.03 1.279041885
140015 330032 0.0194403622 -2.55304289 0.03 1.276521445
140015 340033 0.003087566 -2.52329636 0.03 1.26164818
140015 350034 0.00281837606 -2.49846029 0.03 1.249230145
140015 360035 0.00250302395 -2.47489667 0.03 1.237448335
150016 20001 0.0102689387 -8.54830933 0.03 4.274154665
150016 30002 0.0128854681 -13.7939463 0.03 6.89697315
150016 40003 0.0164734758 -11.1610584 0.03 5.5805292
150016 50004 0.021523742 -15.1886625 0.03 7.59433125
150016 60005 0.0288625248 -17.7142353 0.03 8.85711765
150016 70006 0.0399380364 -15.4785957 0.03 7.73929785
150016 80007 0.0574452728 -14.4985323 0.03 7.24926615
150016 90008 0.0867704079 -2.48400354 0.03 1.24200177
150016 100009 0.139815599 1.41254282 0.03 0.70627141
150016 110010 0.246509433 -1.64416134 0.03 0.82208067
150016 120011 0.497146666 -2.59127975 0.03 1.295639875
150016 130012 1.24704683 -2.89383054 0.03 1.44691527
150016 140013 4.81247187 -2.98107696 0.03 1.49053848
150016 180017 4.77678585 -2.99287152 0.03 1.49643576
150016 190018 1.2257719 -2.97549129 0.03 1.487745645
150016 200019 0.503858566 -2.94673967 0.03 1.473369835
150016 210020 0.27319777 -2.91505551 0.03 1.457527755
150016 220021 0.171511129 -2.88731194 0.03 1.44365597
150016 230022 0.116410442 -2.86228633 0.03 1.431143165
150016 240023 0.082804881 -2.83875346 0.03 1.41937673
150016 250024 0.0568839796 -2.81420732 0.03 1.40710366
150016 260025 0.038495712 -2.78101563 0.03 1.390507815
150016 270026 0.192639187 -2.75090551 0.03 1.375452755
150016 280027 0.127683282 -2.73830962 0.03 1.36915481
150016 290028 0.0946458802 -2.72523975 0.03 1.362619875
150016 300029 0.0748408139 -2.7137115 0.03 1.35685575
150016 310030 0.0607222728 -2.70462656 0.03 1.35231328
150016 320031 0.0490056574 -2.6980834 0.03 1.3490417
150016 330032 0.0234650783 -2.69391131 0.03 1.346955655
150016 340033 0.00369969383 -2.67009068 0.03 1.33504534
150016 350034 0.00335822767 -2.6500895 0.03 1.32504475
150016 360035 0.00296833226 -2.63111043 0.03 1.315555215
160017 20001 0.00874724984 -8.42272663 0.03 4.211363315
160017 30002 0.0108001027 -13.836091 0.03 6.9180455
160017 40003 0.0135431783 -11.330718 0.03 5.665359
160017 50004 0.0172865167 -15.345418 0.03 7.672709
160017 60005 0.0225271787 -17.9529915 0.03 8.97649575
160017 70006 0.0300867315 -15.6429882 0.03 7.8214941
160017 80007 0.0413944982 -14.5413227 0.03 7.27066135
160017 90008 0.0590839945 -2.44341278 0.03 1.22170639
160017 100009 0.0884235203 1.98338926 0.03 0.99169463
160017 110010 0.14104262 -1.25303257 0.03 0.626516285
160017 120011 0.246447891 -2.37779021 0.03 1.188895105
160017 130012 0.494318545 -2.79404402 0.03 1.39702201
160017 140013 1.23923433 -2.94258332 0.03 1.47129166
160017 150014 4.79686022 -2.98910666 0.03 1.49455333
160017 190018 4.75157022 -2.99477482 0.03 1.49738741
160017 200019 1.22423828 -2.98176575 0.03 1.490882875
160017 210020 0.513523519 -2.96220446 0.03 1.48110223
160017 220021 0.280229181 -2.94202971 0.03 1.471014855
160017 230022 0.175907061 -2.92301846 0.03 1.46150923
160017 240023 0.119060576 -2.90479827 0.03 1.452399135
160017 250024 0.078741692 -2.88542914 0.03 1.44271457
160017 260025 0.051071927 -2.85812879 0.03 1.429064395
160017 270026 0.246491566 -2.83181667 0.03 1.415908335
160017 280027 0.16135028 -2.82077074 0.03 1.41038537
160017 290028 0.118237354 -2.80929828 0.03 1.40464914
160017 300029 0.0926429927 -2.79914641 0.03 1.399573205
160017 310030 0.074670285 -2.79113388 0.03 1.39556694
160017 320031 0.0600060411 -2.78540087 0.03 1.392700435
160017 330032 0.0286706835 -2.78184319 0.03 1.390921595
160017 340033 0.00448338874 -2.76219726 0.03 1.38109863
160017 350034 0.00404417701 -2.74560094 0.03 1.37280047
160017 360035 0.0035560478 -2.72985053 0.03 1.364925265
170018 20001 0.0077518574 -8.32292175 0.03 4.161460875
170018 30002 0.00945035648 -13.8692398 0.03 6.9346199
170018 40003 0.0116736945 -11.4650898 0.03 5.7325449
170018 50004 0.0146336462 -15.4733715 0.03 7.73668575
170018 60005 0.0186546128 -18.1570816 0.03 9.0785408
170018 70006 0.0242431667 -15.7995615 0.03 7.89978075
170018 80007 0.0322246179 -14.6091032 0.03 7.3045516
170018 90008 0.0440052859 -2.43985033 0.03 1.219925165
170018 100009 0.0621575415 2.46221304 0.03 1.23110652
170018 110010 0.0917734429 -0.881218195 0.03 0.4406090975
170018 120011 0.144181296 -2.14549136 0.03 1.07274568
170018 130012 0.248365179 -2.66581488 0.03 1.33290744
170018 140013 0.493100733 -2.8808651 0.03 1.44043255
170018 150014 1.23141372 -2.96456027 0.03 1.482280135
170018 160015 4.77677345 -2.99286962 0.03 1.49643481
170018 200019 4.7226243 -2.99587893 0.03 1.497939465
170018 210020 1.22651923 -2.98612976 0.03 1.49306488
170018 220021 0.522566795 -2.97261572 0.03 1.48630786
170018 230022 0.287723303 -2.95833039 0.03 1.479165195
170018 240023 0.1809154 -2.94424248 0.03 1.47212124
170018 250024 0.113919355 -2.92911363 0.03 1.464556815
170018 260025 0.0701943561 -2.90693235 0.03 1.453466175
170018 270026 0.323867321 -2.88397312 0.03 1.44198656
170018 280027 0.208700985 -2.87417483 0.03 1.437087415
170018 290028 0.150767908 -2.86395097 0.03 1.431975485
170018 300029 0.116803817 -2.85485101 0.03 1.427425505
170018 310030 0.0933845863 -2.847646 0.03 1.423823
170018 320031 0.0746591315 -2.84251666 0.03 1.42125833
170018 330032 0.0355814472 -2.83941293 0.03 1.419706465
170018 340033 0.00551280659 -2.82283998 0.03 1.41141999
170018 350034 0.00493823504 -2.80874991 0.03 1.404374955
170018 360035 0.00431749597 -2.79537702 0.03 1.39768851
180019 20001 0.00710945949 -8.24647999 0.03 4.123239995
180019 30002 0.0085838167 -13.8952341 0.03 6.94761705
180019 40003 0.0104842866 -11.5680494 0.03 5.7840247
180019 50004 0.0129682533 -15.5734949 0.03 7.78674745
180019 60005 0.0162677541 -18.3227844 0.03 9.1613922
180019 70006 0.020727342 -15.9387598 0.03 7.9693799
180019 80007 0.0268753543 -14.6902342 0.03 7.3451171
180019 90008 0.0355468169 -2.46859217 0.03 1.234296085
180019 100009 0.0481423661 2.81776237 0.03 1.408881185
180019 110010 0.0671622083 -0.57142055 0.03 0.285710275
180019 120011 0.0975686312 -1.92707872 0.03 0.96353936
180019 130012 0.150429979 -2.52616596 0.03 1.26308298
180019 140013 0.254132956 -2.79959226 0.03 1.39979613
180019 150014 0.495970935 -2.92303228 0.03 1.46151614
180019 160015 1.22575033 -2.97548485 0.03 1.487742425
180019 170016 4.75155401 -2.99477458 0.03 1.49738729
180019 210020 4.69890642 -2.99669909 0.03 1.498349545
180019 220021 1.22907948 -2.98933458 0.03 1.49466729
180019 230022 0.52940613 -2.97915483 0.03 1.489577415
180019 240023 0.293146908 -2.96816945 0.03 1.484084725
180019 250024 0.171982348 -2.95632315 0.03 1.478161575
180019 260025 0.0994545594 -2.93847179 0.03 1.469235895
180019 270026 0.43381229 -2.91844893 0.03 1.459224465
180019 280027 0.274146825 -2.90967131 0.03 1.454835655
180019 290028 0.194601104 -2.90043855 0.03 1.450219275
180019 300029 0.148699269 -2.89215016 0.03 1.44607508
180019 310030 0.11772605 -2.88555336 0.03 1.44277668
180019 320031 0.0935404971 -2.88087296 0.03 1.44043648
180019 330032 0.0444479175 -2.87810659 0.03 1.439053295
180019 340033 0.00681647472 -2.86382794 0.03 1.43191397
180019 350034 0.0060597891 -2.85161042 0.03 1.42580521
180019 360035 0.00526579702 -2.84001637 0.03 1.420008185
190020 20001 0.00654769549 -8.1890974 0.03 4.0945487
190020 30002 0.00784894731 -13.9151783 0.03 6.95758915
190020 40003 0.00950814784 -11.6448355 0.03 5.82241775
190020 50004 0.0116491951 -15.6493711 0.03 7.82468555
190020 60005 0.0144497734 -18.4516411 0.03 9.22582055
190020 70006 0.0181638505 -16.0550861 0.03 8.02754305
190020 80007 0.0231627095 -14.7723322 0.03 7.3861661
190020 90008 0.0299974568 -2.51700377 0.03 1.258501885
190020 100009 0.0395251848 3.04370117 0.03 1.521850585
190020 110010 0.0531380661 -0.354171842 0.03 0.177085921
190020 120011 0.0733328983 -1.75904238 0.03 0.87952119
190020 130012 0.105062135 -2.40590906 0.03 1.20295453
190020 140013 0.15927738 -2.71811414 0.03 1.35905707
190020 150014 0.263752341 -2.87156844 0.03 1.43578422
190020 160015 0.503830016 -2.94672632 0.03 1.47336316
190020 170016 1.22421491 -2.98176622 0.03 1.49088311
190020 180017 4.72260809 -2.99587941 0.03 1.497939705
190020 220021 4.67408943 -2.99741435 0.03 1.498707175
190020 230022 1.21794057 -2.99161029 0.03 1.495805145
190020 240023 0.523565531 -2.98342419 0.03 1.491712095
190020 250024 0.270959646 -2.97408533 0.03 1.487042665
190020 260025 0.143363521 -2.95984817 0.03 1.479924085
190020 270026 0.580105245 -2.94237018 0.03 1.47118509
190020 280027 0.357307553 -2.93441415 0.03 1.467207075
190020 290028 0.247955933 -2.92594934 0.03 1.46297467
190020 300029 0.186170086 -2.91826105 0.03 1.459130525
190020 310030 0.14557901 -2.91209507 0.03 1.456047535
190020 320031 0.114782825 -2.90772796 0.03 1.45386398
190020 330032 0.0543447956 -2.90520501 0.03 1.452602505
190020 340033 0.00823745504 -2.89264727 0.03 1.446323635
190020 350034 0.00726069743 -2.88183355 0.03 1.440916775
190020 360035 0.00626717974 -2.87157845 0.03 1.435789225
200021 20001 0.00581362331 -8.14193344 0.03 4.07096672
200021 30002 0.00692912471 -13.9307995 0.03 6.96539975
200021 40003 0.00834015757 -11.7057352 0.03 5.8528676
200021 50004 0.0101443799 -15.710597 0.03 7.8552985
200021 60005 0.0124792783 -18.5569477 0.03 9.27847385
200021 70006 0.0155362738 -16.1551762 0.03 8.0775881
200021 80007 0.0195860583 -14.8519402 0.03 7.4259701
200021 90008 0.0250126291 -2.57491565 0.03 1.287457825
200021 100009 0.0323805548 3.17691779 0.03 1.588458895
200021 110010 0.0425418988 -0.214535654 0.03 0.107267827
200021 120011 0.0569110289 -1.64467096 0.03 0.82233548
200021 130012 0.0780595466 -2.31885505 0.03 1.159427525
200021 140013 0.111067183 -2.65397191 0.03 1.326985955
200021 150014 0.166940212 -2.82544208 0.03 1.41272104
200021 160015 0.273168832 -2.91502929 0.03 1.457514645
200021 170016 0.513499796 -2.96220493 0.03 1.481102465
200021 180017 1.22650278 -2.98613167 0.03 1.493065835
200021 190018 4.69889879 -2.99669933 0.03 1.498349665
200021 230022 4.62454224 -2.99802804 0.03 1.49901402
200021 240023 1.18335533 -2.99342775 0.03 1.496713875
200021 250024 0.475549668 -2.9867053 0.03 1.49335265
200021 260025 0.2168632 -2.97596145 0.03 1.487980725
200021 270026 0.7826823 -2.96115518 0.03 1.48057759
200021 280027 0.464054227 -2.95401597 0.03 1.477007985
200021 290028 0.311651826 -2.94628263 0.03 1.473141315
200021 300029 0.228197739 -2.93913126 0.03 1.46956563
200021 310030 0.175342709 -2.93332338 0.03 1.46666169
200021 320031 0.136764124 -2.92920637 0.03 1.464603185
200021 330032 0.0644319206 -2.92688298 0.03 1.46344149
200021 340033 0.00962011889 -2.91579151 0.03 1.457895755
200021 350034 0.00838774256 -2.90616894 0.03 1.45308447
200021 360035 0.0071801492 -2.89705563 0.03 1.448527815
210022 20001 0.00497139292 -8.09625053 0.03 4.048125265
210022 30002 0.00589386746 -13.9439068 0.03 6.9719534
210022 40003 0.00705281598 -11.7612677 0.03 5.88063385
210022 50004 0.00852353219 -15.7676687 0.03 7.88383435
210022 60005 0.0104105985 -18.6549129 0.03 9.32745645
210022 70006 0.0128568104 -16.2508907 0.03 8.12544535
210022 80007 0.0160592142 -14.9327316 0.03 7.4663658
210022 90008 0.0202879962 -2.6389153 0.03 1.31945765
210022 100009 0.0259239953 3.26410484 0.03 1.63205242
210022 110010 0.0335103832 -0.115594856 0.03 0.057797428
210022 120011 0.0439000688 -1.56084192 0.03 0.78042096
210022 130012 0.058559306 -2.25339246 0.03 1.12669623
210022 140013 0.0801900923 -2.60435438 0.03 1.30217719
210022 150014 0.114065431 -2.78820276 0.03 1.39410138
210022 160015 0.171486497 -2.88726354 0.03 1.44363177
210022 170016 0.28020972 -2.94202566 0.03 1.47101283
210022 180017 0.522554517 -2.97261763 0.03 1.486308815
210022 190018 1.22907615 -2.98933506 0.03 1.49466753
210022 200019 4.67409277 -2.99741411 0.03 1.498707055
210022 240023 4.52369165 -2.99851799 0.03 1.499258995
210022 250024 1.09062421 -2.99497914 0.03 1.49748957
210022 260025 0.380294681 -2.98805809 0.03 1.494029045
210022 270026 1.13684928 -2.97660589 0.03 1.488302945
210022 280027 0.634831131 -2.97055936 0.03 1.48527968
210022 290028 0.405673951 -2.96381068 0.03 1.48190534
210022 300029 0.286126494 -2.95738196 0.03 1.47869098
210022 310030 0.214204744 -2.95204329 0.03 1.476021645
210022 320031 0.164432272 -2.94823241 0.03 1.474116205
210022 330032 0.0769123286 -2.94612885 0.03 1.473064425
210022 340033 0.0112460982 -2.93653941 0.03 1.468269705
210022 350034 0.00966031104 -2.92813015 0.03 1.464065075
210022 360035 0.00817797799 -2.92017531 0.03 1.460087655
220023 20001 0.0042430507 -8.04820728 0.03 4.02410364
220023 30002 0.00500327675 -13.9557304 0.03 6.9778652
220023 40003 0.00595219433 -11.816968 0.03 5.908484
220023 50004 0.00714789703 -15.826232 0.03 7.913116
220023 60005 0.00867018197 -18.7545242 0.03 9.3772621
220023 70006 0.0106262136 -16.3495445 0.03 8.17477225
220023 80007 0.0131608667 -15.0183468 0.03 7.5091734
220023 90008 0.0164670944 -2.70916009 0.03 1.354580045
220023 100009 0.0208071936 3.33024788 0.03 1.66512394
220023 110010 0.0265369881 -0.0347710699 0.03 0.01738553495
220023 120011 0.0341902003 -1.4904623 0.03 0.74523115
220023 130012 0.0446492322 -2.19740748 0.03 1.09870374
220023 140013 0.0594744831 -2.56122184 0.03 1.28061092
220023 150014 0.0815278143 -2.75529575 0.03 1.377647875
220023 160015 0.11638879 -2.86221004 0.03 1.43110502
220023 170016 0.175890446 -2.92300653 0.03 1.461503265
220023 180017 0.287713706 -2.95833111 0.03 1.479165555
220023 190018 0.529405296 -2.97915459 0.03 1.489577295
220023 200019 1.21794641 -2.99160933 0.03 1.495804665
220023 210020 4.62454844 -2.9980278 0.03 1.4990139
220023 250024 4.29457092 -2.99889874 0.03 1.49944937
220023 260025 0.883428156 -2.99553275 0.03 1.497766375
220023 270026 1.89944005 -2.98778057 0.03 1.493890285
220023 280027 0.966379225 -2.98309994 0.03 1.49154997
220023 290028 0.574654043 -2.97764707 0.03 1.488823535
220023 300029 0.384603024 -2.97222757 0.03 1.486113785
220023 310030 0.277709454 -2.96757007 0.03 1.483785035
220023 320031 0.208530396 -2.96418977 0.03 1.482094885
220023 330032 0.0965891108 -2.96235466 0.03 1.48117733
220023 340033 0.0137446858 -2.9543519 0.03 1.47717595
220023 350034 0.0115796644 -2.94721723 0.03 1.473608615
220023 360035 0.00966403075 -2.94046187 0.03 1.470230935
230024 20001 0.00364324893 -7.99941206 0.03 3.99970603
230024 30002 0.00427298481 -13.966815 0.03 6.9834075
230024 40003 0.0050541102 -11.8725777 0.03 5.93628885
230024 50004 0.00603178656 -15.8859529 0.03 7.94297645
230024 60005 0.00726745604 -18.8559723 0.03 9.42798615
230024 70006 0.00884242915 -16.4517059 0.03 8.22585295
230024 80007 0.0108646471 -15.1092615 0.03 7.55463075
230024 90008 0.013474145 -2.78594637 0.03 1.392973185
230024 100009 0.0168550834 3.38068199 0.03 1.690340995
230024 110010 0.0212456509 0.0329186842 0.03 0.0164593421
230024 120011 0.0269885603 -1.42958379 0.03 0.714791895
230024 130012 0.0346337073 -2.147892 0.03 1.073946
230024 140013 0.0451292098 -2.52228355 0.03 1.261141775
230024 150014 0.0601498932 -2.72496557 0.03 1.362482785
230024 160015 0.0827849135 -2.83864927 0.03 1.419324635
230024 170016 0.119045518 -2.90478015 0.03 1.452390075
230024 180017 0.18090719 -2.94424272 0.03 1.47212136
230024 190018 0.293147266 -2.96816874 0.03 1.48408437
230024 200019 0.523572445 -2.98342204 0.03 1.49171102
230024 210020 1.18336236 -2.99342656 0.03 1.49671328
230024 220021 4.52369452 -2.99851775 0.03 1.499258875
230024 260025 3.55425549 -2.9990294 0.03 1.4995147
230024 270026 3.80048418 -2.9946382 0.03 1.4973191
230024 280027 1.6394242 -2.99124265 0.03 1.495621325
230024 290028 0.871655822 -2.98702788 0.03 1.49351394
230024 300029 0.541576147 -2.98261881 0.03 1.491309405
230024 310030 0.372404963 -2.97866821 0.03 1.489334105
230024 320031 0.271603465 -2.97573233 0.03 1.487866165
230024 330032 0.124230549 -2.9741559 0.03 1.48707795
230024 340033 0.0171136167 -2.9675703 0.03 1.48378515
230024 350034 0.0140870595 -2.96156693 0.03 1.480783465
230024 360035 0.0115611637 -2.95586181 0.03 1.477930905
240025 20001 0.00298880041 -7.94474459 0.03 3.972372295
240025 30002 0.00348507147 -13.9775352 0.03 6.9887676
240025 40003 0.00409651641 -11.9327154 0.03 5.9663577
240025 50004 0.00485637831 -15.9520988 0.03 7.9760494
240025 60005 0.00580946961 -18.9692364 0.03 9.4846182
240025 70006 0.00701422244 -16.5679569 0.03 8.28397845
240025 80007 0.00854682177 -15.2152843 0.03 7.60764215
240025 90008 0.0105034951 -2.87792206 0.03 1.43896103
240025 100009 0.0130065661 3.42135072 0.03 1.71067536
240025 110010 0.0162062924 0.0951601267 0.03 0.04758006335
240025 120011 0.0203098301 -1.37144303 0.03 0.685721515
240025 130012 0.0256415028 -2.09945893 0.03 1.049729465
240025 140013 0.0327527486 -2.48338389 0.03 1.241691945
240025 150014 0.042595759 -2.69400334 0.03 1.34700167
240025 160015 0.0568700172 -2.8140645 0.03 1.40703225
240025 170016 0.0787325725 -2.88540077 0.03 1.442700385
240025 180017 0.113916978 -2.9291122 0.03 1.4645561
240025 190018 0.171988383 -2.95632148 0.03 1.47816074
240025 200019 0.270972043 -2.97408104 0.03 1.48704052
240025 210020 0.475562215 -2.9867022 0.03 1.4933511
240025 220021 1.0906328 -2.99497819 0.03 1.497489095
240025 230022 4.2945776 -2.99889851 0.03 1.499449255
240025 270026 11.8048182 -2.99854994 0.03 1.49927497
240025 280027 3.52030277 -2.9965694 0.03 1.4982847
240025 290028 1.51068318 -2.99369478 0.03 1.49684739
240025 300029 0.823705018 -2.99036121 0.03 1.495180605
240025 310030 0.522251546 -2.98715782 0.03 1.49357891
240025 320031 0.363527924 -2.98468232 0.03 1.49234116
240025 330032 0.163085312 -2.98336148 0.03 1.49168074
240025 340033 0.0214607101 -2.97810364 0.03 1.48905182
240025 350034 0.0170938149 -2.97314382 0.03 1.48657191
240025 360035 0.0137063591 -2.96839237 0.03 1.484196185
250026 20001 0.00249359291 -7.87909889 0.03 3.939549445
250026 30002 0.00288744015 -13.9899778 0.03 6.9949889
250026 40003 0.0033686955 -12.0055647 0.03 6.00278235
250026 50004 0.00396154728 -16.0336876 0.03 8.0168438
250026 60005 0.00469823601 -19.1097775 0.03 9.55488875
250026 70006 0.00562001346 -16.7145195 0.03 8.35725975
250026 80007 0.00677942717 -15.3516331 0.03 7.67581655
250026 90008 0.00824051164 -2.99878764 0.03 1.49939382
250026 100009 0.0100809112 3.46256232 0.03 1.73128116
250026 110010 0.0123888515 0.166188076 0.03 0.083094038
250026 120011 0.0152782882 -1.30250764 0.03 0.65125382
250026 130012 0.0189223066 -2.04031348 0.03 1.02015674
250026 140013 0.0236133114 -2.43443704 0.03 1.21721852
250026 150014 0.0298470818 -2.65371442 0.03 1.32685721
250026 160015 0.0384834036 -2.78083014 0.03 1.39041507
250026 170016 0.0510642938 -2.85809684 0.03 1.42904842
250026 180017 0.0701932535 -2.9069376 0.03 1.4534688
250026 190018 0.0994616151 -2.93847537 0.03 1.469237685
250026 200019 0.143376738 -2.95984507 0.03 1.479922535
250026 210020 0.216876447 -2.97595716 0.03 1.48797858
250026 220021 0.380303979 -2.98805618 0.03 1.49402809
250026 230022 0.883435309 -2.99553251 0.03 1.497766255
250026 240023 3.55426168 -2.9990294 0.03 1.4995147
250026 280027 11.1499214 -2.99906921 0.03 1.499534605
250026 290028 3.25033069 -2.99747777 0.03 1.498738885
250026 300029 1.45248711 -2.99528837 0.03 1.497644185
250026 310030 0.818815231 -2.9929316 0.03 1.4964658
250026 320031 0.533722043 -2.99098921 0.03 1.495494605
250026 330032 0.233211532 -2.98994637 0.03 1.494973185
250026 340033 0.0290124267 -2.98597383 0.03 1.492986915
250026 350034 0.0221751221 -2.98204112 0.03 1.49102056
250026 360035 0.0172698423 -2.97820592 0.03 1.48910296
260027 20001 0.0145216733 -7.85346413 0.03 3.926732065
260027 30002 0.0167299695 -14.0150156 0.03 7.0075078
260027 40003 0.0194161013 -12.0696754 0.03 6.0348377
260027 50004 0.0227080453 -16.1002846 0.03 8.0501423
260027 60005 0.0267747156 -19.2100277 0.03 9.60501385
260027 70006 0.031828776 -16.814909 0.03 8.4074545
260027 80007 0.0381356776 -15.4433718 0.03 7.7216859
260027 90008 0.0460085981 -3.07942319 0.03 1.539711595
260027 100009 0.0558103845 3.49488616 0.03 1.74744308
260027 110010 0.0679202527 0.22052975 0.03 0.110264875
260027 120011 0.0827910081 -1.24877012 0.03 0.62438506
260027 130012 0.101086624 -1.99290955 0.03 0.996454775
260027 140013 0.123927854 -2.39383531 0.03 1.196917655
260027 150014 0.153184593 -2.61888266 0.03 1.30944133
260027 160015 0.192005754 -2.75062847 0.03 1.375314235
260027 170016 0.245847911 -2.83174968 0.03 1.41587484
260027 180017 0.323216796 -2.88397622 0.03 1.44198811
260027 190018 0.43315807 -2.91846538 0.03 1.45923269
260027 200019 0.579446912 -2.94238472 0.03 1.47119236
260027 210020 0.782015502 -2.96116805 0.03 1.480584025
260027 220021 1.13617194 -2.97661614 0.03 1.48830807
260027 230022 1.89875567 -2.98778605 0.03 1.493893025
260027 240023 3.79979563 -2.99464011 0.03 1.497320055
260027 250024 11.804122 -2.99855018 0.03 1.49927509
260027 290028 59.8476639 -2.99917436 0.03 1.49958718
260027 300029 18.1615944 -2.99772382 0.03 1.49886191
260027 310030 8.54329395 -2.99590039 0.03 1.497950195
260027 320031 5.08028078 -2.99426365 0.03 1.497131825
260027 330032 2.14543724 -2.99337077 0.03 1.496685385
260027 340033 0.251333684 -2.99011111 0.03 1.495055555
260027 350034 0.183829933 -2.98669839 0.03 1.493349195
260027 360035 0.138850942 -2.98327851 0.03 1.491639255
270028 20001 0.0102763707 -7.82131624 0.03 3.91065812
270028 30002 0.0118020866 -14.0137615 0.03 7.00688075
270028 40003 0.0136523992 -12.0955925 0.03 6.04779625
270028 50004 0.0159132108 -16.1304359 0.03 8.06521795
270028 60005 0.0186976828 -19.2562542 0.03 9.6281271
270028 70006 0.0221476387 -16.857626 0.03 8.428813
270028 80007 0.0264391582 -15.4781647 0.03 7.73908235
270028 90008 0.0317779519 -3.10539579 0.03 1.552697895
270028 100009 0.0383988805 3.51989508 0.03 1.75994754
270028 110010 0.046539586 0.250886559 0.03 0.1254432795
270028 120011 0.056474071 -1.22204196 0.03 0.61102098
270028 130012 0.0685967728 -1.97095716 0.03 0.98547858
270028 140013 0.0835729539 -2.375911 0.03 1.1879555
270028 150014 0.102505215 -2.60394979 0.03 1.301974895
270028 160015 0.127228945 -2.73784351 0.03 1.368921755
270028 170016 0.160888478 -2.82056761 0.03 1.410283805
270028 180017 0.208234563 -2.8740766 0.03 1.4370383
270028 190018 0.273678422 -2.90961003 0.03 1.454805015
270028 200019 0.356836349 -2.93436813 0.03 1.467184065
270028 210020 0.463575631 -2.95398331 0.03 1.476991655
270028 220021 0.634342611 -2.97053862 0.03 1.48526931
270028 230022 0.965883851 -2.98308659 0.03 1.491543295
270028 240023 1.63892424 -2.99123335 0.03 1.495616675
270028 250024 3.51979518 -2.99656415 0.03 1.498282075
270028 260025 11.1494122 -2.99906731 0.03 1.499533655
270028 300029 51.2317085 -2.99942732 0.03 1.49971366
270028 310030 14.8897686 -2.99832988 0.03 1.49916494
270028 320031 7.10204315 -2.99708557 0.03 1.498542785
270028 330032 2.77273798 -2.99635625 0.03 1.498178125
270028 340033 0.291115671 -2.99392939 0.03 1.496964695
270028 350034 0.196636975 -2.99115181 0.03 1.495575905
270028 360035 0.140762344 -2.98825598 0.03 1.49412799
280029 20001 0.00813827198 -7.78554296 0.03 3.89277148
280029 30002 0.00931418221 -14.0115843 0.03 7.00579215
280029 40003 0.0107356971 -12.1235619 0.03 6.06178095
280029 50004 0.0124670407 -16.1632404 0.03 8.0816202
280029 60005 0.0145926941 -19.3056831 0.03 9.65284155
280029 70006 0.0172181018 -16.9024334 0.03 8.4512167
280029 80007 0.0204735529 -15.5137548 0.03 7.7568774
280029 90008 0.024509903 -3.1308527 0.03 1.56542635
280029 100009 0.0294970218 3.54789686 0.03 1.77394843
280029 110010 0.0356012508 0.283806026 0.03 0.141903013
280029 120011 0.043007344 -1.19347787 0.03 0.596738935
280029 130012 0.0519760065 -1.94774187 0.03 0.973870935
280029 140013 0.0629474744 -2.35710597 0.03 1.178552985
280029 150014 0.0766478106 -2.58836794 0.03 1.29418397
280029 160015 0.0942739323 -2.7245357 0.03 1.36226785
280029 170016 0.117858648 -2.80891752 0.03 1.40445876
280029 180017 0.150385007 -2.86371517 0.03 1.431857585
280029 190018 0.194216341 -2.90026784 0.03 1.45013392
280029 200019 0.247568369 -2.92581415 0.03 1.462907075
280029 210020 0.311256826 -2.9461782 0.03 1.4730891
280029 220021 0.405268908 -2.96373558 0.03 1.48186779
280029 230022 0.574241757 -2.97759557 0.03 1.488797785
280029 240023 0.871238232 -2.98699284 0.03 1.49349642
280029 250024 1.51025701 -2.9936738 0.03 1.4968369
280029 260025 3.24990153 -2.99746704 0.03 1.49873352
280029 270026 59.8479271 -2.99917293 0.03 1.499586465
280029 310030 50.7175026 -2.99961066 0.03 1.49980533
280029 320031 15.2565489 -2.99892235 0.03 1.499461175
280029 330032 5.11499357 -2.99843073 0.03 1.499215365
280029 340033 0.457244933 -2.99692583 0.03 1.498462915
280029 350034 0.274235785 -2.9949491 0.03 1.49747455
280029 360035 0.180953309 -2.99272156 0.03 1.49636078
290030 20001 0.00681149354 -7.75335693 0.03 3.876678465
290030 30002 0.00777134532 -14.0093822 0.03 7.0046911
290030 40003 0.00892836042 -12.1486139 0.03 6.07430695
290030 50004 0.0103335707 -16.1928158 0.03 8.0964079
290030 60005 0.0120540336 -19.350029 0.03 9.6750145
290030 70006 0.0141731659 -16.9424953 0.03 8.47124765
290030 80007 0.016793659 -15.5454283 0.03 7.77271415
290030 90008 0.0200335346 -3.15325308 0.03 1.57662654
290030 100009 0.0240241922 3.57289577 0.03 1.786447885
290030 110010 0.0288906209 0.313095689 0.03 0.1565478445
290030 120011 0.0347669348 -1.16812384 0.03 0.58406192
290030 130012 0.0418389179 -1.92717862 0.03 0.96358931
290030 140013 0.0504212938 -2.34047318 0.03 1.17023659
290030 150014 0.0610319339 -2.57459092 0.03 1.28729546
290030 160015 0.0745188296 -2.71275544 0.03 1.35637772
290030 170016 0.0923145562 -2.79857135 0.03 1.399285675
290030 180017 0.116471305 -2.85446048 0.03 1.42723024
290030 190018 0.148364827 -2.89185238 0.03 1.44592619
290030 200019 0.185832739 -2.91801882 0.03 1.45900941
290030 210020 0.227852941 -2.93893647 0.03 1.469468235
290030 220021 0.285771638 -2.95723414 0.03 1.47861707
290030 230022 0.384240657 -2.97212076 0.03 1.48606038
290030 240023 0.541208088 -2.98254204 0.03 1.49127102
290030 250024 0.823327839 -2.99031067 0.03 1.495155335
290030 260025 1.45210624 -2.99525833 0.03 1.497629165
290030 270026 18.1618958 -2.99771738 0.03 1.49885869
290030 280027 51.2318306 -2.99942613 0.03 1.499713065
290030 320031 53.0708313 -2.99974012 0.03 1.49987006
290030 330032 12.5721073 -2.99946427 0.03 1.499732135
290030 340033 0.891825378 -2.99867558 0.03 1.49933779
290030 350034 0.454234779 -2.99743557 0.03 1.498717785
290030 360035 0.268363446 -2.9958694 0.03 1.4979347
300031 20001 0.00577536505 -7.72733259 0.03 3.863666295
300031 30002 0.00657253154 -14.007432 0.03 7.003716
300031 40003 0.00753126293 -12.1687622 0.03 6.0843811
300031 50004 0.00869304873 -16.2167339 0.03 8.10836695
300031 60005 0.0101123787 -19.3857651 0.03 9.69288255
300031 70006 0.0118568698 -16.9747143 0.03 8.48735715
300031 80007 0.0140095409 -15.5708408 0.03 7.7854204
300031 90008 0.0166652948 -3.17109323 0.03 1.585546615
300031 100009 0.0199288987 3.59277534 0.03 1.79638767
300031 110010 0.0238977708 0.336372912 0.03 0.168186456
300031 120011 0.0286735296 -1.14800453 0.03 0.574002265
300031 130012 0.034394823 -1.9108882 0.03 0.9554441
300031 140013 0.0412974879 -2.32731485 0.03 1.163657425
300031 150014 0.0497694463 -2.56369901 0.03 1.281849505
300031 160015 0.0604434013 -2.703439 0.03 1.3517195
300031 170016 0.0743855312 -2.79037523 0.03 1.395187615
300031 180017 0.0930961519 -2.84710431 0.03 1.423552155
300031 190018 0.117435917 -2.88512802 0.03 1.44256401
300031 200019 0.145286158 -2.91174245 0.03 1.455871225
300031 210020 0.175042763 -2.93303275 0.03 1.466516375
300031 220021 0.213895097 -2.95181489 0.03 1.475907445
300031 230022 0.277392536 -2.96739841 0.03 1.483699205
300031 240023 0.372082323 -2.97853994 0.03 1.48926997
300031 250024 0.521919787 -2.98706698 0.03 1.49353349
300031 260025 0.818479598 -2.992872 0.03 1.496436
300031 270026 8.54362869 -2.99588466 0.03 1.49794233
300031 280027 14.889925 -2.99832439 0.03 1.499162195
300031 290028 50.7175865 -2.99960971 0.03 1.499804855
300031 330032 48.4827042 -2.99988198 0.03 1.49994099
300031 340033 2.25373626 -2.99955416 0.03 1.49977708
300031 350034 0.90082109 -2.99889898 0.03 1.49944949
300031 360035 0.455272496 -2.99792552 0.03 1.49896276
310032 20001 0.00481189508 -7.70679188 0.03 3.85339594
310032 30002 0.005465216 -14.0055199 0.03 7.00275995
310032 40003 0.00624961918 -12.1841173 0.03 6.09205865
310032 50004 0.00719858985 -16.2350807 0.03 8.11754035
310032 60005 0.00835609809 -19.4129448 0.03 9.7064724
310032 70006 0.00977662392 -16.9989395 0.03 8.49946975
310032 80007 0.0115269581 -15.5896587 0.03 7.79482935
310032 90008 0.0136831952 -3.18392849 0.03 1.591964245
310032 100009 0.0163288955 3.60796928 0.03 1.80398464
310032 110010 0.0195405781 0.353870511 0.03 0.1769352555
310032 120011 0.0233964976 -1.13303363 0.03 0.566516815
310032 130012 0.0280022603 -1.89887428 0.03 0.94943714
310032 140013 0.0335381329 -2.31769037 0.03 1.158845185
310032 150014 0.0403007828 -2.5557909 0.03 1.27789545
310032 160015 0.048773203 -2.69671822 0.03 1.34835911
310032 170016 0.0597686917 -2.7844944 0.03 1.3922472
310032 180017 0.0744189098 -2.8418479 0.03 1.42092395
310032 190018 0.093299225 -2.88033581 0.03 1.440167905
310032 200019 0.114539467 -2.90727544 0.03 1.45363772
310032 210020 0.13651444 -2.92882657 0.03 1.464413285
310032 220021 0.164173707 -2.94792628 0.03 1.47396314
310032 230022 0.20826517 -2.96395373 0.03 1.481976865
310032 240023 0.27133292 -2.97555089 0.03 1.487775445
310032 250024 0.363248676 -2.98454809 0.03 1.492274045
310032 260025 0.53343904 -2.99089599 0.03 1.495447995
310032 270026 5.08065224 -2.99423528 0.03 1.49711764
310032 280027 7.10224152 -2.99707294 0.03 1.49853647
310032 290028 15.2566767 -2.99891853 0.03 1.499459265
310032 300029 53.0709152 -2.99973941 0.03 1.499869705
310032 340033 8.86824131 -2.99990535 0.03 1.499952675
310032 350034 2.29978991 -2.99963951 0.03 1.499819755
310032 360035 0.921779513 -2.99914312 0.03 1.49957156
320033 20001 0.00235796534 -7.68894053 0.03 3.844470265
320033 30002 0.00267432467 -14.0015812 0.03 7.0007906
320033 40003 0.00305357506 -12.1934175 0.03 6.09670875
320033 50004 0.00351172872 -16.2473221 0.03 8.12366105
320033 60005 0.00406981912 -19.4328575 0.03 9.71642875
320033 70006 0.0047538965 -17.0173435 0.03 8.50867175
320033 80007 0.00559588568 -15.6043262 0.03 7.8021631
320033 90008 0.0066321129 -3.19418311 0.03 1.597091555
320033 100009 0.00790238287 3.61844254 0.03 1.80922127
320033 110010 0.00944286305 0.365905255 0.03 0.1829526275
320033 120011 0.0112901516 -1.12292469 0.03 0.561462345
320033 130012 0.0134933237 -1.89094079 0.03 0.945470395
320033 140013 0.0161363129 -2.31147909 0.03 1.155739545
320033 150014 0.0193573516 -2.55079532 0.03 1.27539766
320033 160015 0.0233814139 -2.69255209 0.03 1.346276045
320033 170016 0.0285874978 -2.7809093 0.03 1.39045465
320033 180017 0.0355003998 -2.83869267 0.03 1.419346335
320033 190018 0.0443704873 -2.87750316 0.03 1.43875158
320033 200019 0.0542697161 -2.90467787 0.03 1.452338935
320033 210020 0.0643548891 -2.92642593 0.03 1.463212965
320033 220021 0.0768306851 -2.94574928 0.03 1.47287464
320033 230022 0.0965047032 -2.96205401 0.03 1.481027005
320033 240023 0.124144293 -2.97392035 0.03 1.486960175
320033 250024 0.162993565 -2.98318362 0.03 1.49159181
320033 260025 0.233118653 -2.98982 0.03 1.49491
320033 270026 2.14597726 -2.99332786 0.03 1.49666393
320033 280027 2.7731173 -2.99633479 0.03 1.498167395
320033 290028 5.11530781 -2.99842286 0.03 1.49921143
320033 300029 12.5723839 -2.99946213 0.03 1.499731065
320033 310030 48.4829445 -2.99988174 0.03 1.49994087
320033 350034 4.89821053 -2.99991727 0.03 1.499958635
320033 360035 1.29483354 -2.99970198 0.03 1.49985099
330034 20001 0.000425540813 -7.57127333 0.03 3.785636665
330034 30002 0.000478858099 -13.963891 0.03 6.9819455
330034 40003 0.000542084221 -12.2347107 0.03 6.11735535
330034 50004 0.000617696322 -16.3099136 0.03 8.1549568
330034 60005 0.000708968262 -19.5464859 0.03 9.77324295
330034 70006 0.000819956826 -17.1261425 0.03 8.56307125
330034 80007 0.000955649186 -15.6929245 0.03 7.84646225
330034 90008 0.00112171541 -3.25690556 0.03 1.62845278
330034 100009 0.00132435188 3.68032956 0.03 1.84016478
330034 110010 0.00156903313 0.436172664 0.03 0.218086332
330034 120011 0.00186107215 -1.06497109 0.03 0.532485545
330034 130012 0.00220736745 -1.84644616 0.03 0.92322308
330034 140013 0.00261979317 -2.27746463 0.03 1.138732315
330034 150014 0.00311800232 -2.52407503 0.03 1.262037515
330034 160015 0.00373408757 -2.67074633 0.03 1.335373165
330034 170016 0.00452254713 -2.7625165 0.03 1.38125825
330034 180017 0.00555808097 -2.82281923 0.03 1.411409615
330034 190018 0.00686904136 -2.86354375 0.03 1.431771875
330034 200019 0.00829587225 -2.89218211 0.03 1.446091055
330034 210020 0.00968005881 -2.91521883 0.03 1.457609415
330034 220021 0.0113048451 -2.93593812 0.03 1.46796906
330034 230022 0.0138037801 -2.95379329 0.03 1.476896645
330034 240023 0.0171736274 -2.96707964 0.03 1.48353982
330034 250024 0.0215178542 -2.97769308 0.03 1.48884654
330034 260025 0.0290705357 -2.98565793 0.03 1.492828965
330034 270026 0.252000809 -2.9899981 0.03 1.49499905
330034 280027 0.291633964 -2.99386764 0.03 1.49693382
330034 290028 0.457704186 -2.99690104 0.03 1.49845052
330034 300029 0.892249942 -2.99866843 0.03 1.499334215
330034 310030 2.25412512 -2.99955297 0.03 1.499776485
330034 320031 8.86858463 -2.99990535 0.03 1.499952675
330034 360035 4.50971174 -2.99998546 0.03 1.49999273
340035 20001 0.00042084977 -7.49651718 0.03 3.74825859
340035 30002 0.000470398867 -13.9488869 0.03 6.97444345
340035 40003 0.000528821372 -12.2791719 0.03 6.13958595
340035 50004 0.000598315732 -16.3662643 0.03 8.18313215
340035 60005 0.000681800826 -19.629261 0.03 9.8146305
340035 70006 0.000782895251 -17.1961365 0.03 8.59806825
340035 80007 0.000906060101 -15.7422953 0.03 7.87114765
340035 90008 0.00105637137 -3.28328395 0.03 1.641641975
340035 100009 0.00123937731 3.74010181 0.03 1.870050905
340035 110010 0.00145990367 0.498509586 0.03 0.249254793
340035 120011 0.0017225045 -1.01438701 0.03 0.507193505
340035 130012 0.002032927 -1.80771136 0.03 0.90385568
340035 140013 0.00240105833 -2.24783635 0.03 1.123918175
340035 150014 0.00284328964 -2.50082016 0.03 1.25041008
340035 160015 0.00338646048 -2.65184522 0.03 1.32592261
340035 170016 0.00407648226 -2.74667263 0.03 1.373336315
340035 180017 0.00497588422 -2.80922914 0.03 1.40461457
340035 190018 0.00610388489 -2.85164475 0.03 1.425822375
340035 200019 0.00730986474 -2.88155651 0.03 1.440778255
340035 210020 0.00843788311 -2.90568399 0.03 1.452841995
340035 220021 0.00970886182 -2.92753649 0.03 1.463768245
340035 230022 0.0116280997 -2.94661117 0.03 1.473305585
340035 240023 0.0141358683 -2.96099353 0.03 1.480496765
340035 250024 0.0171393435 -2.97262549 0.03 1.486312745
340035 260025 0.0222210363 -2.98161173 0.03 1.490805865
340035 270026 0.184463739 -2.9865849 0.03 1.49329245
340035 280027 0.197127581 -2.99108553 0.03 1.495542765
340035 290028 0.274669677 -2.99492121 0.03 1.497460605
340035 300029 0.454635203 -2.99742794 0.03 1.49871397
340035 310030 0.901186645 -2.99889898 0.03 1.49944949
340035 320031 2.30011153 -2.9996407 0.03 1.49982035
340035 330032 4.89834404 -2.99991775 0.03 1.499958875
350036 20001 0.000401769561 -7.43069029 0.03 3.715345145
350036 30002 0.00044646248 -13.9344854 0.03 6.9672427
350036 40003 0.000498873123 -12.3171434 0.03 6.1585717
350036 50004 0.000560899149 -16.4156151 0.03 8.20780755
350036 60005 0.000635072996 -19.7035198 0.03 9.8517599
350036 70006 0.000724537531 -17.2601128 0.03 8.6300564
350036 80007 0.000833181373 -15.7883558 0.03 7.8941779
350036 90008 0.000965437095 -3.30862403 0.03 1.654312015
350036 100009 0.00112616003 3.79444242 0.03 1.89722121
350036 110010 0.00131952378 0.555829048 0.03 0.277914524
350036 120011 0.0015493778 -0.96760416 0.03 0.48380208
350036 130012 0.00182044727 -1.77176058 0.03 0.88588029
350036 140013 0.00214084284 -2.22027254 0.03 1.11013627
350036 150014 0.00252403342 -2.47914147 0.03 1.239570735
350036 160015 0.00299215433 -2.63418698 0.03 1.31709349
350036 170016 0.00358338305 -2.73183537 0.03 1.365917685
350036 180017 0.00434953766 -2.79647183 0.03 1.398235915
350036 190018 0.00530357659 -2.84045243 0.03 1.420226215
350036 200019 0.0063093896 -2.87154937 0.03 1.435774685
350036 210020 0.00722292066 -2.89669991 0.03 1.448349955
350036 220021 0.00821889751 -2.91961646 0.03 1.45980823
350036 230022 0.00970450509 -2.93982363 0.03 1.469911815
350036 240023 0.0116016045 -2.95521212 0.03 1.47760606
350036 250024 0.0137432469 -2.96776414 0.03 1.48388207
350036 260025 0.0173066743 -2.97765422 0.03 1.48882711
350036 270026 0.139453903 -2.98317862 0.03 1.49158931
350036 280027 0.141228005 -2.98819685 0.03 1.494098425
350036 290028 0.181364834 -2.99269867 0.03 1.496349335
350036 300029 0.26874283 -2.99586678 0.03 1.49793339
350036 310030 0.455618054 -2.99793053 0.03 1.498965265
350036 320031 0.922082245 -2.99914813 0.03 1.499574065
350036 330032 1.29495132 -2.99970388 0.03 1.49985194
350036 340033 4.50968218 -2.99998522 0.03 1.49999261
2.0 1.0
