         316
       10003       90007  0.62851942               1
       10003      100008  0.36629158               1
       10003      110009  0.21874560               1
       10003      120010  0.12488054               1
       10003      130011  5.71195595E-02           1
       10003      140012  2.00635158E-02           1
       10003      150013  2.53776126E-02           1
       10003      160014  4.86503392E-02           1
       10003      170015  6.68878108E-02           1
       10003      180016  7.90718645E-02           1
       10003      190017  8.49636197E-02           1
       10003      200018  8.52342919E-02           1
       10003      210019  8.10885131E-02           1
       10003      220020  7.45281205E-02           1
       10003      230021  3.57736871E-02           1
       10003      290027  2.78616529E-02           1
       10003      300028  4.13944237E-02           1
       10003      310029  5.82374148E-02           1
       10003      320030  7.45189339E-02           1
       10003      330031  8.63068029E-02           1
       10003      340032  9.06216055E-02           1
       20004      100008  0.61313158               1
       20004      110009  0.34448501               1
       20004      120010  0.18937477               1
       20004      130011  8.48370939E-02           1
       20004      140012  2.92954072E-02           1
       20004      150013  3.65133025E-02           1
       20004      160014  6.94095045E-02           1
       20004      170015  9.37558934E-02           1
       20004      180016  0.10831021               1
       20004      190017  0.11339387               1
       20004      200018  0.11067543               1
       20004      210019  0.10239980               1
       20004      220020  9.15307850E-02           1
       20004      230021  4.38213833E-02           1
       20004      270025  2.46924311E-02           1
       20004      280026  3.42200212E-02           1
       20004      290027  4.56321649E-02           1
       20004      300028  5.99310584E-02           1
       20004      310029  7.49866962E-02           1
       20004      320030  8.64705443E-02           1
       20004      330031  9.09714326E-02           1
       20004      340032  8.69190022E-02           1
       30005      110009  0.58393079               1
       30005      120010  0.30389336               1
       30005      130011  0.13219596               1
       30005      140012  4.48331535E-02           1
       30005      150013  5.49579747E-02           1
       30005      160014  0.10286915               1
       30005      170015  0.13552588               1
       30005      180016  0.15179694               1
       30005      190017  0.15364449               1
       30005      200018  0.14487396               1
       30005      210019  0.12957528               1
       30005      220020  0.11207408               1
       30005      230021  5.34326509E-02           1
       30005      260024  2.76429467E-02           1
       30005      270025  4.04063761E-02           1
       30005      280026  5.31569757E-02           1
       30005      290027  6.56672269E-02           1
       30005      300028  7.79764727E-02           1
       30005      310029  8.77269208E-02           1
       30005      320030  9.13655981E-02           1
       30005      330031  8.72239470E-02           1
       30005      340032  7.56948739E-02           1
       40006      120010  0.52511382               1
       40006      130011  0.21869348               1
       40006      140012  7.23700672E-02           1
       40006      150013  8.67635757E-02           1
       40006      160014  0.15887669               1
       40006      170015  0.20233402               1
       40006      180016  0.21753015               1
       40006      190017  0.21082301               1
       40006      200018  0.19046122               1
       40006      210019  0.16360953               1
       40006      220020  0.13627249               1
       40006      230021  6.45599142E-02           1
       40006      250023  2.58931126E-02           1
       40006      260024  4.21441235E-02           1
       40006      270025  5.89627288E-02           1
       40006      280026  7.37616643E-02           1
       40006      290027  8.49833488E-02           1
       40006      300028  9.21341181E-02           1
       40006      310029  9.37462822E-02           1
       40006      320030  8.82960632E-02           1
       40006      330031  7.64046088E-02           1
       40006      340032  6.00087531E-02           1
       50007      130011  0.39155281               1
       50007      140012  0.12517175               1
       50007      150013  0.14553806               1
       50007      160014  0.25775167               1
       50007      170015  0.31283656               1
       50007      180016  0.31799877               1
       50007      190017  0.29109329               1
       50007      200018  0.24922645               1
       50007      210019  0.20402899               1
       50007      220020  0.16281855               1
       50007      230021  7.64489844E-02           1
       50007      250023  3.73411998E-02           1
       50007      260024  5.82855307E-02           1
       50007      270025  7.79542178E-02           1
       50007      280026  9.25351530E-02           1
       50007      290027  9.96238813E-02           1
       50007      300028  9.91659239E-02           1
       50007      310029  9.16972533E-02           1
       50007      320030  7.82683715E-02           1
       50007      330031  6.13240041E-02           1
       50007      340032  4.32823710E-02           1
       60008      130011  0.78825969               1
       60008      140012  0.23943388               1
       60008      150013  0.26676500               1
       60008      160014  0.44730571               1
       60008      170015  0.50544959               1
       60008      180016  0.47459087               1
       60008      190017  0.40228844               1
       60008      200018  0.32163325               1
       60008      210019  0.24848957               1
       60008      220020  0.18887179               1
       60008      230021  8.76326859E-02           1
       60008      240022  2.43450440E-02           1
       60008      250023  4.94097061E-02           1
       60008      260024  7.38795996E-02           1
       60008      270025  9.41188335E-02           1
       60008      280026  0.10570340               1
       60008      290027  0.10644951               1
       60008      300028  9.77661833E-02           1
       60008      310029  8.25995132E-02           1
       60008      320030  6.40739724E-02           1
       60008      330031  4.53334488E-02           1
       60008      340032  2.82772295E-02           1
       70009      140012  0.52373403               1
       70009      150013  0.54356450               1
       70009      160014  0.83996791               1
       70009      170015  0.85388833               1
       70009      180016  0.71667778               1
       70009      190017  0.54841906               1
       70009      200018  0.40250924               1
       70009      210019  0.29051581               1
       70009      220020  0.20919846               1
       70009      230021  9.56359506E-02           1
       70009      240022  3.03720012E-02           1
       70009      250023  5.97180091E-02           1
       70009      260024  8.53795558E-02           1
       70009      270025  0.10331421               1
       70009      280026  0.10964372               1
       70009      290027  0.10357306               1
       70009      300028  8.83714780E-02           1
       70009      310029  6.87628090E-02           1
       70009      320030  4.87278551E-02           1
       70009      330031  3.10211387E-02           1
       80010      190017  0.71704721               1
       80010      200018  0.47552016               1
       80010      210019  0.31827199               1
       80010      220020  0.21659410               1
       80010      230021  9.73506570E-02           1
       80010      240022  3.40825766E-02           1
       80010      250023  6.49482161E-02           1
       80010      260024  8.87815207E-02           1
       80010      270025  0.10203564               1
       80010      280026  0.10251475               1
       80010      290027  9.13553908E-02           1
       80010      300028  7.31348917E-02           1
       80010      310029  5.30439429E-02           1
       80010      320030  3.47000286E-02           1
       80010      330031  1.99106392E-02           1
       90011      190017  0.85490781               1
       90011      200018  0.50800508               1
       90011      210019  0.31505719               1
       90011      220020  0.20313938               1
       90011      230021  8.97350311E-02           1
       90011      240022  3.35621312E-02           1
       90011      250023  6.21390194E-02           1
       90011      260024  8.14807564E-02           1
       90011      270025  8.92996415E-02           1
       90011      280026  8.54318962E-02           1
       90011      290027  7.24745095E-02           1
       90011      300028  5.51521778E-02           1
       90011      310029  3.78992632E-02           1
       90011      320030  2.33071223E-02           1
      100012      190017  0.84241325               1
      100012      200018  0.45194808               1
      100012      210019  0.26212096               1
      100012      220020  0.16151237               1
      100012      230021  7.02750310E-02           1
      100012      240022  2.74124965E-02           1
      100012      250023  4.95708473E-02           1
      100012      260024  6.28198385E-02           1
      100012      270025  6.62302971E-02           1
      100012      280026  6.09419681E-02           1
      100012      290027  4.98071723E-02           1
      100012      300028  3.65607440E-02           1
      100012      310029  2.42290962E-02           1
      110013      190017  0.54863954               1
      110013      200018  0.27349749               1
      110013      210019  0.15140598               1
      110013      220020  9.04732272E-02           1
      110013      230021  3.89579311E-02           1
      110013      250023  2.77185515E-02           1
      110013      260024  3.43418494E-02           1
      110013      270025  3.52914147E-02           1
      110013      280026  3.16628180E-02           1
      110013      290027  2.52790079E-02           1
      120014      200018  0.90253174               1
      120014      210019  0.53443688               1
      120014      220020  0.34230939               1
      120014      230021  0.14747477               1
      120014      240022  3.91975828E-02           1
      120014      250023  7.26284608E-02           1
      120014      260024  9.55298245E-02           1
      120014      270025  0.10525387               1
      120014      280026  0.10212705               1
      120014      290027  9.04102027E-02           1
      120014      300028  7.61699751E-02           1
      120014      310029  6.28928691E-02           1
      120014      320030  5.13977408E-02           1
      120014      330031  4.18082848E-02           1
      120014      340032  3.39390747E-02           1
      130015      220020  0.81104845               1
      130015      230021  0.34276950               1
      130015      240022  9.09185186E-02           1
      130015      250023  0.16661039               1
      130015      260024  0.21586686               1
      130015      270025  0.23406585               1
      130015      280026  0.22372200               1
      130015      290027  0.19543549               1
      130015      300028  0.16283870               1
      130015      310029  0.13331568               1
      130015      320030  0.10828634               1
      130015      330031  8.77166316E-02           1
      130015      340032  7.10223094E-02           1
      140016      230021  0.53382486               1
      140016      240022  0.15110803               1
      140016      250023  0.26738325               1
      140016      260024  0.33002886               1
      140016      270025  0.33985114               1
      140016      280026  0.30934674               1
      140016      290027  0.25813180               1
      140016      300028  0.20568383               1
      140016      310029  0.16132121               1
      140016      320030  0.12601052               1
      140016      330031  9.86327305E-02           1
      140016      340032  7.74844661E-02           1
      150017      230021  0.90050370               1
      150017      240022  0.27206674               1
      150017      250023  0.45711279               1
      150017      260024  0.52527016               1
      150017      270025  0.50194663               1
      150017      280026  0.42704159               1
      150017      290027  0.33602729               1
      150017      300028  0.25405884               1
      150017      310029  0.19005850               1
      150017      320030  0.14244413               1
      150017      330031  0.10762973               1
      150017      340032  8.20100754E-02           1
      160018      240022  0.54770839               1
      160018      250023  0.84988755               1
      160018      260024  0.87621444               1
      160018      270025  0.75024688               1
      160018      280026  0.58141291               1
      160018      290027  0.42479831               1
      160018      300028  0.30239964               1
      160018      310029  0.21510242               1
      160018      320030  0.15459253               1
      160018      330031  0.11283418               1
      160018      340032  8.34849328E-02           1
      170019      280026  0.75695747               1
      170019      290027  0.50558496               1
      170019      300028  0.33709279               1
      170019      310029  0.22798955               1
      170019      320030  0.15750344               1
      170019      330031  0.11142271               1
      170019      340032  8.03284422E-02           1
      180020      280026  0.89264649               1
      180020      290027  0.53956378               1
      180020      300028  0.33713606               1
      180020      310029  0.21784617               1
      180020      320030  0.14556985               1
      180020      330031  0.10046545               1
      180020      340032  7.09893107E-02           1
      190021      280026  0.85926014               1
      190021      290027  0.47295013               1
      190021      300028  0.28044745               1
      190021      310029  0.17545806               1
      190021      320030  0.11485820               1
      190021      330031  7.82478750E-02           1
      190021      340032  5.47216795E-02           1
      200022      280026  0.53461325               1
      200022      290027  0.27714416               1
      200022      300028  0.16197664               1
      200022      310029  0.10139830               1
      200022      320030  6.68870807E-02           1
      200022      330031  4.61003743E-02           1
      200022      340032  3.24852243E-02           1
      210023      280026  0.52221972               1
      210023      290027  0.24668209               1
      210023      300028  0.13450100               1
      210023      310029  8.01521167E-02           1
      210023      320030  5.09937294E-02           1
      210023      330031  3.41716334E-02           1
      210023      340032  2.36299988E-02           1
      220024      290027  0.82199490               1
      220024      300028  0.40755942               1
      220024      310029  0.22551802               1
      220024      320030  0.13494959               1
      220024      330031  8.57362077E-02           1
      220024      340032  5.70722297E-02           1
      230025      310029  0.54123229               1
      230025      320030  0.31017658               1
      230025      330031  0.19136184               1
      230025      340032  0.12473723               1
      240026      320030  0.59709710               1
      240026      330031  0.34910139               1
      240026      340032  0.21930979               1
      250027      330031  0.62757915               1
      250027      340032  0.37201977               1
      260028      340032  0.64148843               1
