         930
       10002       40003   2.59993672      -5.00513506               1
       10002       50004  0.664888859      -4.95120811               1
       10002       60005  0.267614454      -4.89832640               1
       10002       70006  0.135721445      -4.84126139               1
       10002       80007   7.95787424E-02  -4.67913485               1
       10002       90008   5.11747338E-02  -4.52716017               1
       10002      100009   3.50336954E-02  -4.38409042               1
       10002      110010   2.40375027E-02  -4.32410192               1
       10002      120011   1.59911886E-02  -4.63196945               1
       10002      130012   1.02531789E-02  -5.29740906               1
       10002      140013   6.69745216E-03  -6.15877628               1
       10002      150014   4.65515302E-03  -7.06189775               1
       10002      160015   3.43014393E-03  -7.75173807               1
       10002      170016   2.66501936E-03  -8.31847763               1
       10002      180017   2.14667921E-03  -8.61778831               1
       10002      190018   1.82899565E-03  -8.63202763               1
       10002      200019   1.67614990E-03  -8.34171581               1
       10002      210020   1.65394833E-03  -7.74164295               1
       10002      220021   1.69022172E-03  -7.18182802               1
       10002      230022   1.67766865E-03  -6.84193182               1
       10002      240023   1.60834426E-03  -6.60111475               1
       10002      250024   1.51118299E-03  -6.47881651               1
       10002      260025   1.38698984E-03  -6.31518793               1
       10002      270026   1.28088321E-03  -6.08221674               1
       10002      280027   1.17667112E-03  -5.92463875               1
       10002      290028   1.07437326E-03  -5.77342463               1
       10002      300029   9.85249877E-04  -5.61939192               1
       10002      310030   9.05692053E-04  -5.49773026               1
       10002      320031   8.35372135E-04  -5.38689232               1
       10002      330032   7.70862738E-04  -5.30150032               1
       20003       50004   2.60054374      -4.98479128               1
       20003       60005  0.662302017      -4.94728518               1
       20003       70006  0.267463714      -4.92681026               1
       20003       80007  0.136364728      -4.80524969               1
       20003       90008   7.99274296E-02  -4.68232393               1
       20003      100009   5.13528064E-02  -4.55161333               1
       20003      110010   3.36856768E-02  -4.48721552               1
       20003      120011   2.16545258E-02  -4.77806759               1
       20003      130012   1.34854261E-02  -5.42258072               1
       20003      140013   8.57468601E-03  -6.26806498               1
       20003      150014   5.81285730E-03  -7.16832447               1
       20003      160015   4.18784283E-03  -7.86953974               1
       20003      170016   3.19093536E-03  -8.45856476               1
       20003      180017   2.52660690E-03  -8.78841591               1
       20003      190018   2.11895374E-03  -8.84175301               1
       20003      200019   1.91350223E-03  -8.59553051               1
       20003      210020   1.86368159E-03  -8.03641319               1
       20003      220021   1.88487314E-03  -7.50576544               1
       20003      230022   1.85600971E-03  -7.18538952               1
       20003      240023   1.76788855E-03  -6.95880842               1
       20003      250024   1.65180827E-03  -6.84870243               1
       20003      260025   1.50820613E-03  -6.69669580               1
       20003      270026   1.38597167E-03  -6.47479534               1
       20003      280027   1.26728485E-03  -6.32797098               1
       20003      290028   1.15200726E-03  -6.18731546               1
       20003      300029   1.05190696E-03  -6.04383230               1
       20003      310030   9.62997554E-04  -5.93246698               1
       20003      320031   8.84663837E-04  -5.83181906               1
       20003      330032   8.13233841E-04  -5.75626278               1
       30004       20001   2.59989023      -5.00537825               1
       30004       60005   2.60008454      -5.02371836               1
       30004       70006  0.661439657      -5.01598215               1
       30004       80007  0.267735213      -4.92363214               1
       30004       90008  0.136443377      -4.82732773               1
       30004      100009   8.01478028E-02  -4.70940447               1
       30004      110010   4.95130047E-02  -4.63946152               1
       30004      120011   3.04650571E-02  -4.90965366               1
       30004      130012   1.82990171E-02  -5.52867317               1
       30004      140013   1.12592066E-02  -6.35415220               1
       30004      150014   7.40478840E-03  -7.24965954               1
       30004      160015   5.19154780E-03  -7.96325397               1
       30004      170016   3.86443478E-03  -8.57754040               1
       30004      180017   2.99865217E-03  -8.94145584               1
       30004      190018   2.46932660E-03  -9.03738117               1
       30004      200019   2.19292589E-03  -8.83837986               1
       30004      210020   2.10477132E-03  -8.32274818               1
       30004      220021   2.10424303E-03  -7.82267809               1
       30004      230022   2.05388898E-03  -7.52238560               1
       30004      240023   1.94266380E-03  -7.31021261               1
       30004      250024   1.80412503E-03  -7.21238708               1
       30004      260025   1.63809152E-03  -7.07212067               1
       30004      270026   1.49737904E-03  -6.86144543               1
       30004      280027   1.36233191E-03  -6.72558212               1
       30004      290028   1.23257632E-03  -6.59574699               1
       30004      300029   1.12032157E-03  -6.46313334               1
       30004      310030   1.02114736E-03  -6.36242723               1
       30004      320031   9.34080861E-04  -6.27237415               1
       30004      330032   8.55182123E-04  -6.20708799               1
       40005       20001  0.664757073      -4.95339251               1
       40005       30002   2.60049438      -4.98521233               1
       40005       70006   2.58793235      -5.05306864               1
       40005       80007  0.661868274      -4.97897434               1
       40005       90008  0.268815726      -4.90628958               1
       40005      100009  0.138262033      -4.80243063               1
       40005      110010   7.86576569E-02  -4.72621298               1
       40005      120011   4.57477011E-02  -4.97187710               1
       40005      130012   2.62872819E-02  -5.56072855               1
       40005      140013   1.55484341E-02  -6.36206627               1
       40005      150014   9.86192655E-03  -7.25122643               1
       40005      160015   6.69320254E-03  -7.97921371               1
       40005      170016   4.84591117E-03  -8.62337971               1
       40005      180017   3.67233017E-03  -9.02653313               1
       40005      190018   2.96153198E-03  -9.16953564               1
       40005      200019   2.58128415E-03  -9.02083683               1
       40005      210020   2.43795663E-03  -8.55024147               1
       40005      220021   2.40703975E-03  -8.08080101               1
       40005      230022   2.32753390E-03  -7.79977131               1
       40005      240023   2.18529138E-03  -7.60087109               1
       40005      250024   2.01671827E-03  -7.51412821               1
       40005      260025   1.82063784E-03  -7.38440037               1
       40005      270026   1.65529735E-03  -7.18376160               1
       40005      280027   1.49842235E-03  -7.05771351               1
       40005      290028   1.34928781E-03  -6.93759680               1
       40005      300029   1.22079160E-03  -6.81476784               1
       40005      310030   1.10788736E-03  -6.72368383               1
       40005      320031   1.00914517E-03  -6.64321709               1
       40005      330032   9.20218474E-04  -6.58724833               1
       50006       20001  0.267431885      -4.90575361               1
       50006       30002  0.662206531      -4.94961786               1
       50006       40003   2.60000467      -5.02412033               1
       50006       80007   2.60105205      -5.00456476               1
       50006       90008  0.663524926      -4.95404291               1
       50006      100009  0.272898912      -4.86547470               1
       50006      110010  0.136960760      -4.77867699               1
       50006      120011   7.36505091E-02  -4.98955250               1
       50006      130012   3.99591811E-02  -5.53728771               1
       50006      140013   2.24973895E-02  -6.30483484               1
       50006      150014   1.36418054E-02  -7.18227339               1
       50006      160015   8.89028143E-03  -7.92589378               1
       50006      170016   6.21649157E-03  -8.60715199               1
       50006      180017   4.57411772E-03  -9.05978680               1
       50006      190018   3.59535776E-03  -9.26096439               1
       50006      200019   3.06391926E-03  -9.17261028               1
       50006      210020   2.83916458E-03  -8.75464439               1
       50006      220021   2.76256446E-03  -8.31989479               1
       50006      230022   2.64277169E-03  -8.05968571               1
       50006      240023   2.46065320E-03  -7.87445545               1
       50006      250024   2.25493871E-03  -7.79881334               1
       50006      260025   2.02279165E-03  -7.67955446               1
       50006      270026   1.82819588E-03  -7.48884344               1
       50006      280027   1.64577691E-03  -7.37251997               1
       50006      290028   1.47428724E-03  -7.26206827               1
       50006      300029   1.32720673E-03  -7.14900112               1
       50006      310030   1.19873742E-03  -7.06754589               1
       50006      320031   1.08686113E-03  -6.99669313               1
       50006      330032   9.86767700E-04  -6.95009089               1
       60007       20001  0.135502100      -4.85750008               1
       60007       30002  0.267332226      -4.93338728               1
       60007       40003  0.661329329      -5.01795816               1
       60007       50004   2.58785892      -5.05338383               1
       60007       90008   2.60619950      -5.00705576               1
       60007      100009  0.670570195      -4.95104551               1
       60007      110010  0.271988451      -4.84932375               1
       60007      120011  0.130018666      -5.00568676               1
       60007      130012   6.52709305E-02  -5.49133110               1
       60007      140013   3.45188566E-02  -6.20623922               1
       60007      150014   1.97924096E-02  -7.05852604               1
       60007      160015   1.22596053E-02  -7.81376934               1
       60007      170016   8.20286851E-03  -8.53861713               1
       60007      180017   5.81386965E-03  -9.05447006               1
       60007      190018   4.42455150E-03  -9.33118153               1
       60007      200019   3.66670382E-03  -9.32033253               1
       60007      210020   3.31974239E-03  -8.96880436               1
       60007      220021   3.17430706E-03  -8.57681561               1
       60007      230022   2.99871899E-03  -8.34115601               1
       60007      240023   2.76549021E-03  -8.17122555               1
       60007      250024   2.51425616E-03  -8.10758400               1
       60007      260025   2.23942637E-03  -7.99950361               1
       60007      270026   2.01065699E-03  -7.81937265               1
       60007      280027   1.79893128E-03  -7.71344614               1
       60007      290028   1.60223513E-03  -7.61338139               1
       60007      300029   1.43440743E-03  -7.51087284               1
       60007      310030   1.28876115E-03  -7.43989134               1
       60007      320031   1.16252853E-03  -7.37955236               1
       60007      330032   1.05038541E-03  -7.34324884               1
       70008       20001   7.93432519E-02  -4.70896053               1
       70008       30002  0.136213169      -4.81966925               1
       70008       40003  0.267604977      -4.92955923               1
       70008       50004  0.661768019      -4.98075771               1
       70008       60005   2.60098314      -5.00486612               1
       70008      100009   2.60147238      -4.97908688               1
       70008      110010  0.671210170      -4.88788462               1
       70008      120011  0.263329208      -4.95869350               1
       70008      130012  0.118133150      -5.34394121               1
       70008      140013   5.75490743E-02  -5.97051334               1
       70008      150014   3.07590179E-02  -6.76785946               1
       70008      160015   1.78754628E-02  -7.51631737               1
       70008      170016   1.13051804E-02  -8.28267479               1
       70008      180017   7.63263134E-03  -8.87438393               1
       70008      190018   5.56931691E-03  -9.24912453               1
       70008      200019   4.45176195E-03  -9.34106731               1
       70008      210020   3.91303422E-03  -9.07720757               1
       70008      220021   3.66106024E-03  -8.74004269               1
       70008      230022   3.40624666E-03  -8.53362083               1
       70008      240023   3.10614496E-03  -8.38004684               1
       70008      250024   2.79828510E-03  -8.32809830               1
       70008      260025   2.47239065E-03  -8.23039150               1
       70008      270026   2.20340071E-03  -8.05978489               1
       70008      280027   1.95787335E-03  -7.96313095               1
       70008      290028   1.73265662E-03  -7.87232971               1
       70008      300029   1.54162699E-03  -7.77924347               1
       70008      310030   1.37701957E-03  -7.71762657               1
       70008      320031   1.23511406E-03  -7.66669083               1
       70008      330032   1.11000251E-03  -7.63961029               1
       80009       20001   5.09563237E-02  -4.57165194               1
       80009       30002   7.97859579E-02  -4.70654488               1
       80009       40003  0.136320919      -4.83936548               1
       80009       50004  0.268715769      -4.91124868               1
       80009       60005  0.663449526      -4.95558548               1
       80009       70006   2.60615158      -5.00734758               1
       80009      110010   2.60825467      -4.99271727               1
       80009      120011  0.663702726      -4.99261284               1
       80009      130012  0.247429699      -5.22797918               1
       80009      140013  0.107421875      -5.71270561               1
       80009      150014   5.24555556E-02  -6.40510511               1
       80009      160015   2.81390101E-02  -7.10610628               1
       80009      170016   1.65611692E-02  -7.89309645               1
       80009      180017   1.04906969E-02  -8.56497574               1
       80009      190018   7.23460037E-03  -9.06548786               1
       80009      200019   5.50673436E-03  -9.30185795               1
       80009      210020   4.65033483E-03  -9.16713715               1
       80009      220021   4.22648992E-03  -8.91233253               1
       80009      230022   3.85569711E-03  -8.74877167               1
       80009      240023   3.46706924E-03  -8.61762142               1
       80009      250024   3.08920094E-03  -8.58041954               1
       80009      260025   2.70355074E-03  -8.49507046               1
       80009      270026   2.38863332E-03  -8.33552456               1
       80009      280027   2.10563606E-03  -8.24954033               1
       80009      290028   1.84969697E-03  -8.16940403               1
       80009      300029   1.63411140E-03  -8.08723831               1
       80009      310030   1.44983502E-03  -8.03655910               1
       80009      320031   1.29194872E-03  -7.99670553               1
       80009      330032   1.15391659E-03  -7.98059416               1
       90010       20001   3.48578952E-02  -4.44201326               1
       90010       30002   5.12466691E-02  -4.58592558               1
       90010       40003   8.00587833E-02  -4.72878981               1
       90010       50004  0.138189986      -4.81213713               1
       90010       60005  0.272845805      -4.86961222               1
       90010       70006  0.670539141      -4.95245743               1
       90010       80007   2.60146904      -4.97931862               1
       90010      120011   2.59897995      -5.03563881               1
       90010      130012  0.649773300      -5.10506058               1
       90010      140013  0.235534698      -5.38670826               1
       90010      150014  0.101972535      -5.90929365               1
       90010      160015   4.95218597E-02  -6.49829578               1
       90010      170016   2.66601946E-02  -7.25381660               1
       90010      180017   1.55661935E-02  -7.98269892               1
       90010      190018   9.95631982E-03  -8.62584591               1
       90010      200019   7.08228303E-03  -9.06031513               1
       90010      210020   5.65098133E-03  -9.12397099               1
       90010      220021   4.92897956E-03  -9.00463009               1
       90010      230022   4.37624473E-03  -8.91228771               1
       90010      240023   3.86317144E-03  -8.81642628               1
       90010      250024   3.39462212E-03  -8.79997349               1
       90010      260025   2.93651829E-03  -8.73015594               1
       90010      270026   2.56777299E-03  -8.58348846               1
       90010      280027   2.24242685E-03  -8.50937366               1
       90010      290028   1.95292581E-03  -8.44083786               1
       90010      300029   1.71111512E-03  -8.37045574               1
       90010      310030   1.50634081E-03  -8.33156681               1
       90010      320031   1.33215508E-03  -8.30368996               1
       90010      330032   1.18130667E-03  -8.29949951               1
      100011       20001   2.39500832E-02  -4.38849211               1
      100011       30002   3.36632207E-02  -4.52740908               1
      100011       40003   4.95116375E-02  -4.66416883               1
      100011       50004   7.86763430E-02  -4.74020290               1
      100011       60005  0.137000978      -4.78586388               1
      100011       70006  0.272052079      -4.85260487               1
      100011       80007  0.671301007      -4.88885880               1
      100011       90008   2.60835862      -4.99288082               1
      100011      130012   2.58634067      -5.05344057               1
      100011      140013  0.640139222      -5.08568478               1
      100011      150014  0.231668144      -5.36765385               1
      100011      160015   9.92401540E-02  -5.76227188               1
      100011      170016   4.80425581E-02  -6.39523458               1
      100011      180017   2.54322104E-02  -7.10103559               1
      100011      190018   1.47888530E-02  -7.84780312               1
      100011      200019   9.59795248E-03  -8.50931931               1
      100011      210020   7.05505628E-03  -8.86181641               1
      100011      220021   5.78412507E-03  -8.97375202               1
      100011      230022   4.93036956E-03  -9.01443386               1
      100011      240023   4.23729699E-03  -8.98627281               1
      100011      250024   3.65227228E-03  -9.00803280               1
      100011      260025   3.11075500E-03  -8.96456909               1
      100011      270026   2.68378039E-03  -8.83833027               1
      100011      280027   2.31576548E-03  -8.78202534               1
      100011      290028   1.99481868E-03  -8.73028564               1
      100011      300029   1.72964670E-03  -8.67670918               1
      100011      310030   1.50766643E-03  -8.65458298               1
      100011      320031   1.32053543E-03  -8.64382648               1
      100011      330032   1.16029917E-03  -8.65683937               1
      110012       20001   1.60046630E-02  -4.68127251               1
      110012       30002   2.17319187E-02  -4.80718279               1
      110012       40003   3.05737369E-02  -4.92705250               1
      110012       50004   4.58881408E-02  -4.98145914               1
      110012       60005   7.38241896E-02  -4.99452543               1
      110012       70006  0.130225852      -5.00820351               1
      110012       80007  0.263570398      -4.95940208               1
      110012       90008  0.663961172      -4.99268961               1
      110012      100009   2.59922838      -5.03559446               1
      110012      140013   2.59931850      -5.05732346               1
      110012      150014  0.649866819      -5.07731152               1
      110012      160015  0.233295918      -5.22447920               1
      110012      170016   9.96703506E-02  -5.64871264               1
      110012      180017   4.73754369E-02  -6.21523952               1
      110012      190018   2.47731302E-02  -6.94091892               1
      110012      200019   1.44020179E-02  -7.75229692               1
      110012      210020   9.49313026E-03  -8.42242622               1
      110012      220021   7.11226650E-03  -8.87296772               1
      110012      230022   5.69861848E-03  -9.14637280               1
      110012      240023   4.70414432E-03  -9.24854469               1
      110012      250024   3.94311221E-03  -9.34577751               1
      110012      260025   3.28713981E-03  -9.35304832               1
      110012      270026   2.78555159E-03  -9.26493073               1
      110012      280027   2.36645481E-03  -9.24061775               1
      110012      290028   2.01027514E-03  -9.21810055               1
      110012      300029   1.72029983E-03  -9.19336414               1
      110012      310030   1.48109568E-03  -9.19991493               1
      110012      320031   1.28174864E-03  -9.21868992               1
      110012      330032   1.11335900E-03  -9.26173401               1
      120013       20001   1.03402343E-02  -5.30190277               1
      120013       30002   1.36370091E-02  -5.41450882               1
      120013       40003   1.84939187E-02  -5.51677322               1
      120013       50004   2.65285168E-02  -5.54842949               1
      120013       60005   4.02490795E-02  -5.52733517               1
      120013       70006   6.56088740E-02  -5.48486853               1
      120013       80007  0.118516833      -5.33984470               1
      120013       90008  0.247840166      -5.22592354               1
      120013      100009  0.650180638      -5.10422802               1
      120013      110010   2.58666706      -5.05321026               1
      120013      150014   2.60765529      -5.05478382               1
      120013      160015  0.653298557      -4.97296429               1
      120013      170016  0.235640392      -5.16278172               1
      120013      180017   9.96479392E-02  -5.51835155               1
      120013      190018   4.69420813E-02  -6.09024906               1
      120013      200019   2.44658347E-02  -6.87256956               1
      120013      210020   1.43217556E-02  -7.71783638               1
      120013      220021   9.60081443E-03  -8.49083233               1
      120013      230022   7.07463967E-03  -9.05915260               1
      120013      240023   5.51996613E-03  -9.35298920               1
      120013      250024   4.45216475E-03  -9.56666756               1
      120013      260025   3.60699859E-03  -9.65020752               1
      120013      270026   2.98742973E-03  -9.61581993               1
      120013      280027   2.48986902E-03  -9.63299942               1
      120013      290028   2.08034390E-03  -9.64551067               1
      120013      300029   1.75334595E-03  -9.65338993               1
      120013      310030   1.48843741E-03  -9.69123459               1
      120013      320031   1.27078139E-03  -9.74168682               1
      120013      330032   1.08975836E-03  -9.81687355               1
      130014       20001   6.80288486E-03  -6.10304213               1
      130014       30002   8.74274224E-03  -6.20446682               1
      130014       40003   1.14770206E-02  -6.29322100               1
      130014       50004   1.58204865E-02  -6.30859566               1
      130014       60005   2.28270572E-02  -6.26291704               1
      130014       70006   3.49057801E-02  -6.17745447               1
      130014       80007   5.79900481E-02  -5.95265341               1
      130014       90008  0.107898228      -5.70359659               1
      130014      100009  0.236016944      -5.38296986               1
      130014      110010  0.640555143      -5.08444071               1
      130014      120011   2.59959984      -5.05710268               1
      130014      160015   2.63144326      -4.96596003               1
      130014      170016  0.660036981      -4.94942999               1
      130014      180017  0.237128854      -5.08844995               1
      130014      190018   9.99324396E-02  -5.45416832               1
      130014      200019   4.70565632E-02  -6.07706118               1
      130014      210020   2.46789008E-02  -6.89119768               1
      130014      220021   1.47691974E-02  -7.81465244               1
      130014      230022   9.89352819E-03  -8.61635303               1
      130014      240023   7.20802788E-03  -9.10127640               1
      130014      250024   5.54407993E-03  -9.44158459               1
      130014      260025   4.33966983E-03  -9.60648441               1
      130014      270026   3.50045157E-03  -9.62330818               1
      130014      280027   2.85679940E-03  -9.67293835               1
      130014      290028   2.34613102E-03  -9.70626545               1
      130014      300029   1.94789050E-03  -9.72796631               1
      130014      310030   1.63185911E-03  -9.77491093               1
      130014      320031   1.37637719E-03  -9.83146667               1
      130014      330032   1.16727839E-03  -9.91092110               1
      140015       20001   4.73809289E-03  -6.97294521               1
      140015       30002   5.95346326E-03  -7.06379843               1
      140015       40003   7.59521406E-03  -7.14356709               1
      140015       50004   1.01065859E-02  -7.15227842               1
      140015       60005   1.39447255E-02  -7.09863567               1
      140015       70006   2.01539341E-02  -6.99539089               1
      140015       80007   3.11763044E-02  -6.72512007               1
      140015       90008   5.29121570E-02  -6.38097429               1
      140015      100009  0.102441885      -5.89834023               1
      140015      110010  0.232086703      -5.36360455               1
      140015      120011  0.650172412      -5.07626104               1
      140015      130012   2.60781813      -5.05461121               1
      140015      170016   2.61669970      -5.00599766               1
      140015      180017  0.659197509      -4.95378828               1
      140015      190018  0.237111330      -5.11030054               1
      140015      200019  0.100090399      -5.52907467               1
      140015      210020   4.73818481E-02  -6.18697739               1
      140015      220021   2.54811663E-02  -7.07935429               1
      140015      230022   1.54816052E-02  -7.97862959               1
      140015      240023   1.04561206E-02  -8.59266376               1
      140015      250024   7.61550106E-03  -9.03607845               1
      140015      260025   5.72971208E-03  -9.27052689               1
      140015      270026   4.48643696E-03  -9.32733536               1
      140015      280027   3.57953715E-03  -9.39548874               1
      140015      290028   2.88847485E-03  -9.43221951               1
      140015      300029   2.36404454E-03  -9.44626999               1
      140015      310030   1.95729616E-03  -9.47744179               1
      140015      320031   1.63432921E-03  -9.51146793               1
      140015      330032   1.37428346E-03  -9.56372166               1
      150016       20001   3.47147090E-03  -7.70723772               1
      150016       30002   4.28036507E-03  -7.78586340               1
      150016       40003   5.33042848E-03  -7.85824108               1
      150016       50004   6.88193273E-03  -7.86667585               1
      150016       60005   9.13318340E-03  -7.81919765               1
      150016       70006   1.25577981E-02  -7.72382927               1
      150016       80007   1.82269737E-02  -7.44858980               1
      150016       90008   2.85304151E-02  -7.06336880               1
      150016      100009   4.99306358E-02  -6.47671461               1
      150016      110010   9.96128172E-02  -5.75355482               1
      150016      120011  0.233578235      -5.22189188               1
      150016      130012  0.653461516      -4.97233486               1
      150016      140013   2.63151145      -4.96586132               1
      150016      180017   2.61236405      -4.95471239               1
      150016      190018  0.658258736      -4.91506720               1
      150016      200019  0.236535802      -5.11935616               1
      150016      210020   9.98581350E-02  -5.56942892               1
      150016      220021   4.82316874E-02  -6.31652546               1
      150016      230022   2.65115201E-02  -7.18723917               1
      150016      240023   1.64838638E-02  -7.84900522               1
      150016      250024   1.12767257E-02  -8.35704041               1
      150016      260025   8.09728540E-03  -8.64486408               1
      150016      270026   6.12065243E-03  -8.73361111               1
      150016      280027   4.75519802E-03  -8.81404972               1
      150016      290028   3.76056763E-03  -8.84719658               1
      150016      300029   3.02929012E-03  -8.84469795               1
      150016      310030   2.47688754E-03  -8.84937954               1
      150016      320031   2.04725959E-03  -8.84823704               1
      150016      330032   1.70754525E-03  -8.85932159               1
      160017       20001   2.65678298E-03  -8.42633533               1
      160017       30002   3.22689558E-03  -8.48699188               1
      160017       40003   3.94155970E-03  -8.54824924               1
      160017       50004   4.96633677E-03  -8.55594444               1
      160017       60005   6.38459530E-03  -8.52015591               1
      160017       70006   8.42049718E-03  -8.44913101               1
      160017       80007   1.15714120E-02  -8.20347404               1
      160017       90008   1.68658402E-02  -7.83495378               1
      160017      100009   2.69851815E-02  -7.21977472               1
      160017      110010   4.83446792E-02  -6.37952852               1
      160017      120011   9.99040306E-02  -5.64340782               1
      160017      130012  0.235778570      -5.16121531               1
      160017      140013  0.660096169      -4.94904089               1
      160017      150014   2.61671638      -5.00595999               1
      160017      190018   2.62044716      -4.97596455               1
      160017      200019  0.655591249      -4.98082972               1
      160017      210020  0.234293416      -5.20722532               1
      160017      220021  0.100003980      -5.74731636               1
      160017      230022   4.93697822E-02  -6.49431562               1
      160017      240023   2.80429069E-02  -7.12096310               1
      160017      250024   1.78644899E-02  -7.64414740               1
      160017      260025   1.21410294E-02  -7.96291256               1
      160017      270026   8.79498851E-03  -8.07637691               1
      160017      280027   6.61427807E-03  -8.16934204               1
      160017      290028   5.10323001E-03  -8.20232201               1
      160017      300029   4.03215503E-03  -8.18790245               1
      160017      310030   3.24761122E-03  -8.17108440               1
      160017      320031   2.65213544E-03  -8.14011955               1
      160017      330032   2.19110330E-03  -8.11574173               1
      170018       20001   2.08635116E-03  -9.00112343               1
      170018       30002   2.50383839E-03  -9.03951550               1
      170018       40003   3.01167951E-03  -9.08560276               1
      170018       50004   3.72186280E-03  -9.08913898               1
      170018       60005   4.66457941E-03  -9.06368828               1
      170018       70006   5.94787067E-03  -9.02154541               1
      170018       80007   7.81041384E-03  -8.82376480               1
      170018       90008   1.07053518E-02  -8.51520920               1
      170018      100009   1.58039052E-02  -7.94665766               1
      170018      110010   2.56595742E-02  -7.08132267               1
      170018      120011   4.75551337E-02  -6.20792055               1
      170018      130012   9.97550339E-02  -5.51610994               1
      170018      140013  0.237172291      -5.08788872               1
      170018      150014  0.659204721      -4.95379734               1
      170018      160015   2.61235547      -4.95473576               1
      170018      200019   2.60787678      -5.01673937               1
      170018      210020  0.650117457      -5.02367830               1
      170018      220021  0.232568592      -5.31908226               1
      170018      230022  0.101067424      -5.87118340               1
      170018      240023   5.18363900E-02  -6.38386297               1
      170018      250024   3.04527655E-02  -6.86133718               1
      170018      260025   1.94127616E-02  -7.17416668               1
      170018      270026   1.33647593E-02  -7.29363918               1
      170018      280027   9.65846609E-03  -7.39208508               1
      170018      290028   7.22654024E-03  -7.42445230               1
      170018      300029   5.57293836E-03  -7.40097570               1
      170018      310030   4.40419838E-03  -7.36716270               1
      170018      320031   3.54227191E-03  -7.31194115               1
      170018      330032   2.89136800E-03  -7.25842285               1
      180019       20001   1.71836698E-03  -9.39180088               1
      180019       30002   2.04008981E-03  -9.41048336               1
      180019       40003   2.42115930E-03  -9.44344616               1
      180019       50004   2.94320309E-03  -9.44412422               1
      180019       60005   3.61123937E-03  -9.43010235               1
      180019       70006   4.47789067E-03  -9.41977501               1
      180019       80007   5.66134648E-03  -9.28063488               1
      180019       90008   7.36123556E-03  -9.06310654               1
      180019      100009   1.01073813E-02  -8.61073494               1
      180019      110010   1.49393678E-02  -7.83351851               1
      180019      120011   2.48926785E-02  -6.93427467               1
      180019      130012   4.70071360E-02  -6.08826208               1
      180019      140013   9.99445170E-02  -5.45398426               1
      180019      150014  0.237088874      -5.11078548               1
      180019      160015  0.658217132      -4.91534710               1
      180019      170016   2.62039924      -4.97606277               1
      180019      210020   2.60611773      -5.03824234               1
      180019      220021  0.645018458      -5.08129120               1
      180019      230022  0.233981699      -5.39484644               1
      180019      240023  0.106083356      -5.73325729               1
      180019      250024   5.68297952E-02  -6.10745382               1
      180019      260025   3.37166376E-02  -6.37084341               1
      180019      270026   2.19118856E-02  -6.46777487               1
      180019      280027   1.51232332E-02  -6.55579042               1
      180019      290028   1.09138470E-02  -6.58090830               1
      180019      300029   8.17678869E-03  -6.54762554               1
      180019      310030   6.31643785E-03  -6.49981499               1
      180019      320031   4.98793228E-03  -6.42595100               1
      180019      330032   4.01246548E-03  -6.35073662               1
      190020       20001   1.52313977E-03  -9.47385788               1
      190020       30002   1.78786973E-03  -9.48769379               1
      190020       40003   2.09371722E-03  -9.52067280               1
      190020       50004   2.50599347E-03  -9.52910137               1
      190020       60005   3.01676686E-03  -9.53456783               1
      190020       70006   3.65139847E-03  -9.56188583               1
      190020       80007   4.47021564E-03  -9.48798466               1
      190020       90008   5.55699831E-03  -9.37804890               1
      190020      100009   7.15676043E-03  -9.09042740               1
      190020      110010   9.67808533E-03  -8.51367664               1
      190020      120011   1.44621320E-02  -7.75038385               1
      190020      130012   2.44823322E-02  -6.87194586               1
      190020      140013   4.70233634E-02  -6.07813978               1
      190020      150014  0.100017011      -5.53095293               1
      190020      160015  0.236432493      -5.12052727               1
      190020      170016  0.655468702      -4.98140955               1
      190020      180017   2.60774827      -5.01687479               1
      190020      220021   2.59288287      -5.08527899               1
      190020      230022  0.643243730      -5.15060902               1
      190020      240023  0.243069261      -5.27481318               1
      190020      250024  0.115917787      -5.50214434               1
      190020      260025   6.32727966E-02  -5.67914867               1
      190020      270026   3.85527238E-02  -5.72507238               1
      190020      280027   2.52816901E-02  -5.78292036               1
      190020      290028   1.75209437E-02  -5.78917408               1
      190020      300029   1.27042178E-02  -5.74066591               1
      190020      310030   9.56116896E-03  -5.67812014               1
      190020      320031   7.39205210E-03  -5.58841133               1
      190020      330032   5.84651390E-03  -5.49689007               1
      200021       20001   1.47354696E-03  -9.08522129               1
      200021       30002   1.70818984E-03  -9.11700916               1
      200021       40003   1.97281176E-03  -9.17038250               1
      200021       50004   2.32546520E-03  -9.20329666               1
      200021       60005   2.75016064E-03  -9.24089432               1
      200021       70006   3.25824879E-03  -9.31328297               1
      200021       80007   3.88132036E-03  -9.30671692               1
      200021       90008   4.64779977E-03  -9.30409050               1
      200021      100009   5.67138568E-03  -9.19322968               1
      200021      110010   7.08383601E-03  -8.88420677               1
      200021      120011   9.50674247E-03  -8.42444611               1
      200021      130012   1.42946830E-02  -7.71875191               1
      200021      140013   2.45972313E-02  -6.89583063               1
      200021      150014   4.72462326E-02  -6.19318867               1
      200021      160015   9.96734798E-02  -5.57368755               1
      200021      170016  0.234067768      -5.20963955               1
      200021      180017  0.649864733      -5.02458477               1
      200021      190018   2.60588098      -5.03844786               1
      200021      230022   2.59142923      -5.04250860               1
      200021      240023  0.656051517      -4.97619867               1
      200021      250024  0.260008276      -5.03767633               1
      200021      260025  0.126835093      -5.10962725               1
      200021      270026   7.14386329E-02  -5.08943367               1
      200021      280027   4.41610850E-02  -5.10560942               1
      200021      290028   2.92380918E-02  -5.08543205               1
      200021      300029   2.04356853E-02  -5.01748085               1
      200021      310030   1.49346590E-02  -4.93879652               1
      200021      320031   1.12728374E-02  -4.83412552               1
      200021      330032   8.74520745E-03  -4.72891903               1
      210022       20001   1.50300097E-03  -8.57438374               1
      210022       30002   1.72177795E-03  -8.62772846               1
      210022       40003   1.96314114E-03  -8.70363426               1
      210022       50004   2.28268094E-03  -8.76083469               1
      210022       60005   2.65873456E-03  -8.82671261               1
      210022       70006   3.09518189E-03  -8.93452263               1
      210022       80007   3.60898837E-03  -8.97669125               1
      210022       90008   4.20150161E-03  -9.04933643               1
      210022      100009   4.92522353E-03  -9.06767750               1
      210022      110010   5.78893162E-03  -8.98328781               1
      210022      120011   7.10231392E-03  -8.85883904               1
      210022      130012   9.54784825E-03  -8.48314095               1
      210022      140013   1.46524832E-02  -7.82253504               1
      210022      150014   2.52937563E-02  -7.09463549               1
      210022      160015   4.79736514E-02  -6.32877827               1
      210022      170016   9.96806994E-02  -5.75497675               1
      210022      180017  0.232193872      -5.32252550               1
      210022      190018  0.644636035      -5.08243799               1
      210022      200019   2.59256387      -5.08551884               1
      210022      240023   2.60837483      -4.97478247               1
      210022      250024  0.673236012      -4.92888403               1
      210022      260025  0.270622492      -4.90207767               1
      210022      270026  0.135839596      -4.81493473               1
      210022      280027   7.76877254E-02  -4.78729963               1
      210022      290028   4.86246645E-02  -4.73907089               1
      210022      300029   3.25407162E-02  -4.65062618               1
      210022      310030   2.29816511E-02  -4.55534601               1
      210022      320031   1.68718882E-02  -4.43589449               1
      210022      330032   1.27994390E-02  -4.31772232               1
      220023       20001   1.49965880E-03  -8.23652363               1
      220023       30002   1.70185405E-03  -8.30202293               1
      220023       40003   1.92088005E-03  -8.39056778               1
      220023       50004   2.20987969E-03  -8.46132755               1
      220023       60005   2.54407455E-03  -8.54272652               1
      220023       70006   2.92324205E-03  -8.66945457               1
      220023       80007   3.35639808E-03  -8.73687458               1
      220023       90008   3.83192813E-03  -8.84814167               1
      220023      100009   4.37301770E-03  -8.93510914               1
      220023      110010   4.93626809E-03  -8.98172188               1
      220023      120011   5.69060864E-03  -9.09101868               1
      220023      130012   7.02298712E-03  -9.02403450               1
      220023      140013   9.77335591E-03  -8.62037277               1
      220023      150014   1.52809545E-02  -8.00654125               1
      220023      160015   2.62271520E-02  -7.21516800               1
      220023      170016   4.90051061E-02  -6.51399946               1
      220023      180017  0.100635685      -5.88116646               1
      220023      190018  0.233525544      -5.39861679               1
      220023      200019  0.642835498      -5.15164185               1
      220023      210020   2.59115601      -5.04260349               1
      220023      250024   2.60351324      -4.98356438               1
      220023      260025  0.668326795      -4.95286179               1
      220023      270026  0.272533566      -4.83511066               1
      220023      280027  0.137817904      -4.78299570               1
      220023      290028   7.95527548E-02  -4.72003412               1
      220023      300029   5.02201319E-02  -4.62078953               1
      220023      310030   3.39373164E-02  -4.51574469               1
      220023      320031   2.40583215E-02  -4.38623810               1
      220023      330032   1.77500788E-02  -4.25815153               1
      230024       20001   1.44835468E-03  -7.96934414               1
      230024       30002   1.63143501E-03  -8.04224777               1
      230024       40003   1.82672928E-03  -8.13840771               1
      230024       50004   2.08404823E-03  -8.21725273               1
      230024       60005   2.37755198E-03  -8.30766582               1
      230024       70006   2.70481268E-03  -8.44491196               1
      230024       80007   3.07036284E-03  -8.52555752               1
      230024       90008   3.45696486E-03  -8.65603638               1
      230024      100009   3.87363834E-03  -8.77675915               1
      230024      110010   4.25801659E-03  -8.89021015               1
      230024      120011   4.71290294E-03  -9.13107204               1
      230024      130012   5.48703270E-03  -9.26959991               1
      230024      140013   7.10685551E-03  -9.08615589               1
      230024      150014   1.02721332E-02  -8.62863636               1
      230024      160015   1.62120629E-02  -7.89697742               1
      230024      170016   2.76856273E-02  -7.16008520               1
      230024      180017   5.14062792E-02  -6.40630960               1
      230024      190018  0.105620839      -5.74260044               1
      230024      200019  0.242645249      -5.27752018               1
      230024      210020  0.655754864      -4.97638130               1
      230024      220021   2.60824609      -4.97468901               1
      230024      260025   2.58920240      -5.00560617               1
      230024      270026  0.665296137      -4.91866732               1
      230024      280027  0.269784421      -4.87096882               1
      230024      290028  0.136610419      -4.81364346               1
      230024      300029   7.90501982E-02  -4.71925497               1
      230024      310030   5.02094142E-02  -4.61624050               1
      230024      320031   3.39508988E-02  -4.48552656               1
      230024      330032   2.41441075E-02  -4.35397625               1
      240025       20001   1.37222104E-03  -7.80704832               1
      240025       30002   1.53601100E-03  -7.88462925               1
      240025       40003   1.70835957E-03  -7.98562860               1
      240025       50004   1.93540065E-03  -8.06968975               1
      240025       60005   2.19140807E-03  -8.16593456               1
      240025       70006   2.47279136E-03  -8.30988216               1
      240025       80007   2.78143864E-03  -8.39859867               1
      240025       90008   3.09804687E-03  -8.54016209               1
      240025      100009   3.42455762E-03  -8.67960548               1
      240025      110010   3.69398156E-03  -8.82981014               1
      240025      120011   3.97549057E-03  -9.14582062               1
      240025      130012   4.44631558E-03  -9.41214848               1
      240025      140013   5.47322119E-03  -9.38512993               1
      240025      150014   7.46387849E-03  -9.06471443               1
      240025      160015   1.10384747E-02  -8.41959858               1
      240025      170016   1.75413024E-02  -7.70442390               1
      240025      180017   3.00564859E-02  -6.90034008               1
      240025      190018   5.63976280E-02  -6.12509871               1
      240025      200019  0.115516931      -5.50718451               1
      240025      210020  0.259725988      -5.03737593               1
      240025      220021  0.673115730      -4.92805624               1
      240025      230022   2.60349607      -4.98332357               1
      240025      270026   2.58995771      -4.99944448               1
      240025      280027  0.662363887      -4.98440313               1
      240025      290028  0.267944694      -4.95536280               1
      240025      300029  0.135360435      -4.88609982               1
      240025      310030   7.85478652E-02  -4.80227375               1
      240025      320031   4.97568808E-02  -4.68479490               1
      240025      330032   3.36835682E-02  -4.56181669               1
      250026       20001   1.26614701E-03  -7.57874918               1
      250026       30002   1.40978978E-03  -7.66151142               1
      250026       40003   1.55908510E-03  -7.76781893               1
      250026       50004   1.75584492E-03  -7.85743761               1
      250026       60005   1.97548629E-03  -7.95967865               1
      250026       70006   2.21389695E-03  -8.11018181               1
      250026       80007   2.47134082E-03  -8.20626354               1
      250026       90008   2.72844569E-03  -8.35698509               1
      250026      100009   2.98349769E-03  -8.51023674               1
      250026      110010   3.17180366E-03  -8.68533993               1
      250026      120011   3.34284059E-03  -9.05074310               1
      250026      130012   3.63012403E-03  -9.40279675               1
      250026      140013   4.30422649E-03  -9.48695755               1
      250026      150014   5.61974850E-03  -9.27458477               1
      250026      160015   7.90668651E-03  -8.71316528               1
      250026      170016   1.18711339E-02  -8.04347706               1
      250026      180017   1.90744270E-02  -7.23353720               1
      250026      190018   3.33430991E-02  -6.40077448               1
      250026      200019   6.29256368E-02  -5.68837070               1
      250026      210020  0.126596972      -5.10866404               1
      250026      220021  0.270538270      -4.89956045               1
      250026      230022  0.668345511      -4.95161247               1
      250026      240023   2.58925247      -5.00532961               1
      250026      280027   2.58109093      -5.00945950               1
      250026      290028  0.659045398      -4.99943542               1
      250026      300029  0.265587091      -4.95804548               1
      250026      310030  0.134354562      -4.90177536               1
      250026      320031   7.76035190E-02  -4.80816269               1
      250026      330032   4.91618551E-02  -4.70529366               1
      260027       20001   1.17725658E-03  -7.22184992               1
      260027       30002   1.30428444E-03  -7.31232405               1
      260027       40003   1.43473258E-03  -7.42644167               1
      260027       50004   1.60688523E-03  -7.52398491               1
      260027       60005   1.79726537E-03  -7.63447905               1
      260027       70006   2.00152327E-03  -7.79360867               1
      260027       80007   2.21891305E-03  -7.89886904               1
      260027       90008   2.43057846E-03  -8.06002808               1
      260027      100009   2.63290363E-03  -8.22704029               1
      260027      110010   2.76508438E-03  -8.42376041               1
      260027      120011   2.86497059E-03  -8.82811260               1
      260027      130012   3.03916563E-03  -9.24517059               1
      260027      140013   3.49933119E-03  -9.41339779               1
      260027      150014   4.41648718E-03  -9.28501892               1
      260027      160015   5.97551884E-03  -8.79402542               1
      260027      170016   8.57546646E-03  -8.17195225               1
      260027      180017   1.30802151E-02  -7.37470484               1
      260027      190018   2.15908065E-02  -6.51384687               1
      260027      200019   3.82495895E-02  -5.74138498               1
      260027      210020   7.12292045E-02  -5.08869553               1
      260027      220021  0.135768890      -4.81028557               1
      260027      230022  0.272560507      -4.83204079               1
      260027      240023  0.665356517      -4.91749716               1
      260027      250024   2.59001446      -4.99927473               1
      260027      290028   2.57852054      -5.00936651               1
      260027      300029  0.659769118      -4.97137833               1
      260027      310030  0.266960889      -4.93000746               1
      260027      320031  0.134682924      -4.85647202               1
      260027      330032   7.79396072E-02  -4.77632999               1
      270028       20001   1.08781783E-03  -6.93203402               1
      270028       30002   1.19978387E-03  -7.02902174               1
      270028       40003   1.31345855E-03  -7.14977980               1
      270028       50004   1.46376353E-03  -7.25412703               1
      270028       60005   1.62855431E-03  -7.37177086               1
      270028       70006   1.80346507E-03  -7.53842640               1
      270028       80007   1.98713667E-03  -7.65170765               1
      270028       90008   2.16170074E-03  -7.82191515               1
      270028      100009   2.32263468E-03  -8.00055313               1
      270028      110010   2.41405866E-03  -8.21479893               1
      270028      120011   2.46615685E-03  -8.64957809               1
      270028      130012   2.56673060E-03  -9.11650276               1
      270028      140013   2.88671884E-03  -9.34888363               1
      270028      150014   3.54682561E-03  -9.28494644               1
      270028      160015   4.65341844E-03  -8.84975624               1
      270028      170016   6.44370029E-03  -8.26949120               1
      270028      180017   9.42682754E-03  -7.49096394               1
      270028      190018   1.48540968E-02  -6.61828518               1
      270028      200019   2.50217710E-02  -5.80738115               1
      270028      210020   4.39778566E-02  -5.10508013               1
      270028      220021   7.76253045E-02  -4.77940702               1
      270028      230022  0.137845978      -4.77664661               1
      270028      240023  0.269848436      -4.86766863               1
      270028      250024  0.662430286      -4.98344278               1
      270028      260025   2.58112431      -5.00930834               1
      270028      300029   2.59111738      -5.01449966               1
      270028      310030  0.659346104      -4.98643684               1
      270028      320031  0.266003132      -4.93015385               1
      270028      330032  0.134693861      -4.87478495               1
      280029       20001   9.97227035E-04  -6.63104057               1
      280029       30002   1.09545561E-03  -6.73450756               1
      280029       40003   1.19411410E-03  -6.86187935               1
      280029       50004   1.32486981E-03  -6.97299242               1
      280029       60005   1.46709406E-03  -7.09773350               1
      280029       70006   1.61655736E-03  -7.27183819               1
      280029       80007   1.77155866E-03  -7.39302254               1
      280029       90008   1.91549840E-03  -7.57203436               1
      280029      100009   2.04353919E-03  -7.76163673               1
      280029      110010   2.10513407E-03  -7.99164248               1
      280029      120011   2.12505530E-03  -8.45245743               1
      280029      130012   2.17699376E-03  -8.96067238               1
      280029      140013   2.40178290E-03  -9.24507332               1
      280029      150014   2.88792420E-03  -9.23252201               1
      280029      160015   3.69741418E-03  -8.84163475               1
      280029      170016   4.97727375E-03  -8.29580307               1
      280029      180017   7.04392465E-03  -7.53584719               1
      280029      190018   1.06934020E-02  -6.65920591               1
      280029      200019   1.73016209E-02  -5.82295656               1
      280029      210020   2.90785450E-02  -5.08585072               1
      280029      220021   4.85673659E-02  -4.72748518               1
      280029      230022   7.95782655E-02  -4.70914841               1
      280029      240023  0.136675104      -4.80668926               1
      280029      250024  0.268019825      -4.95242023               1
      280029      260025  0.659098089      -4.99850988               1
      280029      270026   2.57856703      -5.00915956               1
      280029      310030   2.59706736      -5.01241064               1
      280029      320031  0.656866193      -4.96899033               1
      280029      330032  0.265842885      -4.93649244               1
      290030       20001   9.17668571E-04  -6.29577875               1
      290030       30002   1.00425410E-03  -6.40632439               1
      290030       40003   1.09030318E-03  -6.54091644               1
      290030       50004   1.20467995E-03  -6.65938091               1
      290030       60005   1.32815330E-03  -6.79179573               1
      290030       70006   1.45667989E-03  -6.97390747               1
      290030       80007   1.58837100E-03  -7.10353994               1
      290030       90008   1.70786527E-03  -7.29185724               1
      290030      100009   1.81029434E-03  -7.49274206               1
      290030      110010   1.84997811E-03  -7.73831081               1
      290030      120011   1.84782327E-03  -8.22364616               1
      290030      130012   1.86694425E-03  -8.76940918               1
      290030      140013   2.02582311E-03  -9.09994602               1
      290030      150014   2.39159376E-03  -9.13182735               1
      290030      160015   3.00011062E-03  -8.77828312               1
      290030      170016   3.94559978E-03  -8.26126862               1
      290030      180017   5.43362880E-03  -7.51775265               1
      290030      190018   7.99916312E-03  -6.63976097               1
      290030      200019   1.25198588E-02  -5.78432083               1
      290030      210020   2.02945415E-02  -5.01955938               1
      290030      220021   3.24830860E-02  -4.63500452               1
      290030      230022   5.02365939E-02  -4.60404253               1
      290030      240023   7.91078359E-02  -4.70677185               1
      290030      250024  0.135435522      -4.87931204               1
      290030      260025  0.265649796      -4.95496511               1
      290030      270026  0.659832120      -4.97016668               1
      290030      280027   2.59116697      -5.01426697               1
      290030      320031   2.58836412      -4.97850609               1
      290030      330032  0.663290620      -4.96043873               1
      300031       20001   8.47272866E-04  -5.96427965               1
      300031       30002   9.23925429E-04  -6.08201075               1
      300031       40003   9.99316573E-04  -6.22394180               1
      300031       50004   1.09987287E-03  -6.34987640               1
      300031       60005   1.20765099E-03  -6.49008942               1
      300031       70006   1.31881947E-03  -6.68033361               1
      300031       80007   1.43140426E-03  -6.81854391               1
      300031       90008   1.53121701E-03  -7.01627922               1
      300031      100009   1.61351974E-03  -7.22843552               1
      300031      110010   1.63700245E-03  -7.48919010               1
      300031      120011   1.61970721E-03  -7.99773788               1
      300031      130012   1.61655108E-03  -8.57819939               1
      300031      140013   1.72888266E-03  -8.95061302               1
      300031      150014   2.00911495E-03  -9.02194691               1
      300031      160015   2.47730571E-03  -8.70057011               1
      300031      170016   3.19564017E-03  -8.20769882               1
      300031      180017   4.30314802E-03  -7.47793627               1
      300031      190018   6.17700256E-03  -6.59918594               1
      300031      200019   9.40850563E-03  -5.72800684               1
      300031      210020   1.48108611E-02  -4.93989801               1
      300031      220021   2.29246635E-02  -4.53268719               1
      300031      230022   3.39462496E-02  -4.48957825               1
      300031      240023   5.02610803E-02  -4.59439468               1
      300031      250024   7.86234662E-02  -4.78796244               1
      300031      260025  0.134427667      -4.89351511               1
      300031      270026  0.267041296      -4.92564964               1
      300031      280027  0.659417450      -4.98486996               1
      300031      290028   2.59710860      -5.01210165               1
      300031      330032   2.58733249      -5.00065184               1
      310032       20001   7.87166762E-04  -5.59801149               1
      310032       30002   8.55417398E-04  -5.72358847               1
      310032       40003   9.21842118E-04  -5.87353134               1
      310032       50004   1.01080607E-03  -6.00760126               1
      310032       60005   1.10549165E-03  -6.15628195               1
      310032       70006   1.20227656E-03  -6.35533047               1
      310032       80007   1.29915832E-03  -6.50280428               1
      310032       90008   1.38300064E-03  -6.71066093               1
      310032      100009   1.44926587E-03  -6.93477535               1
      310032      110010   1.46044244E-03  -7.21130037               1
      310032      120011   1.43240206E-03  -7.74329805               1
      310032      130012   1.41360797E-03  -8.35805988               1
      310032      140013   1.49201544E-03  -8.77130890               1
      310032      150014   1.70947576E-03  -8.88054943               1
      310032      160015   2.07607262E-03  -8.58936596               1
      310032      170016   2.63353717E-03  -8.11852264               1
      310032      180017   3.47869052E-03  -7.40118122               1
      310032      190018   4.88734804E-03  -6.52205610               1
      310032      200019   7.27479579E-03  -5.63715124               1
      310032      210020   1.11749498E-02  -4.82810450               1
      310032      220021   1.68294553E-02  -4.39992142               1
      310032      230022   2.40770802E-02  -4.34402370               1
      310032      240023   3.40153202E-02  -4.44758415               1
      310032      250024   4.98520359E-02  -4.65650654               1
      310032      260025   7.77055100E-02  -4.78909445               1
      310032      270026  0.134798735      -4.84449768               1
      310032      280027  0.266112387      -4.92429590               1
      310032      290028  0.656942368      -4.96688604               1
      310032      300029   2.58842349      -4.97807026               1
      320033       20001   7.37428956E-04  -5.21188307               1
      320033       30002   7.98642053E-04  -5.34571505               1
      320033       40003   8.57578532E-04  -5.50410223               1
      320033       50004   9.36905039E-04  -5.64675093               1
      320033       60005   1.02075108E-03  -5.80436516               1
      320033       70006   1.10568840E-03  -6.01270247               1
      320033       80007   1.18971837E-03  -6.16995525               1
      320033       90008   1.26061635E-03  -6.38848734               1
      320033      100009   1.31407054E-03  -6.62513065               1
      320033      110010   1.31579128E-03  -6.91796494               1
      320033      120011   1.28000288E-03  -7.47377682               1
      320033      130012   1.25008810E-03  -8.12288570               1
      320033      140013   1.30350480E-03  -8.57676125               1
      320033      150014   1.47440401E-03  -8.72349930               1
      320033      160015   1.76648144E-03  -8.46184635               1
      320033      170016   2.20812694E-03  -8.01221561               1
      320033      180017   2.86868820E-03  -7.30698061               1
      320033      190018   3.95685248E-03  -6.42840576               1
      320033      200019   5.77585958E-03  -5.53196955               1
      320033      210020   8.69237632E-03  -4.70452595               1
      320033      220021   1.27998497E-02  -4.25736332               1
      320033      230022   1.78137701E-02  -4.18883848               1
      320033      240023   2.42605228E-02  -4.28913498               1
      320033      250024   3.38406749E-02  -4.50934839               1
      320033      260025   4.93378825E-02  -4.66632891               1
      320033      270026   7.81410336E-02  -4.74912882               1
      320033      280027  0.134896547      -4.85899162               1
      320033      290028  0.266014963      -4.92902613               1
      320033      300029  0.663455069      -4.95780706               1
      320033      310030   2.58745527      -5.00018549               1
