         930
       10002       40003   2.59785008      -4.94066143               1
       10002       50004  0.660184503      -4.95832682               1
       10002       60005  0.265532017      -4.84027052               1
       10002       70006  0.133989662      -4.80450249               1
       10002       80007   7.76025802E-02  -4.73517656               1
       10002       90008   4.89020534E-02  -4.70073080               1
       10002      100009   3.26964632E-02  -4.65978622               1
       10002      110010   2.20690500E-02  -4.72982931               1
       10002      120011   1.46776540E-02  -5.06222963               1
       10002      130012   9.54149663E-03  -5.70484591               1
       10002      140013   6.29543327E-03  -6.36779642               1
       10002      150014   4.32763016E-03  -7.07740784               1
       10002      160015   3.08196805E-03  -7.59922409               1
       10002      170016   2.26924219E-03  -8.14962006               1
       10002      180017   1.70920754E-03  -8.43713379               1
       10002      190018   1.32856879E-03  -9.03923607               1
       10002      200019   1.07781182E-03  -9.29546261               1
       10002      210020   9.20300488E-04  -9.78422832               1
       10002      220021   8.16155807E-04  -9.78438473               1
       10002      230022   7.30036816E-04  -10.1389313               1
       10002      240023   6.58856821E-04  -10.0701771               1
       10002      250024   6.02195330E-04  -10.4747276               1
       10002      260025   5.48550044E-04  -10.3830662               1
       10002      270026   5.05655888E-04  -10.4185429               1
       10002      280027   4.63059638E-04  -10.1108809               1
       10002      290028   4.21276956E-04  -10.1239014               1
       10002      300029   3.82554630E-04  -10.2254524               1
       10002      310030   3.45423468E-04  -10.3367414               1
       10002      320031   3.08640156E-04  -10.2340088               1
       10002      330032   2.75083061E-04  -10.1441669               1
       20003       50004   2.60381317      -5.01537085               1
       20003       60005  0.659462392      -4.97068119               1
       20003       70006  0.266437918      -4.95133543               1
       20003       80007  0.135372341      -4.88662624               1
       20003       90008   7.83426091E-02  -4.85323858               1
       20003      100009   4.93672267E-02  -4.81533051               1
       20003      110010   3.18959318E-02  -4.88288021               1
       20003      120011   2.04867050E-02  -5.21418333               1
       20003      130012   1.29279187E-02  -5.86150026               1
       20003      140013   8.30461923E-03  -6.53923845               1
       20003      150014   5.57352556E-03  -7.27074003               1
       20003      160015   3.88496928E-03  -7.81959915               1
       20003      170016   2.80629657E-03  -8.40003300               1
       20003      180017   2.07721465E-03  -8.71720695               1
       20003      190018   1.58801873E-03  -9.35655117               1
       20003      200019   1.26740383E-03  -9.66057587               1
       20003      210020   1.06505794E-03  -10.2077360               1
       20003      220021   9.30759474E-04  -10.2727585               1
       20003      230022   8.21945316E-04  -10.6904335               1
       20003      240023   7.33594235E-04  -10.6821671               1
       20003      250024   6.63918618E-04  -11.1459599               1
       20003      260025   5.99333085E-04  -11.1156149               1
       20003      270026   5.47842763E-04  -11.2129841               1
       20003      280027   4.97756817E-04  -10.9680290               1
       20003      290028   4.49476705E-04  -11.0458765               1
       20003      300029   4.05238010E-04  -11.2159710               1
       20003      310030   3.63391824E-04  -11.3987122               1
       20003      320031   3.22530599E-04  -11.3680801               1
       20003      330032   2.85591494E-04  -11.3524094               1
       30004       20001   2.59726644      -4.94310188               1
       30004       60005   2.60286736      -4.96671057               1
       30004       70006  0.659931540      -4.98645687               1
       30004       80007  0.268029451      -4.93263292               1
       30004       90008  0.135998458      -4.89881992               1
       30004      100009   7.87632838E-02  -4.85976315               1
       30004      110010   4.80101034E-02  -4.91698933               1
       30004      120011   2.95008607E-02  -5.23883057               1
       30004      130012   1.79457050E-02  -5.88326359               1
       30004      140013   1.11591928E-02  -6.56994343               1
       30004      150014   7.27600046E-03  -7.31907606               1
       30004      160015   4.94304020E-03  -7.89191961               1
       30004      170016   3.49043217E-03  -8.49965286               1
       30004      180017   2.53131893E-03  -8.84241962               1
       30004      190018   1.89828733E-03  -9.51355171               1
       30004      200019   1.48693461E-03  -9.85794544               1
       30004      210020   1.22710736E-03  -10.4541330               1
       30004      220021   1.05473539E-03  -10.5738001               1
       30004      230022   9.18113277E-04  -11.0440636               1
       30004      240023   8.09294579E-04  -11.0859528               1
       30004      250024   7.24420242E-04  -11.5990887               1
       30004      260025   6.47413370E-04  -11.6208096               1
       30004      270026   5.86293638E-04  -11.7713604               1
       30004      280027   5.28055243E-04  -11.5810356               1
       30004      290028   4.72900749E-04  -11.7163839               1
       30004      300029   4.22960933E-04  -11.9485006               1
       30004      310030   3.76383599E-04  -12.1970835               1
       30004      320031   3.31576681E-04  -12.2335196               1
       30004      330032   2.91462318E-04  -12.2877808               1
       40005       20001  0.659578383      -4.96934223               1
       40005       30002   2.60353661      -5.01689005               1
       40005       70006   2.59071112      -4.92585373               1
       40005       80007  0.662873328      -4.89004660               1
       40005       90008  0.269453317      -4.86318398               1
       40005      100009  0.137226328      -4.82544374               1
       40005      110010   7.71066770E-02  -4.86694670               1
       40005      120011   4.47266065E-02  -5.17159653               1
       40005      130012   2.59978976E-02  -5.80558872               1
       40005      140013   1.55436089E-02  -6.49549246               1
       40005      150014   9.79109108E-03  -7.25871468               1
       40005      160015   6.45236718E-03  -7.85415697               1
       40005      170016   4.43638535E-03  -8.48909378               1
       40005      180017   3.14205093E-03  -8.85675335               1
       40005      190018   2.30522826E-03  -9.55801392               1
       40005      200019   1.76830147E-03  -9.93909550               1
       40005      210020   1.43050298E-03  -10.5779705               1
       40005      220021   1.20759383E-03  -10.7438822               1
       40005      230022   1.03503477E-03  -11.2568541               1
       40005      240023   9.00371058E-04  -11.3383026               1
       40005      250024   7.96662469E-04  -11.8898830               1
       40005      260025   7.04534759E-04  -11.9527121               1
       40005      270026   6.31856790E-04  -12.1454945               1
       40005      280027   5.63963549E-04  -11.9990120               1
       40005      290028   5.00759401E-04  -12.1813002               1
       40005      300029   4.44210018E-04  -12.4650946               1
       40005      310030   3.92191316E-04  -12.7695885               1
       40005      320031   3.42871237E-04  -12.8635006               1
       40005      330032   2.99144333E-04  -12.9785366               1
       50006       20001  0.264963239      -4.86813116               1
       50006       30002  0.659161210      -4.97757053               1
       50006       40003   2.60271549      -4.96762943               1
       50006       80007   2.60145068      -4.93817806               1
       50006       90008  0.666002870      -4.88900900               1
       50006      100009  0.272406936      -4.83901358               1
       50006      110010  0.135129169      -4.84463787               1
       50006      120011   7.23250881E-02  -5.11123943               1
       50006      130012   3.96322459E-02  -5.71564007               1
       50006      140013   2.25679521E-02  -6.39264059               1
       50006      150014   1.36312647E-02  -7.15743017               1
       50006      160015   8.65899492E-03  -7.76714182               1
       50006      170016   5.76603226E-03  -8.42465210               1
       50006      180017   3.97025887E-03  -8.81405067               1
       50006      190018   2.83878809E-03  -9.54352951               1
       50006      200019   2.12537427E-03  -9.95945072               1
       50006      210020   1.68052828E-03  -10.6382141               1
       50006      220021   1.38992711E-03  -10.8465319               1
       50006      230022   1.17076363E-03  -11.3969393               1
       50006      240023   1.00353267E-03  -11.5117483               1
       50006      250024   8.76625825E-04  -12.0951233               1
       50006      260025   7.66330340E-04  -12.1924629               1
       50006      270026   6.79987366E-04  -12.4209566               1
       50006      280027   6.00928848E-04  -12.3120766               1
       50006      290028   5.28608798E-04  -12.5355558               1
       50006      300029   4.64708748E-04  -12.8659248               1
       50006      310030   4.06759791E-04  -13.2220449               1
       50006      320031   3.52632662E-04  -13.3697281               1
       50006      330032   3.05135356E-04  -13.5426760               1
       60007       20001  0.133472994      -4.85592604               1
       60007       30002  0.266139090      -4.96815872               1
       60007       40003  0.659759462      -4.99045467               1
       60007       50004   2.59062266      -4.92637157               1
       60007       90008   2.59922695      -5.04292583               1
       60007      100009  0.672420621      -4.97442389               1
       60007      110010  0.270142138      -4.92412090               1
       60007      120011  0.128127784      -5.12826824               1
       60007      130012   6.47856966E-02  -5.68075037               1
       60007      140013   3.46741565E-02  -6.32614422               1
       60007      150014   1.98929552E-02  -7.07755518               1
       60007      160015   1.20883901E-02  -7.69148493               1
       60007      170016   7.74653675E-03  -8.36659718               1
       60007      180017   5.15795266E-03  -8.77579021               1
       60007      190018   3.57788592E-03  -9.53452301               1
       60007      200019   2.60435673E-03  -9.98794079               1
       60007      210020   2.00616498E-03  -10.7092381               1
       60007      220021   1.62141060E-03  -10.9616146               1
       60007      230022   1.33959542E-03  -11.5488853               1
       60007      240023   1.12986728E-03  -11.6946182               1
       60007      250024   9.73413989E-04  -12.3060837               1
       60007      260025   8.40496272E-04  -12.4335947               1
       60007      270026   7.37433031E-04  -12.6929903               1
       60007      280027   6.44940999E-04  -12.6166925               1
       60007      290028   5.61808294E-04  -12.8763266               1
       60007      300029   4.89296217E-04  -13.2483492               1
       60007      310030   4.24470665E-04  -13.6514635               1
       60007      320031   3.64812469E-04  -13.8485346               1
       60007      330032   3.13007855E-04  -14.0754461               1
       70008       20001   7.71411881E-02  -4.81724644               1
       70008       30002  0.135087311      -4.91869402               1
       70008       40003  0.267848909      -4.94298553               1
       70008       50004  0.662762403      -4.89252234               1
       70008       60005   2.60138512      -4.93850422               1
       70008      100009   2.59390640      -5.12541389               1
       70008      110010  0.670129359      -4.99277115               1
       70008      120011  0.259914219      -5.09469128               1
       70008      130012  0.116821535      -5.56005955               1
       70008      140013   5.75672723E-02  -6.14598513               1
       70008      150014   3.09624113E-02  -6.86160994               1
       70008      160015   1.78264175E-02  -7.46307516               1
       70008      170016   1.09082470E-02  -8.14506531               1
       70008      180017   6.97783241E-03  -8.56710529               1
       70008      190018   4.66962671E-03  -9.35163689               1
       70008      200019   3.28891724E-03  -9.84043980               1
       70008      210020   2.45836494E-03  -10.6007462               1
       70008      220021   1.93561602E-03  -10.8907318               1
       70008      230022   1.56523741E-03  -11.5042419               1
       70008      240023   1.29728520E-03  -11.6667833               1
       70008      250024   1.10137940E-03  -12.2894764               1
       70008      260025   9.38891200E-04  -12.4280291               1
       70008      270026   8.14367260E-04  -12.6971369               1
       70008      280027   7.04847276E-04  -12.6304636               1
       70008      290028   6.08121220E-04  -12.9015198               1
       70008      300029   5.24853531E-04  -13.2883577               1
       70008      310030   4.51446802E-04  -13.7097635               1
       70008      320031   3.84842366E-04  -13.9255762               1
       70008      330032   3.27596848E-04  -14.1735983               1
       80009       20001   4.85056564E-02  -4.81844091               1
       80009       30002   7.80857578E-02  -4.90517473               1
       80009       40003  0.135823876      -4.91913891               1
       80009       50004  0.269332856      -4.86987782               1
       80009       60005  0.665918112      -4.89068699               1
       80009       70006   2.59916997      -5.04320717               1
       80009      110010   2.60719705      -5.06546021               1
       80009      120011  0.660084426      -5.02901363               1
       80009      130012  0.244285122      -5.36173630               1
       80009      140013  0.106820583      -5.85117531               1
       80009      150014   5.27343377E-02  -6.50219774               1
       80009      160015   2.83665005E-02  -7.07038069               1
       80009      170016   1.64007712E-02  -7.74633217               1
       80009      180017   9.99210030E-03  -8.17418289               1
       80009      190018   6.40260754E-03  -8.98417091               1
       80009      200019   4.33439529E-03  -9.51305008               1
       80009      210020   3.12572508E-03  -10.3185883               1
       80009      220021   2.38665356E-03  -10.6505136               1
       80009      230022   1.88295473E-03  -11.2889366               1
       80009      240023   1.53041119E-03  -11.4613237               1
       80009      250024   1.27883872E-03  -12.0836172               1
       80009      260025   1.07562891E-03  -12.2178383               1
       80009      270026   9.22139967E-04  -12.4778948               1
       80009      280027   7.89951824E-04  -12.3991299               1
       80009      290028   6.75285934E-04  -12.6569548               1
       80009      300029   5.77912724E-04  -13.0306044               1
       80009      310030   4.93251020E-04  -13.4390783               1
       80009      320031   4.17465606E-04  -13.6391525               1
       80009      330032   3.52975476E-04  -13.8700209               1
       90010       20001   3.23659815E-02  -4.81753349               1
       90010       30002   4.91446443E-02  -4.89174795               1
       90010       40003   7.86023140E-02  -4.89416313               1
       90010       50004  0.137104020      -4.83949280               1
       90010       60005  0.272309452      -4.84402561               1
       90010       70006  0.672342777      -4.97598457               1
       90010       80007   2.59385085      -5.12569618               1
       90010      120011   2.61751676      -4.88836765               1
       90010      130012  0.644031525      -5.02720356               1
       90010      140013  0.232444987      -5.36562014               1
       90010      150014  0.101669639      -5.90794563               1
       90010      160015   5.00473976E-02  -6.41019344               1
       90010      170016   2.69612167E-02  -7.05783606               1
       90010      180017   1.54774599E-02  -7.47716570               1
       90010      190018   9.40872543E-03  -8.30800724               1
       90010      200019   6.07083738E-03  -8.88176823               1
       90010      210020   4.19175951E-03  -9.74339104               1
       90010      220021   3.08435713E-03  -10.1290712               1
       90010      230022   2.36335513E-03  -10.7979832               1
       90010      240023   1.87818438E-03  -10.9779472               1
       90010      250024   1.54210033E-03  -11.5905275               1
       90010      260025   1.27870589E-03  -11.7053337               1
       90010      270026   1.08332408E-03  -11.9360714               1
       90010      280027   9.18825681E-04  -11.8204660               1
       90010      290028   7.78807153E-04  -12.0359468               1
       90010      300029   6.61608588E-04  -12.3624392               1
       90010      310030   5.61103399E-04  -12.7193165               1
       90010      320031   4.72271611E-04  -12.8604488               1
       90010      330032   3.97392112E-04  -13.0256968               1
      100011       20001   2.18316261E-02  -4.92613268               1
      100011       30002   3.17405462E-02  -4.98436928               1
      100011       40003   4.79005538E-02  -4.96724176               1
      100011       50004   7.70245492E-02  -4.89051962               1
      100011       60005  0.135063678      -4.85496521               1
      100011       70006  0.270089030      -4.92844629               1
      100011       80007  0.670090795      -4.99416542               1
      100011       90008   2.60717630      -5.06572247               1
      100011      130012   2.61893225      -4.92683649               1
      100011      140013  0.632720530      -5.02430534               1
      100011      150014  0.228403449      -5.37838984               1
      100011      160015   9.93374437E-02  -5.75067234               1
      100011      170016   4.88283560E-02  -6.32031250               1
      100011      180017   2.60355212E-02  -6.69211817               1
      100011      190018   1.48409028E-02  -7.51793051               1
      100011      200019   9.02793463E-03  -8.12705231               1
      100011      210020   5.90494974E-03  -9.05273628               1
      100011      220021   4.14596777E-03  -9.51461220               1
      100011      230022   3.06058349E-03  -10.2389469               1
      100011      240023   2.36391532E-03  -10.4473820               1
      100011      250024   1.89873425E-03  -11.0656624               1
      100011      260025   1.54717243E-03  -11.1724997               1
      100011      270026   1.29227759E-03  -11.3816481               1
      100011      280027   1.08332420E-03  -11.2341719               1
      100011      290028   9.09354596E-04  -11.4104023               1
      100011      300029   7.66174402E-04  -11.6914635               1
      100011      310030   6.45298103E-04  -11.9973001               1
      100011      320031   5.39962319E-04  -12.0789413               1
      100011      330032   4.52101202E-04  -12.1772299               1
      110012       20001   1.45400446E-02  -5.28761530               1
      110012       30002   2.04124134E-02  -5.33468723               1
      110012       40003   2.94632278E-02  -5.30166864               1
      110012       50004   4.47115228E-02  -5.20347977               1
      110012       60005   7.23238066E-02  -5.12696218               1
      110012       70006  0.128135681      -5.13608646               1
      110012       80007  0.259931296      -5.09801054               1
      110012       90008  0.660112202      -5.03007984               1
      110012      100009   2.61756110      -4.88853502               1
      110012      140013   2.63101888      -4.94588137               1
      110012      150014  0.640873253      -5.03753805               1
      110012      160015  0.230411097      -5.21028852               1
      110012      170016  0.100072555      -5.64186907               1
      110012      180017   4.86560501E-02  -5.91339874               1
      110012      190018   2.56823059E-02  -6.68976831               1
      110012      200019   1.45714702E-02  -7.30263615               1
      110012      210020   8.93138628E-03  -8.27982140               1
      110012      220021   5.91940619E-03  -8.82880783               1
      110012      230022   4.17009275E-03  -9.63222313               1
      110012      240023   3.10709607E-03  -9.89466190               1
      110012      250024   2.42798007E-03  -10.5406837               1
      110012      260025   1.93639321E-03  -10.6580133               1
      110012      270026   1.58999918E-03  -10.8598728               1
      110012      280027   1.31484657E-03  -10.6914854               1
      110012      290028   1.09163160E-03  -10.8370476               1
      110012      300029   9.11532959E-04  -11.0795336               1
      110012      310030   7.62185897E-04  -11.3396912               1
      110012      320031   6.34062977E-04  -11.3660746               1
      110012      330032   5.28427598E-04  -11.4009628               1
      120013       20001   9.48431622E-03  -5.94202852               1
      120013       30002   1.29219703E-02  -5.98715830               1
      120013       40003   1.79730598E-02  -5.94835329               1
      120013       50004   2.60486268E-02  -5.83880615               1
      120013       60005   3.96994725E-02  -5.73267651               1
      120013       70006   6.48643225E-02  -5.69018841               1
      120013       80007  0.116909035      -5.56485128               1
      120013       90008  0.244380072      -5.36377525               1
      120013      100009  0.644136786      -5.02774143               1
      120013      110010   2.61902571      -4.92689180               1
      120013      150014   2.63356423      -5.08081198               1
      120013      160015  0.645015001      -4.99483442               1
      120013      170016  0.232877105      -5.22876835               1
      120013      180017  0.100502476      -5.34168530               1
      120013      190018   4.84490581E-02  -6.01104546               1
      120013      200019   2.54222713E-02  -6.57159376               1
      120013      210020   1.44953830E-02  -7.55175781               1
      120013      220021   8.99661332E-03  -8.16099739               1
      120013      230022   6.00013696E-03  -9.03950024               1
      120013      240023   4.28281631E-03  -9.36566353               1
      120013      250024   3.23803467E-03  -10.0537472               1
      120013      260025   2.51702312E-03  -10.1970444               1
      120013      270026   2.02554953E-03  -10.4056396               1
      120013      280027   1.64877728E-03  -10.2286720               1
      120013      290028   1.35198201E-03  -10.3546619               1
      120013      300029   1.11788022E-03  -10.5688810               1
      120013      310030   9.27602989E-04  -10.7929783               1
      120013      320031   7.67148333E-04  -10.7733936               1
      120013      330032   6.36519922E-04  -10.7543640               1
      130014       20001   6.27587922E-03  -6.60598230               1
      130014       30002   8.32773466E-03  -6.65934992               1
      130014       40003   1.12137180E-02  -6.62765360               1
      130014       50004   1.56229120E-02  -6.52222729               1
      130014       60005   2.26670112E-02  -6.40541792               1
      130014       70006   3.47879827E-02  -6.33384943               1
      130014       80007   5.76917157E-02  -6.15080070               1
      130014       90008  0.106952049      -5.85392666               1
      130014      100009  0.232583672      -5.36667299               1
      130014      110010  0.632847130      -5.02452850               1
      130014      120011   2.63111234      -4.94589949               1
      130014      160015   2.64635706      -4.97891045               1
      130014      170016  0.654466033      -4.96571016               1
      130014      180017  0.236244753      -4.86979151               1
      130014      190018  0.101448402      -5.38176060               1
      130014      200019   4.86613922E-02  -5.83666372               1
      130014      210020   2.56497618E-02  -6.76086617               1
      130014      220021   1.48303667E-02  -7.37876654               1
      130014      230022   9.31267906E-03  -8.29944420               1
      130014      240023   6.33495720E-03  -8.67434120               1
      130014      250024   4.61384514E-03  -9.39961910               1
      130014      260025   3.48396809E-03  -9.56895828               1
      130014      270026   2.74127792E-03  -9.78527927               1
      130014      280027   2.19312590E-03  -9.60035229               1
      130014      290028   1.77479407E-03  -9.70668793               1
      130014      300029   1.45285972E-03  -9.89180279               1
      130014      310030   1.19672762E-03  -10.0783749               1
      130014      320031   9.84565704E-04  -10.0113239               1
      130014      330032   8.14081752E-04  -9.93721008               1
      140015       20001   4.31088405E-03  -7.31115532               1
      140015       30002   5.59245376E-03  -7.37654543               1
      140015       40003   7.32401013E-03  -7.35879850               1
      140015       50004   9.86385904E-03  -7.26800871               1
      140015       60005   1.37254829E-02  -7.15604973               1
      140015       70006   2.00042576E-02  -7.07565880               1
      140015       80007   3.10860295E-02  -6.86126995               1
      140015       90008   5.28655425E-02  -6.50292730               1
      140015      100009  0.101806834      -5.90838671               1
      140015      110010  0.228530496      -5.37843037               1
      140015      120011  0.640972733      -5.03748894               1
      140015      130012   2.63361764      -5.08079624               1
      140015      170016   2.62749982      -5.12893581               1
      140015      180017  0.654962599      -4.77572775               1
      140015      190018  0.236291483      -5.08487368               1
      140015      200019  0.101106919      -5.39034605               1
      140015      210020   4.87165339E-02  -6.20685434               1
      140015      220021   2.60767806E-02  -6.78049469               1
      140015      230022   1.53409243E-02  -7.70126963               1
      140015      240023   9.89868585E-03  -8.10045719               1
      140015      250024   6.91498956E-03  -8.85285282               1
      140015      260025   5.05343033E-03  -9.04847622               1
      140015      270026   3.87562811E-03  -9.27850533               1
      140015      280027   3.04000103E-03  -9.09514618               1
      140015      290028   2.42328411E-03  -9.19394493               1
      140015      300029   1.96106010E-03  -9.36440754               1
      140015      310030   1.60168530E-03  -9.52984238               1
      140015      320031   1.30971312E-03  -9.43339062               1
      140015      330032   1.07839738E-03  -9.32432938               1
      150016       20001   3.04891448E-03  -7.83960056               1
      150016       30002   3.88168031E-03  -7.91694736               1
      150016       40003   4.96632513E-03  -7.91536427               1
      150016       50004   6.49959268E-03  -7.84472322               1
      150016       60005   8.72842222E-03  -7.74855423               1
      150016       70006   1.21765519E-02  -7.67628288               1
      150016       80007   1.79285686E-02  -7.45461369               1
      150016       90008   2.84774806E-02  -7.06737709               1
      150016      100009   5.01643792E-02  -6.40934515               1
      150016      110010   9.94474590E-02  -5.75038099               1
      150016      120011  0.230500251      -5.21017170               1
      150016      130012  0.645067155      -4.99481249               1
      150016      140013   2.64637947      -4.97889185               1
      150016      180017   2.62448835      -4.81530237               1
      150016      190018  0.653555930      -4.86754799               1
      150016      200019  0.234301284      -4.98569822               1
      150016      210020  0.100329250      -5.65177298               1
      150016      220021   4.89660762E-02  -6.13895893               1
      150016      230022   2.67233010E-02  -7.02280378               1
      150016      240023   1.62314493E-02  -7.42192221               1
      150016      250024   1.08052995E-02  -8.18900204               1
      150016      260025   7.59866135E-03  -8.40856647               1
      150016      270026   5.65199694E-03  -8.65557289               1
      150016      280027   4.32807533E-03  -8.48040104               1
      150016      290028   3.38600134E-03  -8.58060646               1
      150016      300029   2.70032161E-03  -8.74736500               1
      150016      310030   2.18086643E-03  -8.90410233               1
      150016      320031   1.76815921E-03  -8.79113483               1
      150016      330032   1.44655502E-03  -8.66096878               1
      160017       20001   2.20946339E-03  -8.42138767               1
      160017       30002   2.77118757E-03  -8.50451851               1
      160017       40003   3.47936968E-03  -8.51462364               1
      160017       50004   4.44799894E-03  -8.46253872               1
      160017       60005   5.79999946E-03  -8.38598061               1
      160017       70006   7.80040445E-03  -8.33241081               1
      160017       80007   1.09776612E-02  -8.12243176               1
      160017       90008   1.64806079E-02  -7.73472691               1
      160017      100009   2.70478204E-02  -7.05259657               1
      160017      110010   4.89117205E-02  -6.31805849               1
      160017      120011  0.100141950      -5.64097500               1
      160017      130012  0.232918844      -5.22850323               1
      160017      140013  0.654484689      -4.96557903               1
      160017      150014   2.62750554      -5.12892675               1
      160017      190018   2.63391829      -4.97265244               1
      160017      200019  0.648678362      -4.84889984               1
      160017      210020  0.231440514      -5.31122208               1
      160017      220021   9.98840928E-02  -5.66426325               1
      160017      230022   4.96946499E-02  -6.46836185               1
      160017      240023   2.80914418E-02  -6.83675718               1
      160017      250024   1.76691245E-02  -7.59960079               1
      160017      260025   1.18728988E-02  -7.83569241               1
      160017      270026   8.51286482E-03  -8.09960461               1
      160017      280027   6.33044867E-03  -7.93763256               1
      160017      290028   4.83856304E-03  -8.04798317               1
      160017      300029   3.78771638E-03  -8.22279930               1
      160017      310030   3.01468559E-03  -8.38466358               1
      160017      320031   2.41618650E-03  -8.26939392               1
      160017      330032   1.95879256E-03  -8.13305283               1
      170018       20001   1.61753665E-03  -8.77433777               1
      170018       30002   2.00590608E-03  -8.85501194               1
      170018       40003   2.48185988E-03  -8.86843395               1
      170018       50004   3.11412197E-03  -8.82697392               1
      170018       60005   3.96487862E-03  -8.76447105               1
      170018       70006   5.17375628E-03  -8.72772121               1
      170018       80007   7.01111183E-03  -8.53322124               1
      170018       90008   1.00380788E-02  -8.15602493               1
      170018      100009   1.55319571E-02  -7.46950531               1
      170018      110010   2.60911770E-02  -6.68962288               1
      170018      120011   4.87047397E-02  -5.91296244               1
      170018      130012  0.100532696      -5.34195709               1
      170018      140013  0.236258224      -4.86990499               1
      170018      150014  0.654965878      -4.77587223               1
      170018      160015   2.62448645      -4.81533384               1
      170018      200019   2.62942314      -4.91778898               1
      170018      210020  0.640684724      -5.08204699               1
      170018      220021  0.228792608      -5.22728157               1
      170018      230022  0.100471154      -5.88564301               1
      170018      240023   5.18885180E-02  -6.17355585               1
      170018      250024   3.04723270E-02  -6.89575958               1
      170018      260025   1.93949733E-02  -7.12482023               1
      170018      270026   1.33090457E-02  -7.39036798               1
      170018      280027   9.55250580E-03  -7.23274279               1
      170018      290028   7.09595857E-03  -7.34936762               1
      170018      300029   5.42793237E-03  -7.53232098               1
      170018      310030   4.24092263E-03  -7.70219326               1
      170018      320031   3.34874494E-03  -7.58814430               1
      170018      330032   2.68222950E-03  -7.44991875               1
      180019       20001   1.20416784E-03  -9.55369759               1
      180019       30002   1.48061314E-03  -9.61168480               1
      180019       40003   1.81109237E-03  -9.61007309               1
      180019       50004   2.23874464E-03  -9.56377602               1
      180019       60005   2.79521430E-03  -9.50461102               1
      180019       70006   3.55683919E-03  -9.48029613               1
      180019       80007   4.66801366E-03  -9.30556011               1
      180019       90008   6.41598972E-03  -8.95424557               1
      180019      100009   9.43238847E-03  -8.29216003               1
      180019      110010   1.48695707E-02  -7.51032877               1
      180019      120011   2.57096458E-02  -6.68637466               1
      180019      130012   4.84651215E-02  -6.00993156               1
      180019      140013  0.101451926      -5.38117075               1
      180019      150014  0.236285433      -5.08482599               1
      180019      160015  0.653543234      -4.86749935               1
      180019      170016   2.63390303      -4.97265339               1
      180019      210020   2.63394356      -5.17525768               1
      180019      220021  0.635951340      -5.09068012               1
      180019      230022  0.230281785      -5.56064320               1
      180019      240023  0.105150260      -5.73394012               1
      180019      250024   5.66100702E-02  -6.38976049               1
      180019      260025   3.37425433E-02  -6.59591198               1
      180019      270026   2.19798815E-02  -6.85256815               1
      180019      280027   1.51280109E-02  -6.69365644               1
      180019      290028   1.08623682E-02  -6.81541586               1
      180019      300029   8.08143988E-03  -7.00950718               1
      180019      310030   6.17389567E-03  -7.19360590               1
      180019      320031   4.78686392E-03  -7.08805418               1
      180019      330032   3.77710583E-03  -6.95624685               1
      190020       20001   9.24696331E-04  -10.0425787               1
      190020       30002   1.12914038E-03  -10.0741386               1
      190020       40003   1.36811100E-03  -10.0544157               1
      190020       50004   1.67000236E-03  -10.0008726               1
      190020       60005   2.05075555E-03  -9.94415379               1
      190020       70006   2.55379197E-03  -9.93383121               1
      190020       80007   3.25972075E-03  -9.78488445               1
      190020       90008   4.32224525E-03  -9.47290993               1
      190020      100009   6.07027253E-03  -8.86033058               1
      190020      110010   9.03501548E-03  -8.11721039               1
      190020      120011   1.45807005E-02  -7.29863214               1
      190020      130012   2.54244152E-02  -6.57084274               1
      190020      140013   4.86519746E-02  -5.83655071               1
      190020      150014  0.101085290      -5.39083338               1
      190020      160015  0.234268457      -4.98587990               1
      190020      170016  0.648637474      -4.84902525               1
      190020      180017   2.62937760      -4.91778469               1
      190020      220021   2.62419987      -4.88147640               1
      190020      230022  0.636914611      -5.09295464               1
      190020      240023  0.239732191      -5.09393024               1
      190020      250024  0.114459708      -5.63924789               1
      190020      260025   6.27638549E-02  -5.79369688               1
      190020      270026   3.84001322E-02  -6.01865864               1
      190020      280027   2.51616314E-02  -5.84044313               1
      190020      290028   1.73673481E-02  -5.95362854               1
      190020      300029   1.25101870E-02  -6.14928770               1
      190020      310030   9.30938497E-03  -6.34169769               1
      190020      320031   7.06443889E-03  -6.24039364               1
      190020      330032   5.47617767E-03  -6.11227608               1
      200021       20001   7.47415237E-04  -10.9358292               1
      200021       30002   9.06351081E-04  -10.9170351               1
      200021       40003   1.08817313E-03  -10.8567781               1
      200021       50004   1.31277542E-03  -10.7752218               1
      200021       60005   1.58784783E-03  -10.7019749               1
      200021       70006   1.93936983E-03  -10.6892138               1
      200021       80007   2.41488381E-03  -10.5537949               1
      200021       90008   3.10103036E-03  -10.2757683               1
      200021      100009   4.17936081E-03  -9.71927929               1
      200021      110010   5.90141304E-03  -9.04038429               1
      200021      120011   8.93108640E-03  -8.27289295               1
      200021      130012   1.44889336E-02  -7.54846859               1
      200021      140013   2.56293118E-02  -6.75897503               1
      200021      150014   4.86779809E-02  -6.20635462               1
      200021      160015  0.100271672      -5.65118504               1
      200021      170016  0.231365934      -5.31094742               1
      200021      180017  0.640597045      -5.08175850               1
      200021      190018   2.63385963      -5.17522717               1
      200021      230022   2.61428356      -5.14715719               1
      200021      240023  0.653119564      -4.95476198               1
      200021      250024  0.256638676      -5.35529804               1
      200021      260025  0.124997824      -5.43590164               1
      200021      270026   7.05064237E-02  -5.60845280               1
      200021      280027   4.35165390E-02  -5.39205217               1
      200021      290028   2.86755338E-02  -5.48015690               1
      200021      300029   1.98983494E-02  -5.66427517               1
      200021      310030   1.43659711E-02  -5.85577488               1
      200021      320031   1.06352009E-02  -5.75194740               1
      200021      330032   8.07724800E-03  -5.62302160               1
      210022       20001   6.34608557E-04  -11.1998529               1
      210022       30002   7.63853895E-04  -11.1563063               1
      210022       40003   9.08693764E-04  -11.0789347               1
      210022       50004   1.08400651E-03  -10.9896898               1
      210022       60005   1.29303441E-03  -10.9170313               1
      210022       70006   1.55226060E-03  -10.9156132               1
      210022       80007   1.89156039E-03  -10.8047867               1
      210022       90008   2.36279960E-03  -10.5705805               1
      210022      100009   3.07316356E-03  -10.0827026               1
      210022      110010   4.14396916E-03  -9.49176311               1
      210022      120011   5.92033518E-03  -8.81842232               1
      210022      130012   8.99055041E-03  -8.15807819               1
      210022      140013   1.48065258E-02  -7.37944746               1
      210022      150014   2.60282662E-02  -6.78278637               1
      210022      160015   4.88904491E-02  -6.14003992               1
      210022      170016   9.97825339E-02  -5.66482019               1
      210022      180017  0.228669316      -5.22703981               1
      210022      190018  0.635823905      -5.09072876               1
      210022      200019   2.62409616      -4.88143349               1
      210022      240023   2.61264443      -4.68302250               1
      210022      250024  0.672161281      -4.90639353               1
      210022      260025  0.268216819      -4.90342093               1
      210022      270026  0.134213358      -5.01191807               1
      210022      280027   7.64671117E-02  -4.74602699               1
      210022      290028   4.75618020E-02  -4.79815006               1
      210022      300029   3.15666050E-02  -4.96094084               1
      210022      310030   2.20002942E-02  -5.14331675               1
      210022      320031   1.58289578E-02  -5.02926922               1
      210022      330032   1.17437514E-02  -4.89287758               1
      220023       20001   5.48574317E-04  -12.0453691               1
      220023       30002   6.55861921E-04  -11.9446802               1
      220023       40003   7.73920678E-04  -11.8179407               1
      220023       50004   9.14357835E-04  -11.6887655               1
      220023       60005   1.07800518E-03  -11.5840092               1
      220023       70006   1.27587514E-03  -11.5603542               1
      220023       80007   1.52783887E-03  -11.4392872               1
      220023       90008   1.86675449E-03  -11.2120714               1
      220023      100009   2.36013718E-03  -10.7552490               1
      220023      110010   3.06681590E-03  -10.2199850               1
      220023      120011   4.17901808E-03  -9.62424183               1
      220023      130012   6.00159680E-03  -9.03751469               1
      220023      140013   9.29404143E-03  -8.30212307               1
      220023      150014   1.52936745E-02  -7.70551825               1
      220023      160015   2.66443659E-02  -7.02469158               1
      220023      170016   4.95850816E-02  -6.46880102               1
      220023      180017  0.100335926      -5.88440132               1
      220023      190018  0.230139032      -5.56009722               1
      220023      200019  0.636794090      -5.09237957               1
      220023      210020   2.61421704      -5.14708233               1
      220023      250024   2.60000229      -5.09593678               1
      220023      260025  0.669301450      -5.03929567               1
      220023      270026  0.272011369      -5.08966494               1
      220023      280027  0.137048885      -4.76988125               1
      220023      290028   7.86374882E-02  -4.77806091               1
      220023      300029   4.92612682E-02  -4.91114759               1
      220023      310030   3.28646302E-02  -5.07660532               1
      220023      320031   2.28466969E-02  -4.94401598               1
      220023      330032   1.64874420E-02  -4.79252338               1
      230024       20001   4.85900382E-04  -12.2019224               1
      230024       30002   5.77000610E-04  -12.0797548               1
      230024       40003   6.75559219E-04  -11.9358397               1
      230024       50004   7.91039260E-04  -11.7945900               1
      230024       60005   9.22943349E-04  -11.6812096               1
      230024       70006   1.07905862E-03  -11.6537285               1
      230024       80007   1.27342681E-03  -11.5351181               1
      230024       90008   1.52818323E-03  -11.3207645               1
      230024      100009   1.88892032E-03  -10.8928881               1
      230024      110010   2.38386006E-03  -10.4047756               1
      230024      120011   3.12900962E-03  -9.87657070               1
      230024      130012   4.29639639E-03  -9.36207485               1
      230024      140013   6.32652361E-03  -8.68310928               1
      230024      150014   9.85894352E-03  -8.11308575               1
      230024      160015   1.61572639E-02  -7.43090868               1
      230024      170016   2.79842298E-02  -6.84163857               1
      230024      180017   5.17543256E-02  -6.17378426               1
      230024      190018  0.105007932      -5.73380661               1
      230024      200019  0.239613071      -5.09275484               1
      230024      210020  0.653058648      -4.95451355               1
      230024      220021   2.61264539      -4.68286753               1
      230024      260025   2.58042717      -4.99660349               1
      230024      270026  0.666522384      -4.99563837               1
      230024      280027  0.270550430      -4.61967993               1
      230024      290028  0.136726543      -4.57962894               1
      230024      300029   7.88086653E-02  -4.68034935               1
      230024      310030   4.95746136E-02  -4.82686853               1
      230024      320031   3.29733863E-02  -4.67150593               1
      230024      330032   2.29871701E-02  -4.50081110               1
      240025       20001   4.46148071E-04  -13.0834570               1
      240025       30002   5.25644864E-04  -12.9144154               1
      240025       40003   6.10154762E-04  -12.7274637               1
      240025       50004   7.07781117E-04  -12.5479527               1
      240025       60005   8.17221240E-04  -12.3988228               1
      240025       70006   9.44302708E-04  -12.3392143               1
      240025       80007   1.09953689E-03  -12.1930780               1
      240025       90008   1.29870058E-03  -11.9586792               1
      240025      100009   1.57462433E-03  -11.5228500               1
      240025      110010   1.93968043E-03  -11.0408497               1
      240025      120011   2.46946071E-03  -10.5377302               1
      240025      130012   3.26946960E-03  -10.0607414               1
      240025      140013   4.62093484E-03  -9.41914558               1
      240025      150014   6.88807433E-03  -8.87413216               1
      240025      160015   1.07413121E-02  -8.20329952               1
      240025      170016   1.75698195E-02  -7.60584974               1
      240025      180017   3.03445850E-02  -6.89380121               1
      240025      190018   5.64730391E-02  -6.38640881               1
      240025      200019  0.114345722      -5.63415480               1
      240025      210020  0.256585300      -5.35275650               1
      240025      220021  0.672175825      -4.90481997               1
      240025      230022   2.60004044      -5.09563637               1
      240025      270026   2.58648825      -5.38290834               1
      240025      280027  0.663396537      -5.00849342               1
      240025      290028  0.268972576      -4.94450569               1
      240025      300029  0.136090338      -5.02826357               1
      240025      310030   7.86340907E-02  -5.16520023               1
      240025      320031   4.92604673E-02  -4.98856306               1
      240025      330032   3.28339823E-02  -4.79740047               1
      250026       20001   4.13511472E-04  -13.0220671               1
      250026       30002   4.83385345E-04  -12.8611212               1
      250026       40003   5.56385261E-04  -12.6825495               1
      250026       50004   6.39604696E-04  -12.5119801               1
      250026       60005   7.31254637E-04  -12.3706169               1
      250026       70006   8.35838378E-04  -12.3184385               1
      250026       80007   9.61479498E-04  -12.1802197               1
      250026       90008   1.11976708E-03  -11.9568872               1
      250026      100009   1.33522088E-03  -11.5387831               1
      250026      110010   1.61139714E-03  -11.0826225               1
      250026      120011   1.99997216E-03  -10.6176653               1
      250026      130012   2.56928126E-03  -10.1863098               1
      250026      140013   3.51052522E-03  -9.58901882               1
      250026      150014   5.04470803E-03  -9.07864952               1
      250026      160015   7.55181303E-03  -8.43376637               1
      250026      170016   1.17899841E-02  -7.85002279               1
      250026      180017   1.92833897E-02  -7.12623501               1
      250026      190018   3.36212404E-02  -6.59254122               1
      250026      200019   6.26652613E-02  -5.78549099               1
      250026      210020  0.124961160      -5.43065834               1
      250026      220021  0.268253386      -4.89929581               1
      250026      230022  0.669370174      -5.03795862               1
      250026      240023   2.58048964      -4.99620914               1
      250026      280027   2.58023882      -4.84717417               1
      250026      290028  0.659013867      -4.78237629               1
      250026      300029  0.266596943      -4.88336134               1
      250026      310030  0.134938478      -5.03954887               1
      250026      320031   7.75372908E-02  -4.85748816               1
      250026      330032   4.86279540E-02  -4.65707827               1
      260027       20001   3.97550029E-04  -12.9791641               1
      260027       30002   4.60512907E-04  -12.8410826               1
      260027       40003   5.25019947E-04  -12.6839514               1
      260027       50004   5.97567181E-04  -12.5335073               1
      260027       60005   6.75999851E-04  -12.4090424               1
      260027       70006   7.63970544E-04  -12.3712740               1
      260027       80007   8.68041941E-04  -12.2456455               1
      260027       90008   9.97054973E-04  -12.0354223               1
      260027      100009   1.17016351E-03  -11.6337214               1
      260027      110010   1.38574431E-03  -11.1978683               1
      260027      120011   1.68111757E-03  -10.7608452               1
      260027      130012   2.10339786E-03  -10.3619995               1
      260027      140013   2.79156491E-03  -9.79634094               1
      260027      150014   3.88898002E-03  -9.31153393               1
      260027      160015   5.62566938E-03  -8.68816090               1
      260027      170016   8.44890624E-03  -8.11952877               1
      260027      180017   1.32147642E-02  -7.39293385               1
      260027      190018   2.18732301E-02  -6.84628534               1
      260027      200019   3.83124650E-02  -6.00372314               1
      260027      210020   7.04772249E-02  -5.59681416               1
      260027      220021  0.134257600      -5.00178480               1
      260027      230022  0.272093207      -5.08501434               1
      260027      240023  0.666604578      -4.99344873               1
      260027      250024   2.58655500      -5.38264561               1
      260027      290028   2.58472443      -4.84136677               1
      260027      300029  0.659404099      -4.95002937               1
      260027      310030  0.266952217      -5.14452839               1
      260027      320031  0.134417415      -4.96361446               1
      260027      330032   7.73402601E-02  -4.75502729               1
      270028       20001   3.82419385E-04  -12.2004166               1
      270028       30002   4.39220865E-04  -12.1183023               1
      270028       40003   4.96290857E-04  -12.0149279               1
      270028       50004   5.59644192E-04  -11.9156303               1
      270028       60005   6.26902911E-04  -11.8381500               1
      270028       70006   7.01101380E-04  -11.8436804               1
      270028       80007   7.87651981E-04  -11.7582073               1
      270028       90008   8.93414137E-04  -11.5872803               1
      270028      100009   1.03368005E-03  -11.2261524               1
      270028      110010   1.20378390E-03  -10.8323946               1
      270028      120011   1.43155106E-03  -10.4414806               1
      270028      130012   1.75078283E-03  -10.0884829               1
      270028      140013   2.26660469E-03  -9.56284046               1
      270028      150014   3.07605718E-03  -9.10845852               1
      270028      160015   4.32416145E-03  -8.50973606               1
      270028      170016   6.28856337E-03  -7.95986509               1
      270028      180017   9.47963726E-03  -7.23741293               1
      270028      190018   1.50407534E-02  -6.68653154               1
      270028      200019   2.50895489E-02  -5.82039595               1
      270028      210020   4.34983335E-02  -5.37443352               1
      270028      220021   7.65209943E-02  -4.72914076               1
      270028      230022  0.137145668      -4.76085138               1
      270028      240023  0.270656198      -4.61437082               1
      270028      250024  0.663495302      -5.00741577               1
      270028      260025   2.58030462      -4.84694147               1
      270028      300029   2.59220266      -4.79370832               1
      270028      310030  0.658902884      -5.01840591               1
      270028      320031  0.265153617      -4.84110498               1
      270028      330032  0.133720219      -4.62458324               1
      280029       20001   3.66724067E-04  -11.9199076               1
      280029       30002   4.17917763E-04  -11.8716345               1
      280029       40003   4.68371669E-04  -11.8010569               1
      280029       50004   5.23686642E-04  -11.7332745               1
      280029       60005   5.81370085E-04  -11.6843328               1
      280029       70006   6.43993437E-04  -11.7157393               1
      280029       80007   7.16094219E-04  -11.6537552               1
      280029       90008   8.03065544E-04  -11.5056076               1
      280029      100009   9.17326950E-04  -11.1682024               1
      280029      110010   1.05249113E-03  -10.7989063               1
      280029      120011   1.22986175E-03  -10.4355240               1
      280029      130012   1.47453777E-03  -10.1105680               1
      280029      140013   1.86855847E-03  -9.61000061               1
      280029      150014   2.47999979E-03  -9.17528725               1
      280029      160015   3.40336747E-03  -8.59430122               1
      280029      170016   4.81849676E-03  -8.06047058               1
      280029      180017   7.04498030E-03  -7.34507036               1
      280029      190018   1.07955011E-02  -6.79682779               1
      280029      200019   1.73118878E-02  -5.91848946               1
      280029      210020   2.86685769E-02  -5.44692373               1
      280029      220021   4.76242751E-02  -4.76576471               1
      280029      230022   7.87476599E-02  -4.75752497               1
      280029      240023  0.136855498      -4.56577206               1
      280029      250024  0.269105375      -4.93956518               1
      280029      260025  0.659124494      -4.78040600               1
      280029      270026   2.58481979      -4.84103870               1
      280029      310030   2.59684634      -5.14855099               1
      280029      320031  0.655249596      -5.02366257               1
      280029      330032  0.264356643      -4.81483364               1
      290030       20001   3.52622970E-04  -11.6866436               1
      290030       30002   3.98901873E-04  -11.6724834               1
      290030       40003   4.43627912E-04  -11.6353331               1
      290030       50004   4.92066203E-04  -11.5999889               1
      290030       60005   5.41671354E-04  -11.5808592               1
      290030       70006   5.94671234E-04  -11.6396322               1
      290030       80007   6.54938864E-04  -11.6027212               1
      290030       90008   7.26773927E-04  -11.4788074               1
      290030      100009   8.20440939E-04  -11.1661139               1
      290030      110010   9.28603869E-04  -10.8215494               1
      290030      120011   1.06799579E-03  -10.4848070               1
      290030      130012   1.25788036E-03  -10.1860056               1
      290030      140013   1.56409887E-03  -9.70821953               1
      290030      150014   2.03597755E-03  -9.29128265               1
      290030      160015   2.73686904E-03  -8.72696304               1
      290030      170016   3.78769753E-03  -8.20981026               1
      290030      180017   5.39730676E-03  -7.50554991               1
      290030      190018   8.03357735E-03  -6.96686983               1
      290030      200019   1.24698775E-02  -6.08713055               1
      290030      210020   1.99005511E-02  -5.60324001               1
      290030      220021   3.16343233E-02  -4.90115356               1
      290030      230022   4.93802913E-02  -4.86812782               1
      290030      240023   7.89559558E-02  -4.64846659               1
      290030      250024  0.136253119      -5.01245117               1
      290030      260025  0.266750455      -4.87491035               1
      290030      270026  0.659553230      -4.94706488               1
      290030      280027   2.59232187      -4.79291677               1
      290030      320031   2.59237838      -5.12234306               1
      290030      330032  0.659179389      -4.99822140               1
      300031       20001   3.37254955E-04  -11.3584852               1
      300031       30002   3.78997065E-04  -11.3817511               1
      300031       40003   4.18570096E-04  -11.3817358               1
      300031       50004   4.60925541E-04  -11.3828497               1
      300031       60005   5.03527990E-04  -11.3980455               1
      300031       70006   5.48335433E-04  -11.4890833               1
      300031       80007   5.98691229E-04  -11.4824495               1
      300031       90008   6.58056641E-04  -11.3881483               1
      300031      100009   7.35014852E-04  -11.1054506               1
      300031      110010   8.21826048E-04  -10.7907085               1
      300031      120011   9.31894465E-04  -10.4850359               1
      300031      130012   1.08040508E-03  -10.2158546               1
      300031      140013   1.32125313E-03  -9.76327705               1
      300031      150014   1.69112685E-03  -9.36576939               1
      300031      160015   2.23346404E-03  -8.81931686               1
      300031      170016   3.03216698E-03  -8.32037354               1
      300031      180017   4.22873301E-03  -7.63076591               1
      300031      190018   6.14391733E-03  -7.10690641               1
      300031      200019   9.28404927E-03  -6.23416185               1
      300031      210020   1.43780457E-02  -5.74881124               1
      300031      220021   2.20744330E-02  -5.03849792               1
      300031      230022   3.29937972E-02  -4.99418640               1
      300031      240023   4.97421175E-02  -4.76155710               1
      300031      250024   7.88303614E-02  -5.12556887               1
      300031      260025  0.135141462      -5.01442051               1
      300031      270026  0.267165929      -5.13211966               1
      300031      280027  0.659101009      -5.01296473               1
      300031      290028   2.59700179      -5.14741039               1
      300031      330032   2.58457446      -5.00989437               1
      310032       20001   3.18135833E-04  -10.4977684               1
      310032       30002   3.55446391E-04  -10.5726652               1
      310032       40003   3.90173023E-04  -10.6242819               1
      310032       50004   4.26929095E-04  -10.6764402               1
      310032       60005   4.63256176E-04  -10.7409906               1
      310032       70006   5.00881637E-04  -10.8796902               1
      310032       80007   5.42698777E-04  -10.9191208               1
      310032       90008   5.91502059E-04  -10.8707123               1
      310032      100009   6.54494681E-04  -10.6346464               1
      310032      110010   7.23951613E-04  -10.3669004               1
      310032      120011   8.10727186E-04  -10.1094990               1
      310032      130012   9.26988723E-04  -9.88583279               1
      310032      140013   1.11725705E-03  -9.47149849               1
      310032      150014   1.40926777E-03  -9.10279560               1
      310032      160015   1.83318218E-03  -8.58020210               1
      310032      170016   2.44844984E-03  -8.10287094               1
      310032      180017   3.35337617E-03  -7.43023062               1
      310032      190018   4.77467058E-03  -6.92234182               1
      310032      200019   7.05603603E-03  -6.05800486               1
      310032      210020   1.06616337E-02  -5.57275438               1
      310032      220021   1.59164034E-02  -4.85553932               1
      310032      230022   2.29946151E-02  -4.79993963               1
      310032      240023   3.31713930E-02  -4.55231237               1
      310032      250024   4.95030507E-02  -4.90690804               1
      310032      260025   7.78063461E-02  -4.79995918               1
      310032      270026  0.134718254      -4.92931747               1
      310032      280027  0.265461206      -4.82186270               1
      310032      290028  0.655537307      -5.01645136               1
      310032      300029   2.59263682      -5.12090445               1
      320033       20001   3.01290798E-04  -9.39426041               1
      320033       30002   3.34708049E-04  -9.52974415               1
      320033       40003   3.65212705E-04  -9.64231205               1
      320033       50004   3.97135533E-04  -9.75506687               1
      320033       60005   4.28105443E-04  -9.87887096               1
      320033       70006   4.59672417E-04  -10.0754366               1
      320033       80007   4.94373322E-04  -10.1714640               1
      320033       90008   5.34486724E-04  -10.1799288               1
      320033      100009   5.86129783E-04  -10.0018749               1
      320033      110010   6.41755119E-04  -9.79300976               1
      320033      120011   7.10310880E-04  -9.59605598               1
      320033      130012   8.01775139E-04  -9.42955780               1
      320033      140013   9.53505922E-04  -9.06355286               1
      320033      150014   1.18690706E-03  -8.73153782               1
      320033      160015   1.52323209E-03  -8.23874187               1
      320033      170016   2.00562924E-03  -7.78764629               1
      320033      180017   2.70431861E-03  -7.13643312               1
      320033      190018   3.78478016E-03  -6.64878988               1
      320033      200019   5.48913144E-03  -5.79800510               1
      320033      210020   8.12576618E-03  -5.31884670               1
      320033      220021   1.18556628E-02  -4.60144901               1
      320033      230022   1.66675132E-02  -4.54168558               1
      320033      240023   2.32304521E-02  -4.28673553               1
      320033      250024   3.31391618E-02  -4.63760138               1
      320033      260025   4.89813574E-02  -4.53607273               1
      320033      270026   7.77506307E-02  -4.67365980               1
      320033      280027  0.134165853      -4.57182121               1
      320033      290028  0.264814854      -4.78855228               1
      320033      300029  0.659652829      -4.98883247               1
      320033      310030   2.58501196      -5.00809383               1
