         930
       10002       40003   2.59725332      -4.97121859               1
       10002       50004  0.659664392      -4.93556643               1
       10002       60005  0.264595598      -4.85592508               1
       10002       70006  0.132900894      -4.66710997               1
       10002       80007   7.65652061E-02  -4.58760643               1
       10002       90008   4.80550490E-02  -4.50608778               1
       10002      100009   3.21411677E-02  -4.41979265               1
       10002      110010   2.21457183E-02  -4.50060081               1
       10002      120011   1.56049840E-02  -4.89949036               1
       10002      130012   1.11276554E-02  -5.48809004               1
       10002      140013   8.10209848E-03  -6.10028458               1
       10002      150014   6.07299386E-03  -6.75119877               1
       10002      160015   4.65389108E-03  -7.22985363               1
       10002      170016   3.65232606E-03  -7.72883892               1
       10002      180017   2.91549088E-03  -8.14513302               1
       10002      190018   2.38114456E-03  -8.47996426               1
       10002      200019   1.99104985E-03  -8.68801212               1
       10002      210020   1.70779810E-03  -8.64974594               1
       10002      220021   1.50009152E-03  -8.49323177               1
       10002      230022   1.32697145E-03  -8.38931656               1
       10002      240023   1.18333788E-03  -8.22507668               1
       10002      250024   1.06139970E-03  -8.07398796               1
       10002      260025   9.45735548E-04  -7.98658991               1
       10002      270026   8.51535646E-04  -7.92102766               1
       10002      280027   7.64643657E-04  -7.78356028               1
       10002      290028   6.86059706E-04  -7.71810198               1
       10002      300029   6.18663267E-04  -7.62503147               1
       10002      310030   5.58176718E-04  -7.54544163               1
       10002      320031   5.03109477E-04  -7.46781540               1
       10002      330032   4.54347697E-04  -7.33857346               1
       20003       50004   2.60070944      -4.99280596               1
       20003       60005  0.659036279      -4.98650169               1
       20003       70006  0.265008330      -4.82389927               1
       20003       80007  0.133730397      -4.75853062               1
       20003       90008   7.69096538E-02  -4.69147921               1
       20003      100009   4.83554304E-02  -4.60813379               1
       20003      110010   3.18098739E-02  -4.68254042               1
       20003      120011   2.16038842E-02  -5.08034229               1
       20003      130012   1.49438549E-02  -5.67456293               1
       20003      140013   1.06016705E-02  -6.29910278               1
       20003      150014   7.77201727E-03  -6.97098446               1
       20003      160015   5.84238907E-03  -7.47401905               1
       20003      170016   4.50875377E-03  -7.99885988               1
       20003      180017   3.54584842E-03  -8.44493771               1
       20003      190018   2.85701454E-03  -8.81403828               1
       20003      200019   2.35949131E-03  -9.06263542               1
       20003      210020   2.00103386E-03  -9.06865120               1
       20003      220021   1.73996214E-03  -8.95374870               1
       20003      230022   1.52555818E-03  -8.88778496               1
       20003      240023   1.34981039E-03  -8.75833988               1
       20003      250024   1.20227633E-03  -8.63910389               1
       20003      260025   1.06444024E-03  -8.58349991               1
       20003      270026   9.52801609E-04  -8.55035114               1
       20003      280027   8.50947050E-04  -8.44522476               1
       20003      290028   7.59650196E-04  -8.41247368               1
       20003      300029   6.81779813E-04  -8.35304737               1
       20003      310030   6.12398959E-04  -8.30713558               1
       20003      320031   5.49672113E-04  -8.26328468               1
       20003      330032   4.94438864E-04  -8.16751671               1
       30004       20001   2.59710050      -4.97230911               1
       30004       60005   2.60170913      -5.06711578               1
       30004       70006  0.658834219      -4.94638491               1
       30004       80007  0.265869021      -4.89028788               1
       30004       90008  0.133855373      -4.83360815               1
       30004      100009   7.71444440E-02  -4.74604130               1
       30004      110010   4.77314591E-02  -4.80470276               1
       30004      120011   3.09334528E-02  -5.19365835               1
       30004      130012   2.06046179E-02  -5.78747368               1
       30004      140013   1.41607374E-02  -6.41991091               1
       30004      150014   1.01062665E-02  -7.11017895               1
       30004      160015   7.42445374E-03  -7.63536263               1
       30004      170016   5.61728748E-03  -8.18329906               1
       30004      180017   4.34143003E-03  -8.65587044               1
       30004      190018   3.44380783E-03  -9.05529022               1
       30004      200019   2.80402531E-03  -9.34021282               1
       30004      210020   2.34765140E-03  -9.38604641               1
       30004      220021   2.01815227E-03  -9.30771160               1
       30004      230022   1.75189634E-03  -9.27429962               1
       30004      240023   1.53653033E-03  -9.17402935               1
       30004      250024   1.35794166E-03  -9.08085060               1
       30004      260025   1.19374273E-03  -9.05130291               1
       30004      270026   1.06159167E-03  -9.04498100               1
       30004      280027   9.42421262E-04  -8.96670246               1
       30004      290028   8.36622552E-04  -8.96127892               1
       30004      300029   7.46929203E-04  -8.93023777               1
       30004      310030   6.67636457E-04  -8.91285896               1
       30004      320031   5.96482481E-04  -8.89767265               1
       30004      330032   5.34208957E-04  -8.83030701               1
       40005       20001  0.659505010      -4.94116831               1
       40005       30002   2.60063791      -4.99361610               1
       40005       70006   2.59357762      -4.96915054               1
       40005       80007  0.660573363      -4.93609571               1
       40005       90008  0.266262919      -4.89546108               1
       40005      100009  0.134564862      -4.79953051               1
       40005      110010   7.64501467E-02  -4.83247519               1
       40005      120011   4.66026962E-02  -5.20401764               1
       40005      130012   2.96054240E-02  -5.79092789               1
       40005      140013   1.95697453E-02  -6.42687750               1
       40005      150014   1.35209812E-02  -7.13369036               1
       40005      160015   9.66432318E-03  -7.67987013               1
       40005      170016   7.14337733E-03  -8.24917698               1
       40005      180017   5.41054877E-03  -8.74570370               1
       40005      190018   4.21588682E-03  -9.17174339               1
       40005      200019   3.37815844E-03  -9.48839092               1
       40005      210020   2.78807501E-03  -9.56858349               1
       40005      220021   2.36668787E-03  -9.52031803               1
       40005      230022   2.03211838E-03  -9.51231861               1
       40005      240023   1.76539272E-03  -9.43368244               1
       40005      250024   1.54711842E-03  -9.35874271               1
       40005      260025   1.34972553E-03  -9.34733677               1
       40005      270026   1.19199103E-03  -9.35993195               1
       40005      280027   1.05145981E-03  -9.30059052               1
       40005      290028   9.27938614E-04  -9.31459999               1
       40005      300029   8.23903654E-04  -9.30404091               1
       40005      310030   7.32677057E-04  -9.30734825               1
       40005      320031   6.51445647E-04  -9.31297016               1
       40005      330032   5.80802502E-04  -9.26617146               1
       50006       20001  0.264451206      -4.87113953               1
       50006       30002  0.658961415      -4.99040127               1
       50006       40003   2.60167003      -5.06768513               1
       50006       80007   2.60260677      -4.91109943               1
       50006       90008  0.661408842      -4.90941620               1
       50006      100009  0.267862350      -4.80749893               1
       50006      110010  0.133698449      -4.80252790               1
       50006      120011   7.48237893E-02  -5.14528131               1
       50006      130012   4.46730480E-02  -5.71699238               1
       50006      140013   2.81161163E-02  -6.35161018               1
       50006      150014   1.86638702E-02  -7.07430363               1
       50006      160015   1.29022039E-02  -7.64267302               1
       50006      170016   9.27270856E-03  -8.23470688               1
       50006      180017   6.85688946E-03  -8.75633144               1
       50006      190018   5.23212831E-03  -9.20936680               1
       50006      200019   4.11546789E-03  -9.55757809               1
       50006      210020   3.34125687E-03  -9.67124271               1
       50006      220021   2.79589067E-03  -9.65081120               1
       50006      230022   2.37127510E-03  -9.66491890               1
       50006      240023   2.03818758E-03  -9.60384369               1
       50006      250024   1.76954526E-03  -9.54249763               1
       50006      260025   1.53083180E-03  -9.54440308               1
       50006      270026   1.34162849E-03  -9.57107067               1
       50006      280027   1.17521454E-03  -9.52578449               1
       50006      290028   1.03050028E-03  -9.55436993               1
       50006      300029   9.09489114E-04  -9.55948353               1
       50006      310030   8.04294075E-04  -9.57873249               1
       50006      320031   7.11394532E-04  -9.60041714               1
       50006      330032   6.31153118E-04  -9.56945419               1
       60007       20001  0.132773668      -4.69830227               1
       60007       30002  0.264937043      -4.83460045               1
       60007       40003  0.658792913      -4.94922829               1
       60007       50004   2.59355855      -4.96958065               1
       60007       90008   2.60057878      -4.97623730               1
       60007      100009  0.664989948      -4.86412334               1
       60007      110010  0.267006755      -4.79045773               1
       60007      120011  0.131376475      -5.07602978               1
       60007      130012   7.19802603E-02  -5.61183786               1
       60007      140013   4.25015017E-02  -6.23192072               1
       60007      150014   2.68314965E-02  -6.96486998               1
       60007      160015   1.78021844E-02  -7.55388069               1
       60007      170016   1.23658581E-02  -8.16875935               1
       60007      180017   8.88512935E-03  -8.71649265               1
       60007      190018   6.61394512E-03  -9.19741917               1
       60007      200019   5.09107485E-03  -9.57794857               1
       60007      210020   4.05583298E-03  -9.72521687               1
       60007      220021   3.33883637E-03  -9.73119545               1
       60007      230022   2.79271579E-03  -9.76463413               1
       60007      240023   2.37201131E-03  -9.71733189               1
       60007      250024   2.03813380E-03  -9.66505051               1
       60007      260025   1.74694764E-03  -9.67545700               1
       60007      270026   1.51829212E-03  -9.71129608               1
       60007      280027   1.31990772E-03  -9.67507458               1
       60007      290028   1.14935078E-03  -9.71322346               1
       60007      300029   1.00784819E-03  -9.72900963               1
       60007      310030   8.85970250E-04  -9.75922775               1
       60007      320031   7.79273338E-04  -9.79198170               1
       60007      330032   6.87781023E-04  -9.77185059               1
       70008       20001   7.64556006E-02  -4.63729429               1
       70008       30002  0.133666024      -4.77846336               1
       70008       40003  0.265829206      -4.89721537               1
       70008       50004  0.660551786      -4.93790054               1
       70008       60005   2.60259485      -4.91135311               1
       70008      100009   2.59413075      -5.04830837               1
       70008      110010  0.663439631      -4.90072107               1
       70008      120011  0.263432354      -5.09773636               1
       70008      130012  0.126997679      -5.57068300               1
       70008      140013   6.87024891E-02  -6.16022778               1
       70008      150014   4.06426080E-02  -6.89900732               1
       70008      160015   2.56151818E-02  -7.51041651               1
       70008      170016   1.70644354E-02  -8.15276527               1
       70008      180017   1.18418541E-02  -8.73315716               1
       70008      190018   8.55774060E-03  -9.24917221               1
       70008      200019   6.42129639E-03  -9.66970158               1
       70008      210020   5.00397105E-03  -9.85790920               1
       70008      220021   4.04262077E-03  -9.89573669               1
       70008      230022   3.32841882E-03  -9.95199108               1
       70008      240023   2.78943637E-03  -9.92038727               1
       70008      250024   2.36935192E-03  -9.87793541               1
       70008      260025   2.01026956E-03  -9.89713287               1
       70008      270026   1.73128583E-03  -9.94222450               1
       70008      280027   1.49274431E-03  -9.91495609               1
       70008      290028   1.29015546E-03  -9.96247578               1
       70008      300029   1.12352159E-03  -9.98874855               1
       70008      310030   9.81398742E-04  -10.0297356               1
       70008      320031   8.58120853E-04  -10.0733271               1
       70008      330032   7.53222092E-04  -10.0637703               1
       80009       20001   4.79708798E-02  -4.57701159               1
       80009       30002   7.68611953E-02  -4.72321510               1
       80009       40003  0.133825928      -4.84677553               1
       80009       50004  0.266247153      -4.90011358               1
       80009       60005  0.661400199      -4.91063070               1
       80009       70006   2.60057473      -4.97638988               1
       80009      110010   2.60228395      -4.89865017               1
       80009      120011  0.660671830      -4.98675919               1
       80009      130012  0.257414848      -5.35797167               1
       80009      140013  0.122245841      -5.89112329               1
       80009      150014   6.61251321E-02  -6.62970495               1
       80009      160015   3.89755294E-02  -7.26803541               1
       80009      170016   2.46299114E-02  -7.94674730               1
       80009      180017   1.63706411E-02  -8.57116318               1
       80009      190018   1.14098219E-02  -9.13402081               1
       80009      200019   8.30118358E-03  -9.60617828               1
       80009      210020   6.30068826E-03  -9.84543800               1
       80009      220021   4.97849146E-03  -9.92146969               1
       80009      230022   4.02426673E-03  -10.0031204               1
       80009      240023   3.32115078E-03  -9.98673820               1
       80009      250024   2.78438465E-03  -9.95131302               1
       80009      260025   2.33560405E-03  -9.97520447               1
       80009      270026   1.99123053E-03  -10.0246420               1
       80009      280027   1.70142855E-03  -10.0007601               1
       80009      290028   1.45856384E-03  -10.0516319               1
       80009      300029   1.26070983E-03  -10.0820417               1
       80009      310030   1.09373441E-03  -10.1272097               1
       80009      320031   9.50321963E-04  -10.1747980               1
       80009      330032   8.29296769E-04  -10.1687727               1
       90010       20001   3.20812017E-02  -4.51278114               1
       90010       30002   4.83231656E-02  -4.65303993               1
       90010       40003   7.71261454E-02  -4.76709604               1
       90010       50004  0.134555802      -4.80860996               1
       90010       60005  0.267857373      -4.81082630               1
       90010       70006  0.664987147      -4.86498976               1
       90010       80007   2.59413028      -5.04849148               1
       90010      120011   2.60797691      -4.91444731               1
       90010      130012  0.654441178      -5.10167122               1
       90010      140013  0.251062453      -5.50480604               1
       90010      150014  0.119056061      -6.20689392               1
       90010      160015   6.40428290E-02  -6.86047554               1
       90010      170016   3.77940461E-02  -7.57632923               1
       90010      180017   2.37955935E-02  -8.25318623               1
       90010      190018   1.58595648E-02  -8.87514305               1
       90010      200019   1.11120343E-02  -9.41371059               1
       90010      210020   8.16996861E-03  -9.71887207               1
       90010      220021   6.28672680E-03  -9.84424686               1
       90010      230022   4.97294823E-03  -9.95784664               1
       90010      240023   4.03164886E-03  -9.95917225               1
       90010      250024   3.33013176E-03  -9.93006039               1
       90010      260025   2.75789271E-03  -9.95604801               1
       90010      270026   2.32513226E-03  -10.0059767               1
       90010      280027   1.96726364E-03  -9.98059654               1
       90010      290028   1.67170027E-03  -10.0291977               1
       90010      300029   1.43347483E-03  -10.0575485               1
       90010      310030   1.23470346E-03  -10.1002636               1
       90010      320031   1.06576574E-03  -10.1448030               1
       90010      330032   9.24451859E-04  -10.1349401               1
      100011       20001   2.21201237E-02  -4.60829020               1
      100011       30002   3.18070091E-02  -4.73570776               1
      100011       40003   4.77406196E-02  -4.83078957               1
      100011       50004   7.64673129E-02  -4.84473038               1
      100011       60005  0.133719504      -4.80772877               1
      100011       70006  0.267029911      -4.79220724               1
      100011       80007  0.663464546      -4.90135431               1
      100011       90008   2.60230756      -4.89874887               1
      100011      130012   2.60591292      -4.96831226               1
      100011      140013  0.644262612      -5.12700033               1
      100011      150014  0.246477425      -5.71543360               1
      100011      160015  0.115943506      -6.34827280               1
      100011      170016   6.23121671E-02  -7.09090900               1
      100011      180017   3.65626179E-02  -7.82615042               1
      100011      190018   2.30289660E-02  -8.52239323               1
      100011      200019   1.53945247E-02  -9.14968681               1
      100011      210020   1.08810766E-02  -9.54669476               1
      100011      220021   8.10422841E-03  -9.74481392               1
      100011      230022   6.24354323E-03  -9.90856647               1
      100011      240023   4.95420909E-03  -9.94045544               1
      100011      250024   4.02033795E-03  -9.92599678               1
      100011      260025   3.27985687E-03  -9.95987225               1
      100011      270026   2.72956281E-03  -10.0144472               1
      100011      280027   2.28346838E-03  -9.99037933               1
      100011      290028   1.92109111E-03  -10.0386448               1
      100011      300029   1.63257995E-03  -10.0663671               1
      100011      310030   1.39489677E-03  -10.1076155               1
      100011      320031   1.19522936E-03  -10.1497307               1
      100011      330032   1.02983858E-03  -10.1363621               1
      110012       20001   1.56085920E-02  -5.00779915               1
      110012       30002   2.16272566E-02  -5.13004494               1
      110012       40003   3.09687648E-02  -5.21553516               1
      110012       50004   4.66466509E-02  -5.21280766               1
      110012       60005   7.48730898E-02  -5.14810514               1
      110012       70006  0.131429151      -5.07630777               1
      110012       80007  0.263487160      -5.09782410               1
      110012       90008  0.660725117      -4.98663378               1
      110012      100009   2.60802937      -4.91435528               1
      110012      140013   2.61438084      -4.78514433               1
      110012      150014  0.646581411      -5.13525915               1
      110012      160015  0.245253131      -5.66691256               1
      110012      170016  0.115122549      -6.39661217               1
      110012      180017   6.14179857E-02  -7.18196917               1
      110012      190018   3.59661952E-02  -7.96260357               1
      110012      200019   2.26639267E-02  -8.70236206               1
      110012      210020   1.52529199E-02  -9.22360039               1
      110012      220021   1.09114442E-02  -9.52664757               1
      110012      230022   8.13834276E-03  -9.76724625               1
      110012      240023   6.29201112E-03  -9.84926414               1
      110012      250024   4.99944156E-03  -9.86236763               1
      110012      260025   4.00767708E-03  -9.91271019               1
      110012      270026   3.28606879E-03  -9.97738075               1
      110012      280027   2.71428307E-03  -9.95745373               1
      110012      290028   2.25847866E-03  -10.0062914               1
      110012      300029   1.90068444E-03  -10.0328827               1
      110012      310030   1.61006290E-03  -10.0710106               1
      110012      320031   1.36901473E-03  -10.1081343               1
      110012      330032   1.17146363E-03  -10.0879812               1
      120013       20001   1.11502102E-02  -5.58714056               1
      120013       30002   1.49852801E-02  -5.71047258               1
      120013       40003   2.06599701E-02  -5.79520416               1
      120013       50004   2.96723917E-02  -5.78761387               1
      120013       60005   4.47492413E-02  -5.71062660               1
      120013       70006   7.20636323E-02  -5.60580492               1
      120013       80007  0.127086058      -5.56724072               1
      120013       90008  0.257503778      -5.35605097               1
      120013      100009  0.654529572      -5.10078049               1
      120013      110010   2.60597825      -4.96810198               1
      120013      150014   2.61765814      -4.85844994               1
      120013      160015  0.645371139      -5.08555174               1
      120013      170016  0.244921297      -5.65726233               1
      120013      180017  0.114274137      -6.40697002               1
      120013      190018   6.08188175E-02  -7.22606039               1
      120013      200019   3.55893187E-02  -8.06083584               1
      120013      210020   2.25536376E-02  -8.70967007               1
      120013      220021   1.53603293E-02  -9.13129425               1
      120013      230022   1.10145733E-02  -9.46447754               1
      120013      240023   8.25272035E-03  -9.60948086               1
      120013      250024   6.39436906E-03  -9.65831566               1
      120013      260025   5.02107618E-03  -9.72995090               1
      120013      270026   4.04667435E-03  -9.80691528               1
      120013      280027   3.29439854E-03  -9.79091930               1
      120013      290028   2.70744343E-03  -9.83829880               1
      120013      300029   2.25413125E-03  -9.86037636               1
      120013      310030   1.89169182E-03  -9.89089394               1
      120013      320031   1.59526686E-03  -9.91762638               1
      120013      330032   1.35515456E-03  -9.88460732               1
      130014       20001   8.12681019E-03  -6.19286108               1
      130014       30002   1.06445299E-02  -6.32015800               1
      130014       40003   1.42192235E-02  -6.40974665               1
      130014       50004   1.96424369E-02  -6.40638733               1
      130014       60005   2.82015596E-02  -6.33073568               1
      130014       70006   4.25978266E-02  -6.21481514               1
      130014       80007   6.88069761E-02  -6.14952564               1
      130014       90008  0.122353479      -5.88488770               1
      130014      100009  0.251170605      -5.50163841               1
      130014      110010  0.644350469      -5.12589312               1
      130014      120011   2.61444354      -4.78496790               1
      130014      160015   2.63014340      -4.92418623               1
      130014      170016  0.650647163      -5.11125040               1
      130014      180017  0.246089324      -5.66118193               1
      130014      190018  0.114613675      -6.41072273               1
      130014      200019   6.09249659E-02  -7.27681255               1
      130014      210020   3.58349830E-02  -8.02210236               1
      130014      220021   2.29906756E-02  -8.55127811               1
      130014      230022   1.57220867E-02  -8.97661209               1
      130014      240023   1.13449497E-02  -9.18707943               1
      130014      250024   8.53116345E-03  -9.27276897               1
      130014      260025   6.53846376E-03  -9.36539173               1
      130014      270026   5.16568031E-03  -9.45282745               1
      130014      280027   4.13665175E-03  -9.43714333               1
      130014      290028   3.35304975E-03  -9.47798157               1
      130014      300029   2.75901752E-03  -9.48929024               1
      130014      310030   2.29233503E-03  -9.50498199               1
      130014      320031   1.91648153E-03  -9.51331902               1
      130014      330032   1.61587924E-03  -9.45887661               1
      140015       20001   6.08549127E-03  -6.85205317               1
      140015       30002   7.80128036E-03  -6.98538685               1
      140015       40003   1.01515753E-02  -7.08491802               1
      140015       50004   1.35815470E-02  -7.09500980               1
      140015       60005   1.87391061E-02  -7.03552628               1
      140015       70006   2.69199312E-02  -6.93225956               1
      140015       80007   4.07414511E-02  -6.87656069               1
      140015       90008   6.62293658E-02  -6.61546898               1
      140015      100009  0.119162083      -6.19886971               1
      140015      110010  0.246566668      -5.71196795               1
      140015      120011  0.646648884      -5.13432169               1
      140015      130012   2.61769319      -4.85831642               1
      140015      170016   2.61702347      -4.92776442               1
      140015      180017  0.649675906      -5.10325527               1
      140015      190018  0.246071339      -5.64622784               1
      140015      200019  0.114605039      -6.45514297               1
      140015      210020   6.12838194E-02  -7.24935579               1
      140015      220021   3.65495756E-02  -7.86463642               1
      140015      230022   2.36140415E-02  -8.37657070               1
      140015      240023   1.62964109E-02  -8.65408611               1
      140015      250024   1.18301706E-02  -8.77963257               1
      140015      260025   8.81354511E-03  -8.89664841               1
      140015      270026   6.80441642E-03  -8.99766350               1
      140015      280027   5.34719648E-03  -8.98434258               1
      140015      290028   4.26731119E-03  -9.01975060               1
      140015      300029   3.46568390E-03  -9.02071190               1
      140015      310030   2.84803915E-03  -9.02134800               1
      140015      320031   2.35892949E-03  -9.01057053               1
      140015      330032   1.97314471E-03  -8.93366623               1
      150016       20001   4.64591896E-03  -7.36827278               1
      150016       30002   5.84957283E-03  -7.50435925               1
      150016       40003   7.44748674E-03  -7.61153364               1
      150016       50004   9.70293581E-03  -7.63445807               1
      150016       60005   1.29566491E-02  -7.59322214               1
      150016       70006   1.78715549E-02  -7.50969553               1
      150016       80007   2.56969854E-02  -7.47761869               1
      150016       90008   3.90651301E-02  -7.24579048               1
      150016      100009   6.41361102E-02  -6.84697294               1
      150016      110010  0.116024405      -6.34175873               1
      150016      120011  0.245316699      -5.66478491               1
      150016      130012  0.645407379      -5.08512783               1
      150016      140013   2.63015890      -4.92414713               1
      150016      180017   2.61307216      -4.87792730               1
      150016      190018  0.649200916      -5.02042484               1
      150016      200019  0.245458275      -5.63060093               1
      150016      210020  0.114839561      -6.39055729               1
      150016      220021   6.22563064E-02  -7.04836035               1
      150016      230022   3.74629274E-02  -7.62785721               1
      150016      240023   2.44817939E-02  -7.96565485               1
      150016      250024   1.70310307E-02  -8.12874222               1
      150016      260025   1.22638186E-02  -8.27054596               1
      150016      270026   9.21119750E-03  -8.38688850               1
      150016      280027   7.07855821E-03  -8.37758541               1
      150016      290028   5.54646226E-03  -8.40893650               1
      150016      300029   4.43631923E-03  -8.40076637               1
      150016      310030   3.59965977E-03  -8.38723087               1
      150016      320031   2.94963433E-03  -8.35796833               1
      150016      330032   2.44490500E-03  -8.25907612               1
      160017       20001   3.61962873E-03  -7.94774628               1
      160017       30002   4.48934035E-03  -8.07851982               1
      160017       40003   5.61290607E-03  -8.18556309               1
      160017       50004   7.15412106E-03  -8.21428967               1
      160017       60005   9.29955672E-03  -8.18560791               1
      160017       70006   1.24085071E-02  -8.11908150               1
      160017       80007   1.71208829E-02  -8.11177158               1
      160017       90008   2.46961527E-02  -7.91635370               1
      160017      100009   3.78658026E-02  -7.55618334               1
      160017      110010   6.23760410E-02  -7.07998705               1
      160017      120011  0.115173645      -6.39228868               1
      160017      130012  0.244950473      -5.65608835               1
      160017      140013  0.650659382      -5.11104345               1
      160017      150014   2.61702704      -4.92776585               1
      160017      190018   2.61900687      -4.87681627               1
      160017      200019  0.647162557      -5.11046362               1
      160017      210020  0.245109066      -5.71743870               1
      160017      220021  0.116085358      -6.35035324               1
      160017      230022   6.35861829E-02  -6.96654844               1
      160017      240023   3.87864895E-02  -7.35246658               1
      160017      250024   2.56035924E-02  -7.54843950               1
      160017      260025   1.76904462E-02  -7.71552992               1
      160017      270026   1.28532592E-02  -7.85105944               1
      160017      280027   9.61602479E-03  -7.85096693               1
      160017      290028   7.37184472E-03  -7.88430166               1
      160017      300029   5.79066295E-03  -7.87384415               1
      160017      310030   4.62879986E-03  -7.85329103               1
      160017      320031   3.74556868E-03  -7.81293249               1
      160017      330032   3.07192444E-03  -7.69959545               1
      170018       20001   2.85669346E-03  -8.49847507               1
      170018       30002   3.49856447E-03  -8.61849213               1
      170018       40003   4.30827821E-03  -8.71994686               1
      170018       50004   5.39194886E-03  -8.74923897               1
      170018       60005   6.85451692E-03  -8.72846127               1
      170018       70006   8.89934041E-03  -8.67608929               1
      170018       80007   1.18712997E-02  -8.69320583               1
      170018       90008   1.64121352E-02  -8.53782940               1
      170018      100009   2.38449797E-02  -8.22892475               1
      170018      110010   3.66091095E-02  -7.81161833               1
      170018      120011   6.14566542E-02  -7.17543077               1
      170018      130012  0.114296585      -6.40493822               1
      170018      140013  0.246098682      -5.66079426               1
      170018      150014  0.649678171      -5.10330153               1
      170018      160015   2.61307001      -4.87791824               1
      170018      200019   2.61549211      -4.85741329               1
      170018      210020  0.644669414      -5.15466213               1
      170018      220021  0.246255010      -5.65786076               1
      170018      230022  0.117873020      -6.25808382               1
      170018      240023   6.55597672E-02  -6.67003489               1
      170018      250024   4.04729694E-02  -6.88891411               1
      170018      260025   2.65655387E-02  -7.07876825               1
      170018      270026   1.85323413E-02  -7.23551559               1
      170018      280027   1.34195061E-02  -7.24843693               1
      170018      290028   1.00188991E-02  -7.28854179               1
      170018      300029   7.70018855E-03  -7.28138971               1
      170018      310030   6.04562927E-03  -7.25954962               1
      170018      320031   4.81914496E-03  -7.21381998               1
      170018      330032   3.90287582E-03  -7.09167528               1
      180019       20001   2.29843264E-03  -9.02803230               1
      180019       30002   2.78418255E-03  -9.13246155               1
      180019       40003   3.38412635E-03  -9.22326088               1
      180019       50004   4.16998658E-03  -9.24784184               1
      180019       60005   5.20223472E-03  -9.22956848               1
      180019       70006   6.60096761E-03  -9.18654156               1
      180019       80007   8.56092107E-03  -9.22419357               1
      180019       90008   1.14267264E-02  -9.10673714               1
      180019      100009   1.58861857E-02  -8.85213089               1
      180019      110010   2.30567995E-02  -8.50682831               1
      180019      120011   3.59900445E-02  -7.95472622               1
      180019      130012   6.08307905E-02  -7.22344398               1
      180019      140013  0.114614926      -6.41035271               1
      180019      150014  0.246065512      -5.64650869               1
      180019      160015  0.649189770      -5.02046585               1
      180019      170016   2.61899495      -4.87685061               1
      180019      210020   2.61634040      -4.95095396               1
      180019      220021  0.646460593      -5.16879988               1
      180019      230022  0.249413624      -5.65150595               1
      180019      240023  0.121432282      -6.03501081               1
      180019      250024   6.85162097E-02  -6.24549770               1
      180019      260025   4.21243273E-02  -6.44118738               1
      180019      270026   2.79434379E-02  -6.61084127               1
      180019      280027   1.94442254E-02  -6.63290119               1
      180019      290028   1.40590258E-02  -6.67897224               1
      180019      300029   1.05253523E-02  -6.67679644               1
      180019      310030   8.08794610E-03  -6.65674973               1
      180019      320031   6.33293251E-03  -6.60966253               1
      180019      330032   5.05283847E-03  -6.48331881               1
      190020       20001   1.88954268E-03  -9.47645283               1
      190020       30002   2.26655044E-03  -9.56558228               1
      190020       40003   2.72338139E-03  -9.64578819               1
      190020       50004   3.31055396E-03  -9.66542149               1
      190020       60005   4.06352291E-03  -9.64911556               1
      190020       70006   5.05611254E-03  -9.61503506               1
      190020       80007   6.40302524E-03  -9.67311192               1
      190020       90008   8.29777028E-03  -9.59433651               1
      190020      100009   1.11195659E-02  -9.39831448               1
      190020      110010   1.54063404E-02  -9.13677120               1
      190020      120011   2.26743333E-02  -8.69501877               1
      190020      130012   3.55906151E-02  -8.05872917               1
      190020      140013   6.09162003E-02  -7.27738094               1
      190020      150014  0.114587583      -6.45643711               1
      190020      160015  0.245433003      -5.63114119               1
      190020      170016  0.647133350      -5.11078310               1
      190020      180017   2.61546040      -4.85748720               1
      190020      220021   2.60975885      -4.90325069               1
      190020      230022  0.648997426      -5.16655684               1
      190020      240023  0.254897058      -5.45212126               1
      190020      250024  0.126228139      -5.60938978               1
      190020      260025   7.10786879E-02  -5.78588629               1
      190020      270026   4.42273840E-02  -5.95489788               1
      190020      280027   2.93024536E-02  -5.97799730               1
      190020      290028   2.03798935E-02  -6.02574396               1
      190020      300029   1.47837885E-02  -6.02744293               1
      190020      310030   1.10720582E-02  -6.01009607               1
      190020      320031   8.48729163E-03  -5.96395540               1
      190020      330032   6.65324042E-03  -5.83665419               1
      200021       20001   1.59537233E-03  -9.66488838               1
      200021       30002   1.89632538E-03  -9.74601078               1
      200021       40003   2.25466304E-03  -9.82218838               1
      200021       50004   2.70756148E-03  -9.84241009               1
      200021       60005   3.27605987E-03  -9.83236313               1
      200021       70006   4.00751038E-03  -9.81030941               1
      200021       80007   4.97251237E-03  -9.89045143               1
      200021       90008   6.28462806E-03  -9.85053921               1
      200021      100009   8.16534366E-03  -9.71341419               1
      200021      110010   1.08825332E-02  -9.53884888               1
      200021      120011   1.52540216E-02  -9.21931076               1
      200021      130012   2.25465242E-02  -8.71084785               1
      200021      140013   3.58165316E-02  -8.02667713               1
      200021      150014   6.12532422E-02  -7.25454187               1
      200021      160015  0.114796847      -6.39374161               1
      200021      170016  0.245057359      -5.71939945               1
      200021      180017  0.644610941      -5.15544081               1
      200021      190018   2.61628819      -4.95114326               1
      200021      230022   2.60367918      -4.89275455               1
      200021      240023  0.656546593      -5.00913572               1
      200021      250024  0.262494981      -5.04597425               1
      200021      260025  0.129936099      -5.16016722               1
      200021      270026   7.41430297E-02  -5.30247879               1
      200021      280027   4.61420901E-02  -5.30841017               1
      200021      290028   3.05916686E-02  -5.34495401               1
      200021      300029   2.13603675E-02  -5.34215689               1
      200021      310030   1.55122699E-02  -5.32233238               1
      200021      320031   1.15940543E-02  -5.27440310               1
      200021      330032   8.90090037E-03  -5.14522600               1
      210022       20001   1.38626737E-03  -9.68439388               1
      210022       30002   1.63354911E-03  -9.76232338               1
      210022       40003   1.92324317E-03  -9.83816242               1
      210022       50004   2.28396733E-03  -9.86112976               1
      210022       60005   2.72824964E-03  -9.85752678               1
      210022       70006   3.28788441E-03  -9.84537792               1
      210022       80007   4.00842633E-03  -9.94244289               1
      210022       90008   4.95970529E-03  -9.93228722               1
      210022      100009   6.27917051E-03  -9.84106636               1
      210022      110010   8.10330268E-03  -9.73709393               1
      210022      120011   1.09097827E-02  -9.52301693               1
      210022      130012   1.53496265E-02  -9.13570404               1
      210022      140013   2.29657181E-02  -8.56188107               1
      210022      150014   3.65076326E-02  -7.87686920               1
      210022      160015   6.21965565E-02  -7.05741453               1
      210022      170016  0.116010360      -6.35656357               1
      210022      180017  0.246167704      -5.66099691               1
      210022      190018  0.646374464      -5.16999245               1
      210022      200019   2.60968852      -4.90349770               1
      210022      240023   2.60588408      -5.01693106               1
      210022      250024  0.666628957      -4.88603830               1
      210022      260025  0.266382754      -4.88630629               1
      210022      270026  0.133666754      -4.96578646               1
      210022      280027   7.63721019E-02  -4.92649126               1
      210022      290028   4.76159789E-02  -4.92990685               1
      210022      300029   3.17152552E-02  -4.90617132               1
      210022      310030   2.21886449E-02  -4.87162399               1
      210022      320031   1.60896722E-02  -4.81322050               1
      210022      330032   1.20502086E-02  -4.67635250               1
      220023       20001   1.21813163E-03  -9.73350143               1
      220023       30002   1.42417394E-03  -9.80728340               1
      220023       40003   1.66203186E-03  -9.88104248               1
      220023       50004   1.95438671E-03  -9.90399837               1
      220023       60005   2.30853260E-03  -9.90272236               1
      220023       70006   2.74656131E-03  -9.89473534               1
      220023       80007   3.29895364E-03  -10.0005617               1
      220023       90008   4.01021726E-03  -10.0083485               1
      220023      100009   4.97002201E-03  -9.94692135               1
      220023      110010   6.24770392E-03  -9.89212894               1
      220023      120011   8.14155582E-03  -9.75714874               1
      220023      130012   1.10082561E-02  -9.46728611               1
      220023      140013   1.56994518E-02  -8.99122143               1
      220023      150014   2.35709846E-02  -8.39622879               1
      220023      160015   3.73981558E-02  -7.64466763               1
      220023      170016   6.35019317E-02  -6.97930384               1
      220023      180017  0.117772974      -6.26552725               1
      220023      190018  0.249311417      -5.65496302               1
      220023      200019  0.648908794      -5.16763163               1
      220023      210020   2.60362053      -4.89286852               1
      220023      250024   2.59592128      -4.95711708               1
      220023      260025  0.661507189      -4.89064980               1
      220023      270026  0.267357111      -4.92273140               1
      220023      280027  0.134297758      -4.83931255               1
      220023      290028   7.68977702E-02  -4.80641556               1
      220023      300029   4.81710657E-02  -4.75865459               1
      220023      310030   3.21644619E-02  -4.70648527               1
      220023      320031   2.24755965E-02  -4.63555145               1
      220023      330032   1.63377635E-02  -4.48987627               1
      230024       20001   1.08517660E-03  -9.65148067               1
      230024       30002   1.25945243E-03  -9.72595215               1
      230024       40003   1.45791750E-03  -9.80176163               1
      230024       50004   1.69906067E-03  -9.82788467               1
      230024       60005   1.98688474E-03  -9.83088303               1
      230024       70006   2.33725761E-03  -9.82749271               1
      230024       80007   2.77129957E-03  -9.94030285               1
      230024       90008   3.31835193E-03  -9.96093559               1
      230024      100009   4.03979374E-03  -9.91996574               1
      230024      110010   4.96957637E-03  -9.89917850               1
      230024      120011   6.30601868E-03  -9.82098484               1
      230024      130012   8.25652760E-03  -9.60324764               1
      230024      140013   1.13305300E-02  -9.20240021               1
      230024      150014   1.62586216E-02  -8.68120480               1
      230024      160015   2.44189762E-02  -7.99250126               1
      230024      170016   3.87006328E-02  -7.37480545               1
      230024      180017   6.54551908E-02  -6.68460512               1
      230024      190018  0.121322557      -6.04273939               1
      230024      200019  0.254798561      -5.45505667               1
      230024      210020  0.656477034      -5.00960922               1
      230024      220021   2.60585380      -5.01692343               1
      230024      260025   2.58292747      -4.89243507               1
      230024      270026  0.661486030      -4.93556070               1
      230024      280027  0.266833693      -4.83046913               1
      230024      290028  0.134116098      -4.76915741               1
      230024      300029   7.70540237E-02  -4.70209646               1
      230024      310030   4.83622327E-02  -4.63491249               1
      230024      320031   3.22359391E-02  -4.55346918               1
      230024      330032   2.25776080E-02  -4.40101767               1
      240025       20001   9.77829797E-04  -9.52310848               1
      240025       30002   1.12706737E-03  -9.60063171               1
      240025       40003   1.29485724E-03  -9.68038368               1
      240025       50004   1.49662665E-03  -9.71096230               1
      240025       60005   1.73424929E-03  -9.71873283               1
      240025       70006   2.01944378E-03  -9.71946621               1
      240025       80007   2.36727251E-03  -9.83729362               1
      240025       90008   2.79759080E-03  -9.86646461               1
      240025      100009   3.35416035E-03  -9.83850479               1
      240025      110010   4.05161222E-03  -9.83963490               1
      240025      120011   5.02896076E-03  -9.79975224               1
      240025      130012   6.41306816E-03  -9.63118267               1
      240025      140013   8.53005145E-03  -9.28138924               1
      240025      150014   1.18032899E-02  -8.81074047               1
      240025      160015   1.69763528E-02  -8.16532516               1
      240025      170016   2.55227741E-02  -7.58172989               1
      240025      180017   4.03706506E-02  -6.91258907               1
      240025      190018   6.84054941E-02  -6.25920677               1
      240025      200019  0.126125649      -5.61515760               1
      240025      210020  0.262419134      -5.04696035               1
      240025      220021  0.666591406      -4.88586092               1
      240025      230022   2.59590387      -4.95704651               1
      240025      270026   2.58879566      -5.07750416               1
      240025      280027  0.660380363      -4.97647810               1
      240025      290028  0.266158253      -4.88916445               1
      240025      300029  0.134013116      -4.80286026               1
      240025      310030   7.70829543E-02  -4.71927500               1
      240025      320031   4.82591353E-02  -4.62629843               1
      240025      330032   3.22325192E-02  -4.46682119               1
      250026       20001   8.75822676E-04  -9.45145893               1
      250026       30002   1.00331940E-03  -9.53080082               1
      250026       40003   1.14498648E-03  -9.61314106               1
      250026       50004   1.31376705E-03  -9.64671135               1
      250026       60005   1.51014153E-03  -9.65764904               1
      250026       70006   1.74285960E-03  -9.66077900               1
      250026       80007   2.02278630E-03  -9.78145790               1
      250026       90008   2.36345176E-03  -9.81602955               1
      250026      100009   2.79672886E-03  -9.79658031               1
      250026      110010   3.32636386E-03  -9.81281281               1
      250026      120011   4.05283319E-03  -9.80086422               1
      250026      130012   5.05593931E-03  -9.66876888               1
      250026      140013   6.55361312E-03  -9.35709667               1
      250026      150014   8.80265888E-03  -8.92492390               1
      250026      160015   1.22247329E-02  -8.31345558               1
      250026      170016   1.76246110E-02  -7.75866365               1
      250026      180017   2.64777597E-02  -7.11186934               1
      250026      190018   4.20269631E-02  -6.46160412               1
      250026      200019   7.09880739E-02  -5.79487801               1
      250026      210020  0.129870817      -5.16136265               1
      250026      220021  0.266355276      -4.88530064               1
      250026      230022  0.661501765      -4.89004374               1
      250026      240023   2.58293486      -4.89226103               1
      250026      280027   2.58408809      -5.06347466               1
      250026      290028  0.657416224      -5.00224209               1
      250026      300029  0.264863223      -4.92525387               1
      250026      310030  0.133343175      -4.84223604               1
      250026      320031   7.64166415E-02  -4.75032330               1
      250026      330032   4.79158387E-02  -4.59488821               1
      260027       20001   7.97769346E-04  -9.34071827               1
      260027       30002   9.08405287E-04  -9.42682934               1
      260027       40003   1.02992298E-03  -9.51657009               1
      260027       50004   1.17344328E-03  -9.55774784               1
      260027       60005   1.33851590E-03  -9.57623672               1
      260027       70006   1.53184147E-03  -9.58586407               1
      260027       80007   1.76144869E-03  -9.71303940               1
      260027       90008   2.03671004E-03  -9.75593376               1
      260027      100009   2.38164142E-03  -9.74689579               1
      260027      110010   2.79385061E-03  -9.77849388               1
      260027      120011   3.34903970E-03  -9.79215527               1
      260027      130012   4.09938628E-03  -9.69203949               1
      260027      140013   5.19830780E-03  -9.41289806               1
      260027      150014   6.81024790E-03  -9.01308537               1
      260027      160015   9.18773655E-03  -8.43037796               1
      260027      170016   1.28014768E-02  -7.90120792               1
      260027      180017   1.84567347E-02  -7.27719688               1
      260027      190018   2.78551318E-02  -6.63797188               1
      260027      200019   4.41418290E-02  -5.96706057               1
      260027      210020   7.40784407E-02  -5.30320644               1
      260027      220021  0.133636311      -4.96276331               1
      260027      230022  0.267348230      -4.92047119               1
      260027      240023  0.661490619      -4.93447590               1
      260027      250024   2.58880830      -5.07726240               1
      260027      290028   2.58554578      -4.99556017               1
      260027      300029  0.658591151      -4.97429419               1
      260027      310030  0.265488654      -4.91572523               1
      260027      320031  0.133192718      -4.84097099               1
      260027      330032   7.64954686E-02  -4.70355940               1
      270028       20001   7.25381833E-04  -9.08901596               1
      270028       30002   8.21458118E-04  -9.18598843               1
      270028       40003   9.25841043E-04  -9.28715324               1
      270028       50004   1.04814814E-03  -9.33987236               1
      270028       60005   1.18732953E-03  -9.36976814               1
      270028       70006   1.34857569E-03  -9.38968849               1
      270028       80007   1.53788272E-03  -9.52690411               1
      270028       90008   1.76175032E-03  -9.58114243               1
      270028      100009   2.03861226E-03  -9.58479118               1
      270028      110010   2.36270274E-03  -9.63272572               1
      270028      120011   2.79243686E-03  -9.67076778               1
      270028      130012   3.36270849E-03  -9.59946632               1
      270028      140013   4.18519136E-03  -9.34838390               1
      270028      150014   5.36910864E-03  -8.97522068               1
      270028      160015   7.07114488E-03  -8.41508102               1
      270028      170016   9.57985315E-03  -7.90530586               1
      270028      180017   1.33586824E-02  -7.29861069               1
      270028      190018   1.93685591E-02  -6.66807318               1
      270028      200019   2.92262658E-02  -5.99486589               1
      270028      210020   4.60828617E-02  -5.30947351               1
      270028      220021   7.63435438E-02  -4.92117643               1
      270028      230022  0.134290889      -4.83447123               1
      270028      240023  0.266841948      -4.82740116               1
      270028      250024  0.660398901      -4.97528601               1
      270028      260025   2.58409619      -5.06325912               1
      270028      300029   2.59147835      -4.96644878               1
      270028      310030  0.658557236      -4.94127941               1
      270028      320031  0.264251471      -4.88469839               1
      270028      330032  0.132924274      -4.76802492               1
      280029       20001   6.59357058E-04  -8.89304447               1
      280029       30002   7.42947101E-04  -9.00047684               1
      280029       40003   8.32833000E-04  -9.11265469               1
      280029       50004   9.37387988E-04  -9.17652798               1
      280029       60005   1.05519011E-03  -9.21747875               1
      280029       70006   1.19030837E-03  -9.24743366               1
      280029       80007   1.34726800E-03  -9.39440155               1
      280029       90008   1.53056672E-03  -9.45945835               1
      280029      100009   1.75460125E-03  -9.47492313               1
      280029      110010   2.01187842E-03  -9.53758717               1
      280029      120011   2.34843558E-03  -9.59703827               1
      280029      130012   2.78809015E-03  -9.55056763               1
      280029      140013   3.41455219E-03  -9.32314587               1
      280029      150014   4.30281833E-03  -8.97186375               1
      280029      160015   5.55315195E-03  -8.42963409               1
      280029      170016   7.34992884E-03  -7.93489218               1
      280029      180017   9.97204240E-03  -7.34186172               1
      280029      190018   1.39957108E-02  -6.71874046               1
      280029      200019   2.03131661E-02  -6.04498482               1
      280029      210020   3.05380505E-02  -5.34431267               1
      280029      220021   4.75895219E-02  -4.91991043               1
      280029      230022   7.68932700E-02  -4.79636478               1
      280029      240023  0.134129062      -4.76161385               1
      280029      250024  0.266184658      -4.88515472               1
      280029      260025  0.657437027      -5.00083303               1
      280029      270026   2.58557200      -4.99529076               1
      280029      310030   2.59442616      -4.99805164               1
      280029      320031  0.655350387      -4.98129988               1
      280029      330032  0.263951778      -4.89497185               1
      290030       20001   6.03786495E-04  -8.58424091               1
      290030       30002   6.77077274E-04  -8.70718384               1
      290030       40003   7.55098998E-04  -8.83543777               1
      290030       50004   8.45233328E-04  -8.91551876               1
      290030       60005   9.45825072E-04  -8.97259521               1
      290030       70006   1.06011506E-03  -9.01768780               1
      290030       80007   1.19156518E-03  -9.17946911               1
      290030       90008   1.34327053E-03  -9.26029205               1
      290030      100009   1.52670452E-03  -9.29232979               1
      290030      110010   1.73355464E-03  -9.37408257               1
      290030      120011   2.00094306E-03  -9.45847607               1
      290030      130012   2.34546792E-03  -9.43959999               1
      290030      140013   2.83175125E-03  -9.23803043               1
      290030      150014   3.51301162E-03  -8.91003036               1
      290030      160015   4.45529493E-03  -8.38666439               1
      290030      170016   5.78113180E-03  -7.90761137               1
      290030      180017   7.66528770E-03  -7.32898569               1
      290030      190018   1.04722176E-02  -6.71546030               1
      290030      200019   1.47240609E-02  -6.04544306               1
      290030      210020   2.13093851E-02  -5.33716869               1
      290030      220021   3.16871144E-02  -4.88868713               1
      290030      230022   4.81641144E-02  -4.74012613               1
      290030      240023   7.70659521E-02  -4.68660927               1
      290030      250024  0.134041041      -4.79289865               1
      290030      260025  0.264890283      -4.92038155               1
      290030      270026  0.658626497      -4.97253799               1
      290030      280027   2.59150743      -4.96606112               1
      290030      320031   2.59002209      -4.95077658               1
      290030      330032  0.659458995      -4.92795992               1
      300031       20001   5.53442515E-04  -8.21255493               1
      300031       30002   6.17882411E-04  -8.35373878               1
      300031       40003   6.85825304E-04  -8.50082207               1
      300031       50004   7.63819146E-04  -8.59989643               1
      300031       60005   8.50083597E-04  -8.67595005               1
      300031       70006   9.47230612E-04  -8.73914719               1
      300031       80007   1.05793460E-03  -8.91874886               1
      300031       90008   1.18429482E-03  -9.01829433               1
      300031      100009   1.33559294E-03  -9.06976891               1
      300031      110010   1.50328444E-03  -9.17318821               1
      300031      120011   1.71779864E-03  -9.28443813               1
      300031      130012   1.99089269E-03  -9.29455185               1
      300031      140013   2.37358082E-03  -9.11996651               1
      300031      150014   2.90466426E-03  -8.81589890               1
      300031      160015   3.62865836E-03  -8.31175900               1
      300031      170016   4.62972047E-03  -7.84843111               1
      300031      180017   6.02112059E-03  -7.28403091               1
      300031      190018   8.04394018E-03  -6.68068123               1
      300031      200019   1.10188704E-02  -6.01623535               1
      300031      210020   1.54640451E-02  -5.30447865               1
      300031      220021   2.21594013E-02  -4.83898973               1
      300031      230022   3.21557820E-02  -4.67207241               1
      300031      240023   4.83740158E-02  -4.60440540               1
      300031      250024   7.71137774E-02  -4.69702959               1
      300031      260025  0.133378774      -4.82884455               1
      300031      270026  0.265536875      -4.90902662               1
      300031      280027  0.658603489      -4.93865252               1
      300031      290028   2.59445858      -4.99753046               1
      300031      330032   2.58534217      -4.96363592               1
      310032       20001   5.06598793E-04  -7.73280954               1
      310032       30002   5.63282403E-04  -7.89609385               1
      310032       40003   6.22500083E-04  -8.06589317               1
      310032       50004   6.90078246E-04  -8.18787384               1
      310032       60005   7.64189754E-04  -8.28688622               1
      310032       70006   8.46958486E-04  -8.37228680               1
      310032       80007   9.40465019E-04  -8.57386780               1
      310032       90008   1.04609272E-03  -8.69630051               1
      310032      100009   1.17143500E-03  -8.77136612               1
      310032      110010   1.30807993E-03  -8.90046406               1
      310032      120011   1.48126634E-03  -9.04214668               1
      310032      130012   1.69941667E-03  -9.08449554               1
      310032      140013   2.00347486E-03  -8.93997383               1
      310032      150014   2.42233300E-03  -8.66248131               1
      310032      160015   2.98647163E-03  -8.17988491               1
      310032      170016   3.75520345E-03  -7.73417377               1
      310032      180017   4.80385171E-03  -7.18548298               1
      310032      190018   6.29768567E-03  -6.59407520               1
      310032      200019   8.44129734E-03  -5.93763494               1
      310032      210020   1.15504228E-02  -5.22639751               1
      310032      220021   1.60623156E-02  -4.75016689               1
      310032      230022   2.24688668E-02  -4.57119179               1
      310032      240023   3.22518237E-02  -4.49494362               1
      310032      250024   4.82977629E-02  -4.58009768               1
      310032      260025   7.64664635E-02  -4.71857166               1
      310032      270026  0.133260861      -4.82169008               1
      310032      280027  0.264323890      -4.87462950               1
      310032      290028  0.655414879      -4.97761822               1
      310032      300029   2.59008718      -4.94997835               1
      320033       20001   4.65363817E-04  -7.01510763               1
      320033       30002   5.15431049E-04  -7.20784998               1
      320033       40003   5.67268289E-04  -7.40777731               1
      320033       50004   6.26096909E-04  -7.56010056               1
      320033       60005   6.90087676E-04  -7.68957758               1
      320033       70006   7.60988740E-04  -7.80478382               1
      320033       80007   8.40434281E-04  -8.03600883               1
      320033       90008   9.29294620E-04  -8.18908024               1
      320033      100009   1.03386713E-03  -8.29556751               1
      320033      110010   1.14605238E-03  -8.45822144               1
      320033      120011   1.28707313E-03  -8.63807678               1
      320033      130012   1.46304292E-03  -8.72020435               1
      320033      140013   1.70740928E-03  -8.61304760               1
      320033      150014   2.04217085E-03  -8.36873341               1
      320033      160015   2.48853723E-03  -7.91363478               1
      320033      170016   3.08942911E-03  -7.49072886               1
      320033      180017   3.89625574E-03  -6.96218395               1
      320033      190018   5.02635306E-03  -6.38692093               1
      320033      200019   6.61523407E-03  -5.74273157               1
      320033      210020   8.86365958E-03  -5.03707790               1
      320033      220021   1.20275356E-02  -4.55671120               1
      320033      230022   1.63361505E-02  -4.37225342               1
      320033      240023   2.26007719E-02  -4.29357052               1
      320033      250024   3.22820507E-02  -4.37819624               1
      320033      260025   4.79826927E-02  -4.52900887               1
      320033      270026   7.65869766E-02  -4.65879679               1
      320033      280027  0.133027136      -4.74067307               1
      320033      290028  0.264054298      -4.88179255               1
      320033      300029  0.659575641      -4.92306995               1
      320033      310030   2.58544588      -4.96271420               1
