         930
       10002       40003   2.59700394      -4.97150707               1
       10002       50004  0.659540713      -4.93748236               1
       10002       60005  0.264527619      -4.85625505               1
       10002       70006  0.132862940      -4.65130424               1
       10002       80007   7.65469149E-02  -4.57386017               1
       10002       90008   4.80444618E-02  -4.49373913               1
       10002      100009   3.21322717E-02  -4.40093422               1
       10002      110010   2.21343078E-02  -4.48007298               1
       10002      120011   1.55907953E-02  -4.88725758               1
       10002      130012   1.11105395E-02  -5.48392916               1
       10002      140013   8.08249135E-03  -6.10534096               1
       10002      150014   6.05193852E-03  -6.78620958               1
       10002      160015   4.63257963E-03  -7.27971840               1
       10002      170016   3.63163254E-03  -7.80461979               1
       10002      180017   2.89599551E-03  -8.24045086               1
       10002      190018   2.36289389E-03  -8.59600067               1
       10002      200019   1.97409093E-03  -8.83264828               1
       10002      210020   1.69198017E-03  -8.81725502               1
       10002      220021   1.48548628E-03  -8.68234253               1
       10002      230022   1.31369964E-03  -8.60435009               1
       10002      240023   1.17142114E-03  -8.45078945               1
       10002      250024   1.05072535E-03  -8.30991745               1
       10002      260025   9.36253171E-04  -8.24131298               1
       10002      270026   8.43023299E-04  -8.19422626               1
       10002      280027   7.56974507E-04  -8.05912781               1
       10002      290028   6.79127930E-04  -8.00178051               1
       10002      300029   6.12344709E-04  -7.90729618               1
       10002      310030   5.52406767E-04  -7.82390642               1
       10002      320031   4.97794652E-04  -7.74012280               1
       10002      330032   4.49419196E-04  -7.59776497               1
       20003       50004   2.60068464      -4.99437475               1
       20003       60005  0.658980668      -4.99201536               1
       20003       70006  0.264973819      -4.81487417               1
       20003       80007  0.133717760      -4.75335932               1
       20003       90008   7.69042969E-02  -4.69101715               1
       20003      100009   4.83501889E-02  -4.60375071               1
       20003      110010   3.17996554E-02  -4.67808819               1
       20003      120011   2.15890110E-02  -5.08608389               1
       20003      130012   1.49245337E-02  -5.68993092               1
       20003      140013   1.05788019E-02  -6.32486725               1
       20003      150014   7.74718728E-03  -7.02825880               1
       20003      160015   5.81722334E-03  -7.54775476               1
       20003      170016   4.48438898E-03  -8.10006905               1
       20003      180017   3.52299144E-03  -8.56752586               1
       20003      190018   2.83571100E-03  -8.95936298               1
       20003      200019   2.33978382E-03  -9.23904800               1
       20003      210020   1.98272988E-03  -9.27087021               1
       20003      220021   1.72313326E-03  -9.18050098               1
       20003      230022   1.51032931E-03  -9.14353275               1
       20003      240023   1.33619155E-03  -9.02790642               1
       20003      250024   1.19012524E-03  -8.92187119               1
       20003      260025   1.05368684E-03  -8.88818169               1
       20003      270026   9.43183783E-04  -8.87680244               1
       20003      280027   8.42312584E-04  -8.77737045               1
       20003      290028   7.51872489E-04  -8.75614071               1
       20003      300029   6.74712996E-04  -8.69887733               1
       20003      310030   6.05965150E-04  -8.65278149               1
       20003      320031   5.43763395E-04  -8.60641956               1
       20003      330032   4.88975085E-04  -8.50115871               1
       30004       20001   2.59684920      -4.97266388               1
       30004       60005   2.60177302      -5.07912302               1
       30004       70006  0.658807874      -4.94463015               1
       30004       80007  0.265867025      -4.89146900               1
       30004       90008  0.133860409      -4.84130716               1
       30004      100009   7.71469027E-02  -4.75118732               1
       30004      110010   4.77247871E-02  -4.81025934               1
       30004      120011   3.09190284E-02  -5.21053219               1
       30004      130012   2.05832869E-02  -5.81484079               1
       30004      140013   1.41342068E-02  -6.45816135               1
       30004      150014   1.00769922E-02  -7.18091583               1
       30004      160015   7.39470078E-03  -7.72359562               1
       30004      170016   5.58856362E-03  -8.29994011               1
       30004      180017   4.31460608E-03  -8.79508018               1
       30004      190018   3.41892638E-03  -9.21852589               1
       30004      200019   2.78111920E-03  -9.53624916               1
       30004      210020   2.32647592E-03  -9.61002445               1
       30004      220021   1.99877494E-03  -9.55832100               1
       30004      230022   1.73444231E-03  -9.55617619               1
       30004      240023   1.52099179E-03  -9.47208881               1
       30004      250024   1.34413852E-03  -9.39432812               1
       30004      260025   1.18157919E-03  -9.38906956               1
       30004      270026   1.05075713E-03  -9.40709209               1
       30004      280027   9.32733121E-04  -9.33712292               1
       30004      290028   8.27928947E-04  -9.34593773               1
       30004      300029   7.39058712E-04  -9.31995869               1
       30004      310030   6.60495076E-04  -9.30534363               1
       30004      320031   5.89945703E-04  -9.29063034               1
       30004      330032   5.28183475E-04  -9.21673203               1
       40005       20001  0.659379005      -4.94348907               1
       40005       30002   2.60061216      -4.99525118               1
       40005       70006   2.59352088      -4.96479130               1
       40005       80007  0.660572469      -4.93382406               1
       40005       90008  0.266281396      -4.90112972               1
       40005      100009  0.134579584      -4.80319548               1
       40005      110010   7.64498115E-02  -4.83599472               1
       40005      120011   4.65899222E-02  -5.21928692               1
       40005      130012   2.95819324E-02  -5.81691790               1
       40005      140013   1.95385311E-02  -6.46356678               1
       40005      150014   1.34858787E-02  -7.20329285               1
       40005      160015   9.62855201E-03  -7.76745558               1
       40005      170016   7.10897520E-03  -8.36548615               1
       40005      180017   5.37859695E-03  -8.88509750               1
       40005      190018   4.18641325E-03  -9.33564949               1
       40005      200019   3.35117569E-03  -9.68590641               1
       40005      210020   2.76326342E-03  -9.79517555               1
       40005      220021   2.34410353E-03  -9.77455044               1
       40005      230022   2.01188074E-03  -9.79898453               1
       40005      240023   1.74746593E-03  -9.73779106               1
       40005      250024   1.53127068E-03  -9.67936802               1
       40005      260025   1.33582542E-03  -9.69349957               1
       40005      270026   1.17966544E-03  -9.73188686               1
       40005      280027   1.04048662E-03  -9.68233776               1
       40005      290028   9.18133184E-04  -9.71216297               1
       40005      300029   8.15061969E-04  -9.70841312               1
       40005      310030   7.24684214E-04  -9.71628475               1
       40005      320031   6.44156302E-04  -9.72420025               1
       40005      330032   5.74106700E-04  -9.67266369               1
       50006       20001  0.264381111      -4.87266111               1
       50006       30002  0.658904374      -4.99625492               1
       50006       40003   2.60173297      -5.07974625               1
       50006       80007   2.60256219      -4.89722824               1
       50006       90008  0.661427855      -4.90663242               1
       50006      100009  0.267888457      -4.80304050               1
       50006      110010  0.133704886      -4.79616880               1
       50006      120011   7.48124793E-02  -5.15031576               1
       50006      130012   4.46459316E-02  -5.73222971               1
       50006      140013   2.80778743E-02  -6.37659836               1
       50006      150014   1.86203513E-02  -7.13208866               1
       50006      160015   1.28579726E-02  -7.71846533               1
       50006      170016   9.23049450E-03  -8.33907127               1
       50006      180017   6.81800209E-03  -8.88385773               1
       50006      190018   5.19652851E-03  -9.36139297               1
       50006      200019   4.08310676E-03  -9.74347878               1
       50006      210020   3.31169250E-03  -9.88676453               1
       50006      220021   2.76914588E-03  -9.89429665               1
       50006      230022   2.34744721E-03  -9.94129562               1
       50006      240023   2.01719371E-03  -9.89819527               1
       50006      250024   1.75108062E-03  -9.85369778               1
       50006      260025   1.51471538E-03  -9.88161659               1
       50006      270026   1.32740452E-03  -9.93475056               1
       50006      280027   1.16260920E-03  -9.89995956               1
       50006      290028   1.01928646E-03  -9.94515228               1
       50006      300029   8.99420353E-04  -9.95804119               1
       50006      310030   7.95228058E-04  -9.98287106               1
       50006      320031   7.03159545E-04  -10.0078850               1
       50006      330032   6.23617729E-04  -9.97318554               1
       60007       20001  0.132733926      -4.68514776               1
       60007       30002  0.264901131      -4.82657766               1
       60007       40003  0.658765554      -4.94776201               1
       60007       50004   2.59350157      -4.96526861               1
       60007       90008   2.60059619      -4.97399569               1
       60007      100009  0.665019929      -4.85928106               1
       60007      110010  0.267022192      -4.77865028               1
       60007      120011  0.131369695      -5.07293940               1
       60007      130012   7.19500035E-02  -5.61649466               1
       60007      140013   4.24545780E-02  -6.24362564               1
       60007      150014   2.67770421E-02  -7.00795794               1
       60007      160015   1.77468844E-02  -7.61396170               1
       60007      170016   1.23134861E-02  -8.25637054               1
       60007      180017   8.83729383E-03  -8.82663345               1
       60007      190018   6.57049986E-03  -9.33139420               1
       60007      200019   5.05187875E-03  -9.74546337               1
       60007      210020   4.02027462E-03  -9.92232037               1
       60007      220021   3.30688548E-03  -9.95594597               1
       60007      230022   2.76443129E-03  -10.0220852               1
       60007      240023   2.34723929E-03  -9.99262714               1
       60007      250024   2.01646984E-03  -9.95681858               1
       60007      260025   1.72814133E-03  -9.99299335               1
       60007      270026   1.50178059E-03  -10.0552521               1
       60007      280027   1.30534964E-03  -10.0294895               1
       60007      290028   1.13646337E-03  -10.0842905               1
       60007      300029   9.96331102E-04  -10.1080627               1
       60007      310030   8.75645666E-04  -10.1441221               1
       60007      320031   7.69936480E-04  -10.1804695               1
       60007      330032   6.79273449E-04  -10.1568222               1
       70008       20001   7.64358118E-02  -4.62785530               1
       70008       30002  0.133652076      -4.77518034               1
       70008       40003  0.265826046      -4.89910078               1
       70008       50004  0.660549939      -4.93582344               1
       70008       60005   2.60254979      -4.89750957               1
       70008      100009   2.59409213      -5.06000614               1
       70008      110010  0.663467288      -4.90240288               1
       70008      120011  0.263446063      -5.10518360               1
       70008      130012  0.126974106      -5.58244371               1
       70008      140013   6.86503202E-02  -6.17511225               1
       70008      150014   4.05773371E-02  -6.94304276               1
       70008      160015   2.55475920E-02  -7.56983948               1
       70008      170016   1.70003455E-02  -8.23823547               1
       70008      180017   1.17835207E-02  -8.84035492               1
       70008      190018   8.50500818E-03  -9.37953186               1
       70008      200019   6.37398707E-03  -9.83345222               1
       70008      210020   4.96130483E-03  -10.0515375               1
       70008      220021   4.00453340E-03  -10.1170092               1
       70008      230022   3.29492590E-03  -10.2060881               1
       70008      240023   2.76029552E-03  -10.1924858               1
       70008      250024   2.34403135E-03  -10.1663570               1
       70008      260025   1.98842585E-03  -10.2112865               1
       70008      270026   1.71222282E-03  -10.2829533               1
       70008      280027   1.47603464E-03  -10.2662868               1
       70008      290028   1.27544615E-03  -10.3306732               1
       70008      300029   1.11044641E-03  -10.3653135               1
       70008      310030   9.69735964E-04  -10.4125662               1
       70008      320031   8.47624964E-04  -10.4601736               1
       70008      330032   7.43702229E-04  -10.4474716               1
       80009       20001   4.79592048E-02  -4.57102871               1
       80009       30002   7.68547505E-02  -4.72586489               1
       80009       40003  0.133829862      -4.85585785               1
       80009       50004  0.266264617      -4.90629673               1
       80009       60005  0.661418319      -4.90798330               1
       80009       70006   2.60059142      -4.97416401               1
       80009      110010   2.60205340      -4.89181185               1
       80009      120011  0.660694599      -4.98788309               1
       80009      130012  0.257410794      -5.36117935               1
       80009      140013  0.122195259      -5.89318037               1
       80009      150014   6.60507753E-02  -6.65848827               1
       80009      160015   3.88949476E-02  -7.31044960               1
       80009      170016   2.45525911E-02  -8.01353550               1
       80009      180017   1.63000803E-02  -8.65883732               1
       80009      190018   1.13460692E-02  -9.24417305               1
       80009      200019   8.24416522E-03  -9.74962139               1
       80009      210020   6.24949299E-03  -10.0191097               1
       80009      220021   4.93306993E-03  -10.1226826               1
       80009      230022   3.98459751E-03  -10.2370701               1
       80009      240023   3.28688370E-03  -10.2385149               1
       80009      250024   2.75482330E-03  -10.2187805               1
       80009      260025   2.31028092E-03  -10.2677946               1
       80009      270026   1.96928252E-03  -10.3433218               1
       80009      280027   1.68231712E-03  -10.3294725               1
       80009      290028   1.44184683E-03  -10.3966560               1
       80009      300029   1.24593964E-03  -10.4349995               1
       80009      310030   1.08063419E-03  -10.4860020               1
       80009      320031   9.38596029E-04  -10.5371342               1
       80009      330032   8.18714732E-04  -10.5274038               1
       90010       20001   3.20716575E-02  -4.50279760               1
       90010       30002   4.83171232E-02  -4.65337420               1
       90010       40003   7.71276280E-02  -4.77462769               1
       90010       50004  0.134569451      -4.81336594               1
       90010       60005  0.267882407      -4.80677843               1
       90010       70006  0.665016115      -4.86025333               1
       90010       80007   2.59409094      -5.06021309               1
       90010      120011   2.60767174      -4.91236544               1
       90010      130012  0.654468834      -5.09979963               1
       90010      140013  0.251037925      -5.49479771               1
       90010      150014  0.118986197      -6.21895266               1
       90010      160015   6.39553219E-02  -6.88255739               1
       90010      170016   3.77058461E-02  -7.61947441               1
       90010      180017   2.37132143E-02  -8.31520176               1
       90010      190018   1.57841761E-02  -8.95807648               1
       90010      200019   1.10442769E-02  -9.52930641               1
       90010      210020   8.10909458E-03  -9.86479855               1
       90010      220021   6.23292429E-03  -10.0173845               1
       90010      230022   4.92624333E-03  -10.1634293               1
       90010      240023   3.99159966E-03  -10.1821547               1
       90010      250024   3.29585210E-03  -10.1677094               1
       90010      260025   2.72875768E-03  -10.2177486               1
       90010      270026   2.30007689E-03  -10.2927532               1
       90010      280027   1.94560981E-03  -10.2762318               1
       90010      290028   1.65289571E-03  -10.3399200               1
       90010      300029   1.41697354E-03  -10.3750458               1
       90010      310030   1.22016191E-03  -10.4223948               1
       90010      320031   1.05282734E-03  -10.4691849               1
       90010      330032   9.12839372E-04  -10.4541950               1
      100011       20001   2.21085511E-02  -4.59896851               1
      100011       30002   3.17963660E-02  -4.73751640               1
      100011       40003   4.77332324E-02  -4.83977175               1
      100011       50004   7.64660537E-02  -4.85002279               1
      100011       60005  0.133724868      -4.80218124               1
      100011       70006  0.267044216      -4.78069305               1
      100011       80007  0.663491189      -4.90314674               1
      100011       90008   2.60207605      -4.89193010               1
      100011      130012   2.60564089      -4.97645855               1
      100011      140013  0.644290328      -5.12020636               1
      100011      150014  0.246445656      -5.72433996               1
      100011      160015  0.115869135      -6.36156940               1
      100011      170016   6.22241162E-02  -7.11981392               1
      100011      180017   3.64739150E-02  -7.87025976               1
      100011      190018   2.29442455E-02  -8.58457565               1
      100011      200019   1.53167043E-02  -9.24316216               1
      100011      210020   1.08104190E-02  -9.67042160               1
      100011      220021   8.04172084E-03  -9.89549065               1
      100011      230022   6.18949579E-03  -10.0916853               1
      100011      240023   4.90818033E-03  -10.1408997               1
      100011      250024   3.98125779E-03  -10.1403494               1
      100011      260025   3.24692205E-03  -10.1974516               1
      100011      270026   2.70148343E-03  -10.2763309               1
      100011      280027   2.25940277E-03  -10.2601347               1
      100011      290028   1.90036034E-03  -10.3224239               1
      100011      300029   1.61452824E-03  -10.3559179               1
      100011      310030   1.37910491E-03  -10.4007349               1
      100011      320031   1.18127174E-03  -10.4439259               1
      100011      330032   1.01738656E-03  -10.4241066               1
      110012       20001   1.55946333E-02  -5.00850391               1
      110012       30002   2.16122828E-02  -5.14316273               1
      110012       40003   3.09538729E-02  -5.23661613               1
      110012       50004   4.66331169E-02  -5.23043060               1
      110012       60005   7.48607740E-02  -5.15435934               1
      110012       70006  0.131421193      -5.07375383               1
      110012       80007  0.263499737      -5.10554028               1
      110012       90008  0.660746932      -4.98784256               1
      110012      100009   2.60772347      -4.91228437               1
      110012      140013   2.61414528      -4.76702309               1
      110012      150014  0.646647573      -5.13166189               1
      110012      160015  0.245247394      -5.66371965               1
      110012      170016  0.115068465      -6.40327501               1
      110012      180017   6.13410957E-02  -7.19966698               1
      110012      190018   3.58809270E-02  -7.99496508               1
      110012      200019   2.25798767E-02  -8.76438522               1
      110012      210020   1.51737817E-02  -9.31601334               1
      110012      220021   1.08405231E-02  -9.64617157               1
      110012      230022   8.07692111E-03  -9.91982746               1
      110012      240023   6.23995112E-03  -10.0197258               1
      110012      250024   4.95557860E-03  -10.0464020               1
      110012      260025   3.97103466E-03  -10.1194487               1
      110012      270026   3.25512164E-03  -10.2078333               1
      110012      280027   2.68800277E-03  -10.1948280               1
      110012      290028   2.23604427E-03  -10.2565432               1
      110012      300029   1.88131817E-03  -10.2877274               1
      110012      310030   1.59326172E-03  -10.3281002               1
      110012      320031   1.35427399E-03  -10.3647947               1
      110012      330032   1.15839788E-03  -10.3364811               1
      120013       20001   1.11336093E-02  -5.59704924               1
      120013       30002   1.49661191E-02  -5.73383284               1
      120013       40003   2.06384081E-02  -5.82719898               1
      120013       50004   2.96483375E-02  -5.81634188               1
      120013       60005   4.47212718E-02  -5.72743893               1
      120013       70006   7.20323101E-02  -5.61127758               1
      120013       80007  0.127061352      -5.57950449               1
      120013       90008  0.257498622      -5.35947752               1
      120013      100009  0.654556274      -5.09896660               1
      120013      110010   2.60570574      -4.97625828               1
      120013      150014   2.61731744      -4.85402632               1
      120013      160015  0.645472825      -5.07779074               1
      120013      170016  0.244958863      -5.65084219               1
      120013      180017  0.114244133      -6.40454817               1
      120013      190018   6.07507154E-02  -7.23202562               1
      120013      200019   3.55070792E-02  -8.09234333               1
      120013      210020   2.24690717E-02  -8.76986599               1
      120013      220021   1.52819799E-02  -9.21746445               1
      120013      230022   1.09459991E-02  -9.58367920               1
      120013      240023   8.19467194E-03  -9.74689388               1
      120013      250024   6.34577964E-03  -9.80882359               1
      120013      260025   4.98083374E-03  -9.90258312               1
      120013      270026   4.01302241E-03  -10.0026484               1
      120013      280027   3.26610263E-03  -9.99255180               1
      120013      290028   2.68352637E-03  -10.0515518               1
      120013      300029   2.23368313E-03  -10.0769033               1
      120013      310030   1.87411776E-03  -10.1081676               1
      120013      320031   1.57997210E-03  -10.1327572               1
      120013      330032   1.34169229E-03  -10.0896292               1
      130014       20001   8.10783636E-03  -6.21241283               1
      130014       30002   1.06219519E-02  -6.35384274               1
      130014       40003   1.41926110E-02  -6.45245266               1
      130014       50004   1.96108185E-02  -6.44577694               1
      130014       60005   2.81626321E-02  -6.35741949               1
      130014       70006   4.25500013E-02  -6.22753859               1
      130014       80007   6.87538087E-02  -6.16516972               1
      130014       90008  0.122301854      -5.88736439               1
      130014      100009  0.251145095      -5.49179173               1
      130014      110010  0.644377410      -5.11915159               1
      130014      120011   2.61420751      -4.76685619               1
      130014      160015   2.62987614      -4.92972803               1
      130014      170016  0.650844753      -5.11024857               1
      130014      180017  0.246173307      -5.65526772               1
      130014      190018  0.114598386      -6.40416193               1
      130014      200019   6.08604550E-02  -7.28885460               1
      130014      210020   3.57506871E-02  -8.05867958               1
      130014      220021   2.29063947E-02  -8.61062050               1
      130014      230022   1.56463087E-02  -9.06763268               1
      130014      240023   1.12804817E-02  -9.29594517               1
      130014      250024   8.47742148E-03  -9.39382362               1
      130014      260025   6.49429485E-03  -9.50780678               1
      130014      270026   5.12911100E-03  -9.61770725               1
      130014      280027   4.10621474E-03  -9.60691547               1
      130014      290028   3.32759158E-03  -9.65815449               1
      130014      300029   2.73747556E-03  -9.67148685               1
      130014      310030   2.27401033E-03  -9.68649769               1
      130014      320031   1.90067012E-03  -9.69105721               1
      130014      330032   1.60206307E-03  -9.62464523               1
      140015       20001   6.06499286E-03  -6.90100431               1
      140015       30002   7.77669484E-03  -7.04932976               1
      140015       40003   1.01222144E-02  -7.15868759               1
      140015       50004   1.35460738E-02  -7.16611385               1
      140015       60005   1.86949819E-02  -7.09416676               1
      140015       70006   2.68646907E-02  -6.97586441               1
      140015       80007   4.06753086E-02  -6.92114544               1
      140015       90008   6.61541000E-02  -6.64461660               1
      140015      100009  0.119091347      -6.21108294               1
      140015      110010  0.246534169      -5.72093725               1
      140015      120011  0.646714628      -5.13073730               1
      140015      130012   2.61735249      -4.85389137               1
      140015      170016   2.61668444      -4.93340683               1
      140015      180017  0.649894595      -5.10221291               1
      140015      190018  0.246154025      -5.63744831               1
      140015      200019  0.114581533      -6.45823908               1
      140015      210020   6.12081140E-02  -7.27252054               1
      140015      220021   3.64614166E-02  -7.90671492               1
      140015      230022   2.35308539E-02  -8.44863892               1
      140015      240023   1.62248071E-02  -8.74372387               1
      140015      250024   1.17706023E-02  -8.88081551               1
      140015      260025   8.76493100E-03  -9.01890755               1
      140015      270026   6.76457630E-03  -9.14238834               1
      140015      280027   5.31438598E-03  -9.13362694               1
      140015      290028   4.24017245E-03  -9.17892551               1
      140015      300029   3.44297336E-03  -9.18141270               1
      140015      310030   2.82893516E-03  -9.18070984               1
      140015      320031   2.34259525E-03  -9.16531086               1
      140015      330032   1.95897790E-03  -9.07538319               1
      150016       20001   4.62493906E-03  -7.43155336               1
      150016       30002   5.82446018E-03  -7.58336306               1
      150016       40003   7.41750142E-03  -7.70112324               1
      150016       50004   9.66669712E-03  -7.72209215               1
      150016       60005   1.29117724E-02  -7.66884232               1
      150016       70006   1.78154837E-02  -7.56970453               1
      150016       80007   2.56285723E-02  -7.53735209               1
      150016       90008   3.89837101E-02  -7.28854990               1
      150016      100009   6.40478060E-02  -6.86926889               1
      150016      110010  0.115949370      -6.35519314               1
      150016      120011  0.245310545      -5.66164541               1
      150016      130012  0.645508945      -5.07737446               1
      150016      140013   2.62989163      -4.92968798               1
      150016      180017   2.61281395      -4.87590742               1
      150016      190018  0.649416387      -5.00534487               1
      150016      200019  0.245518878      -5.61952686               1
      150016      210020  0.114791878      -6.39349222               1
      150016      220021   6.21718317E-02  -7.06430721               1
      150016      230022   3.73749770E-02  -7.67045450               1
      150016      240023   2.44040806E-02  -8.02445793               1
      150016      250024   1.69661883E-02  -8.19761753               1
      150016      260025   1.22111570E-02  -8.35971546               1
      150016      270026   9.16846190E-03  -8.49829578               1
      150016      280027   7.04373093E-03  -8.49308491               1
      150016      290028   5.51798800E-03  -8.53375149               1
      150016      300029   4.41276887E-03  -8.52662659               1
      150016      310030   3.58008919E-03  -8.51114845               1
      150016      320031   2.93305865E-03  -8.47649860               1
      150016      330032   2.43063341E-03  -8.36362457               1
      160017       20001   3.59894172E-03  -8.03700733               1
      160017       30002   4.46473621E-03  -8.18365765               1
      160017       40003   5.58370212E-03  -8.30153942               1
      160017       50004   7.11905025E-03  -8.32861900               1
      160017       60005   9.25655663E-03  -8.28811550               1
      160017       70006   1.23552838E-02  -8.20541096               1
      160017       80007   1.70559324E-02  -8.19675446               1
      160017       90008   2.46179961E-02  -7.98305511               1
      160017      100009   3.77768241E-02  -7.59934855               1
      160017      110010   6.22873530E-02  -7.10897636               1
      160017      120011  0.115119159      -6.39898777               1
      160017      130012  0.244987905      -5.64965820               1
      160017      140013  0.650856972      -5.11002922               1
      160017      150014   2.61668801      -4.93340874               1
      160017      190018   2.61877584      -4.87501001               1
      160017      200019  0.647315025      -5.10745525               1
      160017      210020  0.245113030      -5.72227049               1
      160017      220021  0.116016425      -6.36053467               1
      160017      230022   6.34983853E-02  -6.99834394               1
      160017      240023   3.87050025E-02  -7.39789581               1
      160017      250024   2.55349111E-02  -7.60147715               1
      160017      260025   1.76347550E-02  -7.78751373               1
      160017      270026   1.28084728E-02  -7.94488573               1
      160017      280027   9.57989413E-03  -7.94846249               1
      160017      290028   7.34265847E-03  -7.99077034               1
      160017      300029   5.76682156E-03  -7.98130465               1
      160017      310030   4.60925139E-03  -7.95875311               1
      160017      320031   3.72916949E-03  -7.91288185               1
      160017      330032   3.05789849E-03  -7.78530836               1
      170018       20001   2.83684535E-03  -8.60828114               1
      170018       30002   3.47513985E-03  -8.74415112               1
      170018       40003   4.28068684E-03  -8.85658360               1
      170018       50004   5.35908621E-03  -8.88451290               1
      170018       60005   6.81465585E-03  -8.85223007               1
      170018       70006   8.85052606E-03  -8.78351402               1
      170018       80007   1.18120257E-02  -8.79887104               1
      170018       90008   1.63407009E-02  -8.62481022               1
      170018      100009   2.37618014E-02  -8.29069138               1
      170018      110010   3.65197547E-02  -7.85575056               1
      170018      120011   6.13793209E-02  -7.19316673               1
      170018      130012  0.114266388      -6.40250683               1
      170018      140013  0.246182621      -5.65486431               1
      170018      150014  0.649896860      -5.10226679               1
      170018      160015   2.61281180      -4.87589741               1
      170018      200019   2.61532831      -4.85213518               1
      170018      210020  0.644753277      -5.15522194               1
      170018      220021  0.246234089      -5.65586853               1
      170018      230022  0.117803149      -6.27172899               1
      170018      240023   6.54846504E-02  -6.69404888               1
      170018      250024   4.04069051E-02  -6.91730642               1
      170018      260025   2.65111495E-02  -7.12428379               1
      170018      270026   1.84886716E-02  -7.30230665               1
      170018      280027   1.33844530E-02  -7.31840229               1
      170018      290028   9.99086257E-03  -7.36716270               1
      170018      300029   7.67754670E-03  -7.36110067               1
      170018      310030   6.02732506E-03  -7.33741379               1
      170018      320031   4.80391411E-03  -7.28629160               1
      170018      330032   3.88989900E-03  -7.14991570               1
      180019       20001   2.27946485E-03  -9.16157627               1
      180019       30002   2.76197749E-03  -9.28130627               1
      180019       40003   3.35818459E-03  -9.38272858               1
      180019       50004   4.13935632E-03  -9.40579128               1
      180019       60005   5.16547356E-03  -9.37596703               1
      180019       70006   6.55642059E-03  -9.31625080               1
      180019       80007   8.50718282E-03  -9.35172176               1
      180019       90008   1.13620870E-02  -9.21533680               1
      180019      100009   1.58100240E-02  -8.93437386               1
      180019      110010   2.29714755E-02  -8.56887054               1
      180019      120011   3.59043702E-02  -7.98708534               1
      180019      130012   6.07625172E-02  -7.22939205               1
      180019      140013  0.114599608      -6.40377378               1
      180019      150014  0.246148199      -5.63775349               1
      180019      160015  0.649405241      -5.00538349               1
      180019      170016   2.61876392      -4.87504673               1
      180019      210020   2.61603665      -4.96001434               1
      180019      220021  0.646487474      -5.16847086               1
      180019      230022  0.249380827      -5.65920448               1
      180019      240023  0.121376805      -6.04823875               1
      180019      250024   6.84613958E-02  -6.25810528               1
      180019      260025   4.20767553E-02  -6.46777868               1
      180019      270026   2.79046912E-02  -6.65728855               1
      180019      280027   1.94129273E-02  -6.68139172               1
      180019      290028   1.40341138E-02  -6.73538637               1
      180019      300029   1.05054071E-02  -6.73423815               1
      180019      310030   8.07205774E-03  -6.71250248               1
      180019      320031   6.31976826E-03  -6.66027451               1
      180019      330032   5.04158903E-03  -6.51992130               1
      190020       20001   1.87153777E-03  -9.64537239               1
      190020       30002   2.24564224E-03  -9.74874210               1
      190020       40003   2.69915699E-03  -9.83876228               1
      190020       50004   3.28220217E-03  -9.85634422               1
      190020       60005   4.02984628E-03  -9.82817650               1
      190020       70006   5.01572341E-03  -9.77699661               1
      190020       80007   6.35467935E-03  -9.83262825               1
      190020       90008   8.23989138E-03  -9.73509789               1
      190020      100009   1.10511063E-02  -9.51248074               1
      190020      110010   1.53280143E-02  -9.22965527               1
      190020      120011   2.25899760E-02  -8.75677395               1
      190020      130012   3.55082825E-02  -8.09005833               1
      190020      140013   6.08517379E-02  -7.28930712               1
      190020      150014  0.114564143      -6.45952082               1
      190020      160015  0.245493650      -5.62003040               1
      190020      170016  0.647285819      -5.10777092               1
      190020      180017   2.61529684      -4.85220671               1
      190020      220021   2.60944080      -4.90203476               1
      190020      230022  0.649001598      -5.17123413               1
      190020      240023  0.254881948      -5.45947886               1
      190020      250024  0.126200452      -5.61103439               1
      190020      260025   7.10481480E-02  -5.79814625               1
      190020      270026   4.42004055E-02  -5.98554802               1
      190020      280027   2.92795282E-02  -6.00947714               1
      190020      290028   2.03613769E-02  -6.06438446               1
      190020      300029   1.47689236E-02  -6.06717396               1
      190020      310030   1.10603832E-02  -6.04851484               1
      190020      320031   8.47752951E-03  -5.99778414               1
      190020      330032   6.64469600E-03  -5.85704708               1
      200021       20001   1.57823483E-03  -9.86528206               1
      200021       30002   1.87657797E-03  -9.95957851               1
      200021       40003   2.23196670E-03  -10.0447664               1
      200021       50004   2.68122437E-03  -10.0624189               1
      200021       60005   3.24508082E-03  -10.0402346               1
      200021       70006   3.97072453E-03  -10.0007915               1
      200021       80007   4.92883706E-03  -10.0784473               1
      200021       90008   6.23266306E-03  -10.0203209               1
      200021      100009   8.10391083E-03  -9.85710144               1
      200021      110010   1.08115477E-02  -9.66145134               1
      200021      120011   1.51747679E-02  -9.31113338               1
      200021      130012   2.24620569E-02  -8.77068138               1
      200021      140013   3.57324854E-02  -8.06302929               1
      200021      150014   6.11778200E-02  -7.27764320               1
      200021      160015  0.114749439      -6.39658260               1
      200021      170016  0.245061576      -5.72421122               1
      200021      180017  0.644695163      -5.15598536               1
      200021      190018   2.61598468      -4.96019936               1
      200021      230022   2.60343218      -4.88713884               1
      200021      240023  0.656562805      -5.00826073               1
      200021      250024  0.262506753      -5.03424549               1
      200021      260025  0.129931971      -5.15511942               1
      200021      270026   7.41341487E-02  -5.31406784               1
      200021      280027   4.61315326E-02  -5.31924963               1
      200021      290028   3.05822194E-02  -5.36186886               1
      200021      300029   2.13523991E-02  -5.36007309               1
      200021      310030   1.55060953E-02  -5.33926535               1
      200021      320031   1.15885520E-02  -5.28734398               1
      200021      330032   8.89558997E-03  -5.14541912               1
      210022       20001   1.37018168E-03  -9.91602612               1
      210022       30002   1.61514804E-03  -10.0059309               1
      210022       40003   1.90225639E-03  -10.0897942               1
      210022       50004   2.25981348E-03  -10.1094265               1
      210022       60005   2.70009809E-03  -10.0930882               1
      210022       70006   3.25477147E-03  -10.0628862               1
      210022       80007   3.96944908E-03  -10.1569805               1
      210022       90008   4.91368491E-03  -10.1286278               1
      210022      100009   6.22502156E-03  -10.0113649               1
      210022      110010   8.04070383E-03  -9.88626480               1
      210022      120011   1.08389845E-02  -9.64176273               1
      210022      130012   1.52716022E-02  -9.22143841               1
      210022      140013   2.28818990E-02  -8.62095451               1
      210022      150014   3.64199765E-02  -7.91883659               1
      210022      160015   6.21125922E-02  -7.07317495               1
      210022      170016  0.115941919      -6.36666584               1
      210022      180017  0.246147335      -5.65893555               1
      210022      190018  0.646401882      -5.16963243               1
      210022      200019   2.60937095      -4.90227604               1
      210022      240023   2.60574007      -5.02960634               1
      210022      250024  0.666672170      -4.88316536               1
      210022      260025  0.266412616      -4.88411808               1
      210022      270026  0.133683458      -4.97690868               1
      210022      280027   7.63790160E-02  -4.93374443               1
      210022      290028   4.76191901E-02  -4.94082785               1
      210022      300029   3.17166932E-02  -4.91703415               1
      210022      310030   2.21897960E-02  -4.88110209               1
      210022      320031   1.60896722E-02  -4.81879520               1
      210022      330032   1.20489188E-02  -4.66953182               1
      220023       20001   1.20335142E-03  -10.0038586               1
      220023       30002   1.40737731E-03  -10.0882559               1
      220023       40003   1.64301007E-03  -10.1688709               1
      220023       50004   1.93265988E-03  -10.1875172               1
      220023       60005   2.28341995E-03  -10.1726704               1
      220023       70006   2.71727773E-03  -10.1457357               1
      220023       80007   3.26477131E-03  -10.2478628               1
      220023       90008   3.97018204E-03  -10.2371912               1
      220023      100009   4.92322538E-03  -10.1496010               1
      220023      110010   6.19382365E-03  -10.0736847               1
      220023      120011   8.08049738E-03  -9.90896702               1
      220023      130012   1.09402146E-02  -9.58610153               1
      220023      140013   1.56243183E-02  -9.08198071               1
      220023      150014   2.34884713E-02  -8.46811008               1
      220023      160015   3.73108797E-02  -7.68691254               1
      220023      170016   6.34147823E-02  -7.01086092               1
      220023      180017  0.117703833      -6.27894402               1
      220023      190018  0.249279395      -5.66252136               1
      220023      200019  0.648913741      -5.17225504               1
      220023      210020   2.60337424      -4.88723707               1
      220023      250024   2.59579468      -4.95604229               1
      220023      260025  0.661524892      -4.89075613               1
      220023      270026  0.267386824      -4.93593836               1
      220023      280027  0.134317100      -4.84667587               1
      220023      290028   7.69114941E-02  -4.81553364               1
      220023      300029   4.81807999E-02  -4.76711607               1
      220023      310030   3.21723185E-02  -4.71354342               1
      220023      320031   2.24805810E-02  -4.63917589               1
      220023      330032   1.63399316E-02  -4.48185158               1
      230024       20001   1.07186532E-03  -9.94078255               1
      230024       30002   1.24441436E-03  -10.0252886               1
      230024       40003   1.44099572E-03  -10.1075134               1
      230024       50004   1.67986460E-03  -10.1290102               1
      230024       60005   1.96485990E-03  -10.1181889               1
      230024       70006   2.31177197E-03  -10.0954733               1
      230024       80007   2.74178013E-03  -10.2042799               1
      230024       90008   3.28404666E-03  -10.2064905               1
      230024      100009   3.99998715E-03  -10.1394672               1
      230024      110010   4.92403517E-03  -10.0977859               1
      230024      120011   6.25460828E-03  -9.99076271               1
      230024      130012   8.19924939E-03  -9.74060154               1
      230024      140013   1.12668918E-02  -9.31138992               1
      230024      150014   1.61878392E-02  -8.77093029               1
      230024      160015   2.43420545E-02  -8.05106831               1
      230024      170016   3.86198983E-02  -7.42000008               1
      230024      180017   6.53808787E-02  -6.70828819               1
      230024      190018  0.121267937      -6.05570364               1
      230024      200019  0.254784405      -5.46227407               1
      230024      210020  0.656494021      -5.00866747               1
      230024      220021   2.60571051      -5.02958584               1
      230024      260025   2.58288264      -4.87721872               1
      230024      270026  0.661513448      -4.93749762               1
      230024      280027  0.266859293      -4.82557154               1
      230024      290028  0.134138346      -4.76407766               1
      230024      300029   7.70713016E-02  -4.69593334               1
      230024      310030   4.83765416E-02  -4.62752819               1
      230024      320031   3.22456062E-02  -4.54341793               1
      230024      330032   2.25827154E-02  -4.38046074               1
      240025       20001   9.65984538E-04  -9.82914162               1
      240025       30002   1.11375528E-03  -9.91627216               1
      240025       40003   1.27996295E-03  -10.0021086               1
      240025       50004   1.47983385E-03  -10.0278006               1
      240025       60005   1.71510549E-03  -10.0214920               1
      240025       70006   1.99743989E-03  -10.0024519               1
      240025       80007   2.34196195E-03  -10.1158047               1
      240025       90008   2.76838616E-03  -10.1262808               1
      240025      100009   3.32051329E-03  -10.0719509               1
      240025      110010   4.01338376E-03  -10.0518637               1
      240025      120011   4.98606917E-03  -9.98332214               1
      240025      130012   6.36551064E-03  -9.78222084               1
      240025      140013   8.47734232E-03  -9.40326881               1
      240025      150014   1.17446966E-02  -8.91256714               1
      240025      160015   1.69124119E-02  -8.23431492               1
      240025      170016   2.54549235E-02  -7.63466072               1
      240025      180017   4.03054357E-02  -6.94057417               1
      240025      190018   6.83515891E-02  -6.27138090               1
      240025      200019  0.126098976      -5.61649704               1
      240025      210020  0.262431890      -5.03503561               1
      240025      220021  0.666635573      -4.88291931               1
      240025      230022   2.59577823      -4.95596266               1
      240025      270026   2.58874989      -5.08965921               1
      240025      280027  0.660374045      -4.98012400               1
      240025      290028  0.266173065      -4.88785982               1
      240025      300029  0.134030074      -4.79810572               1
      240025      310030   7.70994946E-02  -4.71209240               1
      240025      320031   4.82706055E-02  -4.61631966               1
      240025      330032   3.22381109E-02  -4.44697189               1
      250026       20001   8.65461072E-04  -9.78711414               1
      250026       30002   9.91728506E-04  -9.87532616               1
      250026       40003   1.13208324E-03  -9.96310139               1
      250026       50004   1.29929767E-03  -9.99120235               1
      250026       60005   1.49373827E-03  -9.98748112               1
      250026       70006   1.72411546E-03  -9.97008610               1
      250026       80007   2.00135657E-03  -10.0855141               1
      250026       90008   2.33888207E-03  -10.1007776               1
      250026      100009   2.76860734E-03  -10.0542994               1
      250026      110010   3.29462742E-03  -10.0486526               1
      250026      120011   4.01746016E-03  -10.0078421               1
      250026      130012   5.01696486E-03  -9.84288216               1
      250026      140013   6.51065027E-03  -9.50130749               1
      250026      150014   8.75513908E-03  -9.04854584               1
      250026      160015   1.21730398E-02  -8.40318775               1
      250026      170016   1.75697729E-02  -7.83065319               1
      250026      180017   2.64241993E-02  -7.15680170               1
      250026      190018   4.19802666E-02  -6.48742056               1
      250026      200019   7.09585324E-02  -5.80646563               1
      250026      210020  0.129867762      -5.15579414               1
      250026      220021  0.266386271      -4.88285065               1
      250026      230022  0.661520481      -4.89006662               1
      250026      240023   2.58289075      -4.87702322               1
      250026      280027   2.58412719      -5.07366133               1
      250026      290028  0.657424927      -5.00748634               1
      250026      300029  0.264877886      -4.92645216               1
      250026      310030  0.133360550      -4.84070206               1
      250026      320031   7.64284357E-02  -4.74670172               1
      250026      330032   4.79199030E-02  -4.58297396               1
      260027       20001   7.88705249E-04  -9.70325756               1
      260027       30002   8.98306374E-04  -9.79803085               1
      260027       40003   1.01873034E-03  -9.89306545               1
      260027       50004   1.16095145E-03  -9.92866898               1
      260027       60005   1.32442149E-03  -9.93236637               1
      260027       70006   1.51581399E-03  -9.92113400               1
      260027       80007   1.74322026E-03  -10.0426540               1
      260027       90008   2.01592478E-03  -10.0659418               1
      260027      100009   2.35799002E-03  -10.0294867               1
      260027      110010   2.76732328E-03  -10.0387640               1
      260027      120011   3.31966812E-03  -10.0234976               1
      260027      130012   4.06724727E-03  -9.89033890               1
      260027      140013   5.16312756E-03  -9.58080196               1
      260027      150014   6.77162688E-03  -9.16018009               1
      260027      160015   9.14603751E-03  -8.54308414               1
      260027      170016   1.27575602E-02  -7.99533081               1
      260027      180017   1.84138548E-02  -7.34329224               1
      260027      190018   2.78171878E-02  -6.68323326               1
      260027      200019   4.41157781E-02  -5.99649382               1
      260027      210020   7.40706176E-02  -5.31371832               1
      260027      220021  0.133654222      -4.97320938               1
      260027      230022  0.267379135      -4.93336153               1
      260027      240023  0.661519051      -4.93627453               1
      260027      250024   2.58876324      -5.08938694               1
      260027      290028   2.58551407      -4.99547386               1
      260027      300029  0.658590138      -4.97422504               1
      260027      310030  0.265501559      -4.91420221               1
      260027      320031  0.133201689      -4.83916807               1
      260027      330032   7.64944553E-02  -4.69625568               1
      270028       20001   7.17470888E-04  -9.45418072               1
      270028       30002   8.12675164E-04  -9.56033516               1
      270028       40003   9.16145043E-04  -9.66736412               1
      270028       50004   1.03737193E-03  -9.71509361               1
      270028       60005   1.17522106E-03  -9.73073292               1
      270028       70006   1.33486500E-03  -9.73011684               1
      270028       80007   1.52236060E-03  -9.86190033               1
      270028       90008   1.74413610E-03  -9.89680576               1
      270028      100009   2.01867241E-03  -9.87317181               1
      270028      110010   2.34046183E-03  -9.89880562               1
      270028      120011   2.76796031E-03  -9.90818310               1
      270028      130012   3.33609944E-03  -9.80390358               1
      270028      140013   4.15626168E-03  -9.52211761               1
      270028      150014   5.33758476E-03  -9.12797356               1
      270028      160015   7.03736907E-03  -8.53297710               1
      270028      170016   9.54455789E-03  -8.00383091               1
      270028      180017   1.33243306E-02  -7.36820030               1
      270028      190018   1.93379354E-02  -6.71528959               1
      270028      200019   2.92041171E-02  -6.02475071               1
      270028      210020   4.60732505E-02  -5.31869888               1
      270028      220021   7.63516203E-02  -4.92725945               1
      270028      230022  0.134311467      -4.84116697               1
      270028      240023  0.266868830      -4.82212496               1
      270028      250024  0.660393655      -4.97879028               1
      270028      260025   2.58413601      -5.07342148               1
      270028      300029   2.59152555      -4.96257257               1
      270028      310030  0.658554792      -4.93625546               1
      270028      320031  0.264248818      -4.87959480               1
      270028      330032  0.132909402      -4.75949383               1
      280029       20001   6.52459508E-04  -9.26678467               1
      280029       30002   7.35313341E-04  -9.38388824               1
      280029       40003   8.24435032E-04  -9.50246620               1
      280029       50004   9.28089197E-04  -9.56189919               1
      280029       60005   1.04477978E-03  -9.58909988               1
      280029       70006   1.17856415E-03  -9.59882355               1
      280029       80007   1.33402564E-03  -9.74056053               1
      280029       90008   1.51560328E-03  -9.78651714               1
      280029      100009   1.73774024E-03  -9.77478409               1
      280029      110010   1.99316512E-03  -9.81510067               1
      280029      120011   2.32795626E-03  -9.84601974               1
      280029      130012   2.76596285E-03  -9.76650524               1
      280029      140013   3.39065562E-03  -9.50797367               1
      280029      150014   4.27697366E-03  -9.13543129               1
      280029      160015   5.52568818E-03  -8.55784893               1
      280029      170016   7.32148858E-03  -8.04301739               1
      280029      180017   9.94455814E-03  -7.42030430               1
      280029      190018   1.39712756E-02  -6.77360439               1
      280029      200019   2.02951953E-02  -6.08137798               1
      280029      210020   3.05293240E-02  -5.35873556               1
      280029      220021   4.75937128E-02  -4.92879438               1
      280029      230022   7.69081563E-02  -4.80411243               1
      280029      240023  0.134152621      -4.75561571               1
      280029      250024  0.266200751      -4.88338518               1
      280029      260025  0.657446861      -5.00592518               1
      280029      270026   2.58554125      -4.99517775               1
      280029      310030   2.59451079      -4.99959421               1
      280029      320031  0.655332506      -4.98399019               1
      280029      330032  0.263909608      -4.89623833               1
      290030       20001   5.97738603E-04  -8.94614506               1
      290030       30002   6.70402369E-04  -9.08010006               1
      290030       40003   7.47778569E-04  -9.21614075               1
      290030       50004   8.37154279E-04  -9.29317188               1
      290030       60005   9.36808705E-04  -9.33783913               1
      290030       70006   1.04997598E-03  -9.36384392               1
      290030       80007   1.18017255E-03  -9.52142715               1
      290030       90008   1.33044459E-03  -9.58420372               1
      290030      100009   1.51230989E-03  -9.58994675               1
      290030      110010   1.71764835E-03  -9.65011978               1
      290030      120011   1.98362209E-03  -9.70690060               1
      290030      130012   2.32685707E-03  -9.65567780               1
      290030      140013   2.81177438E-03  -9.42333126               1
      290030      150014   3.49155581E-03  -9.07443905               1
      290030      160015   4.43266984E-03  -8.51584816               1
      290030      170016   5.75790228E-03  -8.01662731               1
      290030      180017   7.64300674E-03  -7.40824413               1
      290030      190018   1.04525015E-02  -6.77073431               1
      290030      200019   1.47094484E-02  -6.08196259               1
      290030      210020   2.13018283E-02  -5.35138559               1
      290030      220021   3.16892453E-02  -4.89627171               1
      290030      230022   4.81747985E-02  -4.74612474               1
      290030      240023   7.70844147E-02  -4.67861223               1
      290030      250024  0.134059310      -4.78703642               1
      290030      260025  0.264906228      -4.92107725               1
      290030      270026  0.658626676      -4.97230101               1
      290030      280027   2.59155536      -4.96214819               1
      290030      320031   2.59009385      -4.94533157               1
      290030      330032  0.659378707      -4.92606544               1
      300031       20001   5.48134733E-04  -8.55031967               1
      300031       30002   6.12038595E-04  -8.70434952               1
      300031       40003   6.79433870E-04  -8.86110115               1
      300031       50004   7.56786030E-04  -8.95901299               1
      300031       60005   8.42255889E-04  -9.02450275               1
      300031       70006   9.38452315E-04  -9.07027435               1
      300031       80007   1.04810088E-03  -9.24723530               1
      300031       90008   1.17325888E-03  -9.33030891               1
      300031      100009   1.32325082E-03  -9.35692787               1
      300031      110010   1.48969854E-03  -9.44007969               1
      300031      120011   1.70307048E-03  -9.52515697               1
      300031      130012   1.97514752E-03  -9.50413799               1
      300031      140013   2.35677580E-03  -9.29961586               1
      300031      150014   2.88673304E-03  -8.97545719               1
      300031      160015   3.60989082E-03  -8.43663216               1
      300031      170016   4.61061718E-03  -7.95346212               1
      300031      180017   6.00295607E-03  -7.35963058               1
      300031      190018   8.02800339E-03  -6.73235941               1
      300031      200019   1.10071152E-02  -6.04935074               1
      300031      210020   1.54579198E-02  -5.31548786               1
      300031      220021   2.21608784E-02  -4.84299326               1
      300031      230022   3.21642645E-02  -4.67468929               1
      300031      240023   4.83892784E-02  -4.59348059               1
      300031      250024   7.71315098E-02  -4.68743038               1
      300031      260025  0.133397475      -4.82595253               1
      300031      270026  0.265551120      -4.90686464               1
      300031      280027  0.658602178      -4.93338013               1
      300031      290028   2.59454393      -4.99902678               1
      300031      330032   2.58527517      -4.96146154               1
      310032       20001   5.01868315E-04  -8.03055477               1
      310032       30002   5.58086322E-04  -8.20908356               1
      310032       40003   6.16831880E-04  -8.39100075               1
      310032       50004   6.83858409E-04  -8.51427460               1
      310032       60005   7.57286442E-04  -8.60514641               1
      310032       70006   8.39239103E-04  -8.67537785               1
      310032       80007   9.31844115E-04  -8.87648201               1
      310032       90008   1.03644899E-03  -8.98463345               1
      310032      100009   1.16068637E-03  -9.03691196               1
      310032      110010   1.29629020E-03  -9.14770699               1
      310032      120011   1.46853388E-03  -9.26530361               1
      310032      130012   1.68585975E-03  -9.27838421               1
      310032      140013   1.98906637E-03  -9.10540962               1
      310032      150014   2.40702927E-03  -8.80919933               1
      310032      160015   2.97052879E-03  -8.29299259               1
      310032      170016   3.73904780E-03  -7.82826996               1
      310032      180017   4.78851935E-03  -7.25094843               1
      310032      190018   6.28418662E-03  -6.63618708               1
      310032      200019   8.43112264E-03  -5.96186686               1
      310032      210020   1.15446066E-02  -5.22924328               1
      310032      220021   1.60622708E-02  -4.74630976               1
      310032      230022   2.24741399E-02  -4.56680346               1
      310032      240023   3.22621800E-02  -4.47823095               1
      310032      250024   4.83102873E-02  -4.56517792               1
      310032      260025   7.64795914E-02  -4.71175194               1
      310032      270026  0.133271381      -4.81803799               1
      310032      280027  0.264322788      -4.86857414               1
      310032      290028  0.655398369      -4.97997379               1
      310032      300029   2.59016013      -4.94445992               1
      320033       20001   4.61090036E-04  -7.24502277               1
      320033       30002   5.10746439E-04  -7.45631504               1
      320033       40003   5.62170055E-04  -7.67171955               1
      320033       50004   6.20516948E-04  -7.82869864               1
      320033       60005   6.83910854E-04  -7.95337296               1
      320033       70006   7.54101085E-04  -8.05659389               1
      320033       80007   8.32765130E-04  -8.29043961               1
      320033       90008   9.20741993E-04  -8.43236828               1
      320033      100009   1.02436461E-03  -8.51910973               1
      320033      110010   1.13566266E-03  -8.66642952               1
      320033      120011   1.27588829E-03  -8.82530117               1
      320033      130012   1.45117124E-03  -8.88104439               1
      320033      140013   1.69482990E-03  -8.74791431               1
      320033      150014   2.02884967E-03  -8.48714066               1
      320033      160015   2.47469358E-03  -8.00030708               1
      320033      170016   3.07541876E-03  -7.55994034               1
      320033      180017   3.88291921E-03  -7.00421095               1
      320033      190018   5.01447497E-03  -6.40677691               1
      320033      200019   6.60594413E-03  -5.74594402               1
      320033      210020   8.85767210E-03  -5.02015495               1
      320033      220021   1.20258220E-02  -4.53399944               1
      320033      230022   1.63382497E-02  -4.35043621               1
      320033      240023   2.26062648E-02  -4.26129198               1
      320033      250024   3.22884880E-02  -4.34920883               1
      320033      260025   4.79880273E-02  -4.51066303               1
      320033      270026   7.65876025E-02  -4.64731216               1
      320033      280027  0.133014098      -4.72963810               1
      320033      290028  0.264013976      -4.88190937               1
      320033      300029  0.659497321      -4.92075205               1
      320033      310030   2.58538079      -4.96046495               1
