         930
       10002       40003   2.60720110               1
       10002       50004  0.666308761               1
       10002       60005  0.266725183               1
       10002       70006  0.133989841               1
       10002       80007   7.76741803E-02           1
       10002       90008   4.89636399E-02           1
       10002      100009   3.31711285E-02           1
       10002      110010   2.30028983E-02           1
       10002      120011   1.64653342E-02           1
       10002      130012   1.18863033E-02           1
       10002      140013   8.77857022E-03           1
       10002      150014   6.75982935E-03           1
       10002      160015   5.31852385E-03           1
       10002      170016   4.31588432E-03           1
       10002      180017   3.54121090E-03           1
       10002      190018   2.97219004E-03           1
       10002      200019   2.54221936E-03           1
       10002      210020   2.20640050E-03           1
       10002      220021   1.96030643E-03           1
       10002      230022   1.75326027E-03           1
       10002      240023   1.58805633E-03           1
       10002      250024   1.45218137E-03           1
       10002      260025   1.30144251E-03           1
       10002      270026   1.19247905E-03           1
       10002      280027   1.08561339E-03           1
       10002      290028   9.81496414E-04           1
       10002      300029   8.93528457E-04           1
       10002      310030   8.16232176E-04           1
       10002      320031   7.46271166E-04           1
       10002      330032   6.76337688E-04           1
       20003       50004   2.60802007               1
       20003       60005  0.661696017               1
       20003       70006  0.265782684               1
       20003       80007  0.134566739               1
       20003       90008   7.75510669E-02           1
       20003      100009   4.93129008E-02           1
       20003      110010   3.26141194E-02           1
       20003      120011   2.24693585E-02           1
       20003      130012   1.57138295E-02           1
       20003      140013   1.12972613E-02           1
       20003      150014   8.50617886E-03           1
       20003      160015   6.56548794E-03           1
       20003      170016   5.24150487E-03           1
       20003      180017   4.23914474E-03           1
       20003      190018   3.51144327E-03           1
       20003      200019   2.96712504E-03           1
       20003      210020   2.54596770E-03           1
       20003      220021   2.23870878E-03           1
       20003      230022   1.98417110E-03           1
       20003      240023   1.78302976E-03           1
       20003      250024   1.61918311E-03           1
       20003      260025   1.44194858E-03           1
       20003      270026   1.31352386E-03           1
       20003      280027   1.18945877E-03           1
       20003      290028   1.07011641E-03           1
       20003      300029   9.69644228E-04           1
       20003      310030   8.81897751E-04           1
       20003      320031   8.02938594E-04           1
       20003      330032   7.24867510E-04           1
       30004       20001   2.60700178               1
       30004       60005   2.61029816               1
       30004       70006  0.658989191               1
       30004       80007  0.265080631               1
       30004       90008  0.132965073               1
       30004      100009   7.71706253E-02           1
       30004      110010   4.78521958E-02           1
       30004      120011   3.13550271E-02           1
       30004      130012   2.10529342E-02           1
       30004      140013   1.46291824E-02           1
       30004      150014   1.07100643E-02           1
       30004      160015   8.07333551E-03           1
       30004      170016   6.31839409E-03           1
       30004      180017   5.02234930E-03           1
       30004      190018   4.09562560E-03           1
       30004      200019   3.41145764E-03           1
       30004      210020   2.88832327E-03           1
       30004      220021   2.50915647E-03           1
       30004      230022   2.20038975E-03           1
       30004      240023   1.95911573E-03           1
       30004      250024   1.76472194E-03           1
       30004      260025   1.55999733E-03           1
       30004      270026   1.41141436E-03           1
       30004      280027   1.27019780E-03           1
       30004      290028   1.13623950E-03           1
       30004      300029   1.02394226E-03           1
       30004      310030   9.26543551E-04           1
       30004      320031   8.39474844E-04           1
       30004      330032   7.54413137E-04           1
       40005       20001  0.666095316               1
       40005       30002   2.60797405               1
       40005       70006   2.58724284               1
       40005       80007  0.658740699               1
       40005       90008  0.264039546               1
       40005      100009  0.134040490               1
       40005      110010   7.61528462E-02           1
       40005      120011   4.67908569E-02           1
       40005      130012   2.98733898E-02           1
       40005      140013   1.99191235E-02           1
       40005      150014   1.41023276E-02           1
       40005      160015   1.03393942E-02           1
       40005      170016   7.90866837E-03           1
       40005      180017   6.16498059E-03           1
       40005      190018   4.94149793E-03           1
       40005      200019   4.05271584E-03           1
       40005      210020   3.38278455E-03           1
       40005      220021   2.90152454E-03           1
       40005      230022   2.51651066E-03           1
       40005      240023   2.21926509E-03           1
       40005      250024   1.98252685E-03           1
       40005      260025   1.73944375E-03           1
       40005      270026   1.56300364E-03           1
       40005      280027   1.39791216E-03           1
       40005      290028   1.24340178E-03           1
       40005      300029   1.11448532E-03           1
       40005      310030   1.00344641E-03           1
       40005      320031   9.04835761E-04           1
       40005      330032   8.09582125E-04           1
       50006       20001  0.266527176               1
       50006       30002  0.661635458               1
       50006       40003   2.61025620               1
       50006       80007   2.60675526               1
       50006       90008  0.658022285               1
       50006      100009  0.266989917               1
       50006      110010  0.132973105               1
       50006      120011   7.47045353E-02           1
       50006      130012   4.46316227E-02           1
       50006      140013   2.82306522E-02           1
       50006      150014   1.91620234E-02           1
       50006      160015   1.35732098E-02           1
       50006      170016   1.00952489E-02           1
       50006      180017   7.68690417E-03           1
       50006      190018   6.03704248E-03           1
       50006      200019   4.86265682E-03           1
       50006      210020   3.99300829E-03           1
       50006      220021   3.37557821E-03           1
       50006      230022   2.89123598E-03           1
       50006      240023   2.52242037E-03           1
       50006      250024   2.23245868E-03           1
       50006      260025   1.94240629E-03           1
       50006      270026   1.73210248E-03           1
       50006      280027   1.53851777E-03           1
       50006      290028   1.35989813E-03           1
       50006      300029   1.21167244E-03           1
       50006      310030   1.08496391E-03           1
       50006      320031   9.73239890E-04           1
       50006      330032   8.66591872E-04           1
       60007       20001  0.133806050               1
       60007       30002  0.265718579               1
       60007       40003  0.658949733               1
       60007       50004   2.58723354               1
       60007       90008   2.60657382               1
       60007      100009  0.664814830               1
       60007      110010  0.266080320               1
       60007      120011  0.130831391               1
       60007      130012   7.13339671E-02           1
       60007      140013   4.21052948E-02           1
       60007      150014   2.70825867E-02           1
       60007      160015   1.83712207E-02           1
       60007      170016   1.31973736E-02           1
       60007      180017   9.76554304E-03           1
       60007      190018   7.48448865E-03           1
       60007      200019   5.90173341E-03           1
       60007      210020   4.75514680E-03           1
       60007      220021   3.95340519E-03           1
       60007      230022   3.33819934E-03           1
       60007      240023   2.87710386E-03           1
       60007      250024   2.51985295E-03           1
       60007      260025   2.17204215E-03           1
       60007      270026   1.92047853E-03           1
       60007      280027   1.69285457E-03           1
       60007      290028   1.48595718E-03           1
       60007      300029   1.31532759E-03           1
       60007      310030   1.17066246E-03           1
       60007      320031   1.04409212E-03           1
       60007      330032   9.24763677E-04           1
       70008       20001   7.74990842E-02           1
       70008       30002  0.134498790               1
       70008       40003  0.265041471               1
       70008       50004  0.658730447               1
       70008       60005   2.60675693               1
       70008      100009   2.58421183               1
       70008      110010  0.663766384               1
       70008      120011  0.263251603               1
       70008      130012  0.125744551               1
       70008      140013   6.75867721E-02           1
       70008      150014   4.05360460E-02           1
       70008      160015   2.60278210E-02           1
       70008      170016   1.79028697E-02           1
       70008      180017   1.27888881E-02           1
       70008      190018   9.51600168E-03           1
       70008      200019   7.31628807E-03           1
       70008      210020   5.76552469E-03           1
       70008      220021   4.70214849E-03           1
       70008      230022   3.90640367E-03           1
       70008      240023   3.32088908E-03           1
       70008      250024   2.87473248E-03           1
       70008      260025   2.45241425E-03           1
       70008      270026   2.14821682E-03           1
       70008      280027   1.87786401E-03           1
       70008      290028   1.63596775E-03           1
       70008      300029   1.43787742E-03           1
       70008      310030   1.27141306E-03           1
       70008      320031   1.12697831E-03           1
       70008      330032   9.92535264E-04           1
       80009       20001   4.88157794E-02           1
       80009       30002   7.74990767E-02           1
       80009       40003  0.132944226               1
       80009       50004  0.264046520               1
       80009       60005  0.658041716               1
       80009       70006   2.60659218               1
       80009      110010   2.59903097               1
       80009      120011  0.662806213               1
       80009      130012  0.255719692               1
       80009      140013  0.119933017               1
       80009      150014   6.53515682E-02           1
       80009      160015   3.90283652E-02           1
       80009      170016   2.53809448E-02           1
       80009      180017   1.73377320E-02           1
       80009      190018   1.24320034E-02           1
       80009      200019   9.26497765E-03           1
       80009      210020   7.10724667E-03           1
       80009      220021   5.66447992E-03           1
       80009      230022   4.61622607E-03           1
       80009      240023   3.86176282E-03           1
       80009      250024   3.29802651E-03           1
       80009      260025   2.78034224E-03           1
       80009      270026   2.40973546E-03           1
       80009      280027   2.08670297E-03           1
       80009      290028   1.80256378E-03           1
       80009      300029   1.57178263E-03           1
       80009      310030   1.37974590E-03           1
       80009      320031   1.21464883E-03           1
       80009      330032   1.06304255E-03           1
       90010       20001   3.30407172E-02           1
       90010       30002   4.92678508E-02           1
       90010       40003   7.71570578E-02           1
       90010       50004  0.134052277               1
       90010       60005  0.267013490               1
       90010       70006  0.664837599               1
       90010       80007   2.58423400               1
       90010      120011   2.59617496               1
       90010      130012  0.654481173               1
       90010      140013  0.248062223               1
       90010      150014  0.117941283               1
       90010      160015   6.38987944E-02           1
       90010      170016   3.86365503E-02           1
       90010      180017   2.49386448E-02           1
       90010      190018   1.70765370E-02           1
       90010      200019   1.22490907E-02           1
       90010      210020   9.09612514E-03           1
       90010      220021   7.05400668E-03           1
       90010      230022   5.62077388E-03           1
       90010      240023   4.61607659E-03           1
       90010      250024   3.88245005E-03           1
       90010      260025   3.23020713E-03           1
       90010      270026   2.76730745E-03           1
       90010      280027   2.37209583E-03           1
       90010      290028   2.03069276E-03           1
       90010      300029   1.75599288E-03           1
       90010      310030   1.52982527E-03           1
       90010      320031   1.33728469E-03           1
       90010      330032   1.16287789E-03           1
      100011       20001   2.29089353E-02           1
      100011       30002   3.25968787E-02           1
      100011       40003   4.78685610E-02           1
      100011       50004   7.61956647E-02           1
      100011       60005  0.133030757               1
      100011       70006  0.266140997               1
      100011       80007  0.663828969               1
      100011       90008   2.59907842               1
      100011      130012   2.57170844               1
      100011      140013  0.637097180               1
      100011      150014  0.244573072               1
      100011      160015  0.115301542               1
      100011      170016   6.31595030E-02           1
      100011      180017   3.78597826E-02           1
      100011      190018   2.44435556E-02           1
      100011      200019   1.67108849E-02           1
      100011      210020   1.19184218E-02           1
      100011      220021   8.93623289E-03           1
      100011      230022   6.92768442E-03           1
      100011      240023   5.56393201E-03           1
      100011      250024   4.59521823E-03           1
      100011      260025   3.76445334E-03           1
      100011      270026   3.18169710E-03           1
      100011      280027   2.69552390E-03           1
      100011      290028   2.28390330E-03           1
      100011      300029   1.95633643E-03           1
      100011      310030   1.68985804E-03           1
      100011      320031   1.46548403E-03           1
      100011      330032   1.26521674E-03           1
      110012       20001   1.63937621E-02           1
      110012       30002   2.24662051E-02           1
      110012       40003   3.13865691E-02           1
      110012       50004   4.68491800E-02           1
      110012       60005   7.47798607E-02           1
      110012       70006  0.130912960               1
      110012       80007  0.263336957               1
      110012       90008  0.662878871               1
      110012      100009   2.59624290               1
      110012      140013   2.57180738               1
      110012      150014  0.647825599               1
      110012      160015  0.246388778               1
      110012      170016  0.117346264               1
      110012      180017   6.36999831E-02           1
      110012      190018   3.81225906E-02           1
      110012      200019   2.45323535E-02           1
      110012      210020   1.66431107E-02           1
      110012      220021   1.19733419E-02           1
      110012      230022   8.97843763E-03           1
      110012      240023   7.02187186E-03           1
      110012      250024   5.67727443E-03           1
      110012      260025   4.56938427E-03           1
      110012      270026   3.80423549E-03           1
      110012      280027   3.18200001E-03           1
      110012      290028   2.66662030E-03           1
      110012      300029   2.26171874E-03           1
      110012      310030   1.93664641E-03           1
      110012      320031   1.66617415E-03           1
      110012      330032   1.42832310E-03           1
      120013       20001   1.18296128E-02           1
      120013       30002   1.57192852E-02           1
      120013       40003   2.10958924E-02           1
      120013       50004   2.99461018E-02           1
      120013       60005   4.47265245E-02           1
      120013       70006   7.14417621E-02           1
      120013       80007  0.125861585               1
      120013       90008  0.255829990               1
      120013      100009  0.654588997               1
      120013      110010   2.57177830               1
      120013      150014   2.58532882               1
      120013      160015  0.649024367               1
      120013      170016  0.249796480               1
      120013      180017  0.118199356               1
      120013      190018   6.40619174E-02           1
      120013      200019   3.82056721E-02           1
      120013      210020   2.43758149E-02           1
      120013      220021   1.66761950E-02           1
      120013      230022   1.20115280E-02           1
      120013      240023   9.09895264E-03           1
      120013      250024   7.17323087E-03           1
      120013      260025   5.65530825E-03           1
      120013      270026   4.62728972E-03           1
      120013      280027   3.81474243E-03           1
      120013      290028   3.15790484E-03           1
      120013      300029   2.64948397E-03           1
      120013      310030   2.24727090E-03           1
      120013      320031   1.91698084E-03           1
      120013      330032   1.63103861E-03           1
      130014       20001   8.71766452E-03           1
      130014       30002   1.12925274E-02           1
      130014       40003   1.46637969E-02           1
      130014       50004   1.99855696E-02           1
      130014       60005   2.83236951E-02           1
      130014       70006   4.22176309E-02           1
      130014       80007   6.77144527E-02           1
      130014       90008  0.120061480               1
      130014      100009  0.248192802               1
      130014      110010  0.637197077               1
      130014      120011   2.57188702               1
      130014      160015   2.61704183               1
      130014      170016  0.659812748               1
      130014      180017  0.252596080               1
      130014      190018  0.119263396               1
      130014      200019   6.44044727E-02           1
      130014      210020   3.80642191E-02           1
      130014      220021   2.44928226E-02           1
      130014      230022   1.68059096E-02           1
      130014      240023   1.22543592E-02           1
      130014      250024   9.37687978E-03           1
      130014      260025   7.21698813E-03           1
      130014      270026   5.78892836E-03           1
      130014      280027   4.69526649E-03           1
      130014      290028   3.83458566E-03           1
      130014      300029   3.17964912E-03           1
      130014      310030   2.66991183E-03           1
      130014      320031   2.25729216E-03           1
      130014      330032   1.90584722E-03           1
      140015       20001   6.67772023E-03           1
      140015       30002   8.47363379E-03           1
      140015       40003   1.07162707E-02           1
      140015       50004   1.41394418E-02           1
      140015       60005   1.92267597E-02           1
      140015       70006   2.71697193E-02           1
      140015       80007   4.06419672E-02           1
      140015       90008   6.54639602E-02           1
      140015      100009  0.118059613               1
      140015      110010  0.244668767               1
      140015      120011  0.647906780               1
      140015      130012   2.58537674               1
      140015      170016   2.59213090               1
      140015      180017  0.658397079               1
      140015      190018  0.252599090               1
      140015      200019  0.119177140               1
      140015      210020   6.39012083E-02           1
      140015      220021   3.81493717E-02           1
      140015      230022   2.46983748E-02           1
      140015      240023   1.72143970E-02           1
      140015      250024   1.27200568E-02           1
      140015      260025   9.52190533E-03           1
      140015      270026   7.46700913E-03           1
      140015      280027   5.94687974E-03           1
      140015      290028   4.78514982E-03           1
      140015      300029   3.91799863E-03           1
      140015      310030   3.25505785E-03           1
      140015      320031   2.72670086E-03           1
      140015      330032   2.28420156E-03           1
      150016       20001   5.20946924E-03           1
      150016       30002   6.49977569E-03           1
      150016       40003   8.04517325E-03           1
      150016       50004   1.03406366E-02           1
      150016       60005   1.36023480E-02           1
      150016       70006   1.84250884E-02           1
      150016       80007   2.61034947E-02           1
      150016       90008   3.91160250E-02           1
      150016      100009   6.39965385E-02           1
      150016      110010  0.115385346               1
      150016      120011  0.246464640               1
      150016      130012  0.649075449               1
      150016      140013   2.61706519               1
      150016      180017   2.58657289               1
      150016      190018  0.656663239               1
      150016      200019  0.251215816               1
      150016      210020  0.117573954               1
      150016      220021   6.35968447E-02           1
      150016      230022   3.82427014E-02           1
      150016      240023   2.51968615E-02           1
      150016      250024   1.78343840E-02           1
      150016      260025   1.29058715E-02           1
      150016      270026   9.84804332E-03           1
      150016      280027   7.67407892E-03           1
      150016      290028   6.06759125E-03           1
      150016      300029   4.89536626E-03           1
      150016      310030   4.01748670E-03           1
      150016      320031   3.33014922E-03           1
      150016      330032   2.76517146E-03           1
      160017       20001   4.17762622E-03           1
      160017       30002   5.14059328E-03           1
      160017       40003   6.25287788E-03           1
      160017       50004   7.86984712E-03           1
      160017       60005   1.00829350E-02           1
      160017       70006   1.32101038E-02           1
      160017       80007   1.79383736E-02           1
      160017       90008   2.54317652E-02           1
      160017      100009   3.86997573E-02           1
      160017      110010   6.32156655E-02           1
      160017      120011  0.117399365               1
      160017      130012  0.249832317               1
      160017      140013  0.659827113               1
      160017      150014   2.59213567               1
      160017      190018   2.59567833               1
      160017      200019  0.652875066               1
      160017      210020  0.247606605               1
      160017      220021  0.116642147               1
      160017      230022   6.36026859E-02           1
      160017      240023   3.89990434E-02           1
      160017      250024   2.61576455E-02           1
      160017      260025   1.81554127E-02           1
      160017      270026   1.33996950E-02           1
      160017      280027   1.01701869E-02           1
      160017      290028   7.87448604E-03           1
      160017      300029   6.24380633E-03           1
      160017      310030   5.05152531E-03           1
      160017      320031   4.13696934E-03           1
      160017      330032   3.40080401E-03           1
      170018       20001   3.37442383E-03           1
      170018       30002   4.10456397E-03           1
      170018       40003   4.92139626E-03           1
      170018       50004   6.08862005E-03           1
      170018       60005   7.63622019E-03           1
      170018       70006   9.74071585E-03           1
      170018       80007   1.27884662E-02           1
      170018       90008   1.73565578E-02           1
      170018      100009   2.49730367E-02           1
      170018      110010   3.78945395E-02           1
      170018      120011   6.37367666E-02           1
      170018      130012  0.118226193               1
      170018      140013  0.252607703               1
      170018      150014  0.658401549               1
      170018      160015   2.58656907               1
      170018      200019   2.57988620               1
      170018      210020  0.645466506               1
      170018      220021  0.245296016               1
      170018      230022  0.116364576               1
      170018      240023   6.47304505E-02           1
      170018      250024   4.04636897E-02           1
      170018      260025   2.66241319E-02           1
      170018      270026   1.88380927E-02           1
      170018      280027   1.38318911E-02           1
      170018      290028   1.04334541E-02           1
      170018      300029   8.09727050E-03           1
      170018      310030   6.43766299E-03           1
      170018      320031   5.19547472E-03           1
      170018      330032   4.21972293E-03           1
      180019       20001   2.77971849E-03           1
      180019       30002   3.34702386E-03           1
      180019       40003   3.96342436E-03           1
      180019       50004   4.83210525E-03           1
      180019       60005   5.95256640E-03           1
      180019       70006   7.42645469E-03           1
      180019       80007   9.48361028E-03           1
      180019       90008   1.24219554E-02           1
      180019      100009   1.70842949E-02           1
      180019      110010   2.44573057E-02           1
      180019      120011   3.81412096E-02           1
      180019      130012   6.40749186E-02           1
      180019      140013  0.119264409               1
      180019      150014  0.252592474               1
      180019      160015  0.656647086               1
      180019      170016   2.59566188               1
      180019      210020   2.58265114               1
      180019      220021  0.643954813               1
      180019      230022  0.246325731               1
      180019      240023  0.119375713               1
      180019      250024   6.78846389E-02           1
      180019      260025   4.16875221E-02           1
      180019      270026   2.79623810E-02           1
      180019      280027   1.96964797E-02           1
      180019      290028   1.43824443E-02           1
      180019      300029   1.08711133E-02           1
      180019      310030   8.46096687E-03           1
      180019      320031   6.70891628E-03           1
      180019      330032   5.37119061E-03           1
      190020       20001   2.32949154E-03           1
      190020       30002   2.77931523E-03           1
      190020       40003   3.25491885E-03           1
      190020       50004   3.91773414E-03           1
      190020       60005   4.75217309E-03           1
      190020       70006   5.81837306E-03           1
      190020       80007   7.25979451E-03           1
      190020       90008   9.23354831E-03           1
      190020      100009   1.22373793E-02           1
      190020      110010   1.67097300E-02           1
      190020      120011   2.45377086E-02           1
      190020      130012   3.82078961E-02           1
      190020      140013   6.43959939E-02           1
      190020      150014  0.119158767               1
      190020      160015  0.251184702               1
      190020      170016  0.652838111               1
      190020      180017   2.57984304               1
      190020      220021   2.57422829               1
      190020      230022  0.643294156               1
      190020      240023  0.251432389               1
      190020      250024  0.124994427               1
      190020      260025   7.00102001E-02           1
      190020      270026   4.38591987E-02           1
      190020      280027   2.93286741E-02           1
      190020      290028   2.05716919E-02           1
      190020      300029   1.50529342E-02           1
      190020      310030   1.14152059E-02           1
      190020      320031   8.86003673E-03           1
      190020      330032   6.97203819E-03           1
      200021       20001   1.98022183E-03           1
      200021       30002   2.34260177E-03           1
      200021       40003   2.71584629E-03           1
      200021       50004   3.23134009E-03           1
      200021       60005   3.86625133E-03           1
      200021       70006   4.65663383E-03           1
      200021       80007   5.69551019E-03           1
      200021       90008   7.06516486E-03           1
      200021      100009   9.07599274E-03           1
      200021      110010   1.19131431E-02           1
      200021      120011   1.66458655E-02           1
      200021      130012   2.43772864E-02           1
      200021      140013   3.80555354E-02           1
      200021      150014   6.38798401E-02           1
      200021      160015  0.117535882               1
      200021      170016  0.247555852               1
      200021      180017  0.645403206               1
      200021      190018   2.58259654               1
      200021      230022   2.58408761               1
      200021      240023  0.653634906               1
      200021      250024  0.261984587               1
      200021      260025  0.128504425               1
      200021      270026   7.34267607E-02           1
      200021      280027   4.59159873E-02           1
      200021      290028   3.06177828E-02           1
      200021      300029   2.15205289E-02           1
      200021      310030   1.58061963E-02           1
      200021      320031   1.19520426E-02           1
      200021      330032   9.21042915E-03           1
      210022       20001   1.73148885E-03           1
      210022       30002   2.03169510E-03           1
      210022       40003   2.33305665E-03           1
      210022       50004   2.74643069E-03           1
      210022       60005   3.24557698E-03           1
      210022       70006   3.85262026E-03           1
      210022       80007   4.63108160E-03           1
      210022       90008   5.62325167E-03           1
      210022      100009   7.03591295E-03           1
      210022      110010   8.93534627E-03           1
      210022      120011   1.19801648E-02           1
      210022      130012   1.66811831E-02           1
      210022      140013   2.44858563E-02           1
      210022      150014   3.81251797E-02           1
      210022      160015   6.35504648E-02           1
      210022      170016  0.116575241               1
      210022      180017  0.245209098               1
      210022      190018  0.643868566               1
      210022      200019   2.57415915               1
      210022      240023   2.60271478               1
      210022      250024  0.670359194               1
      210022      260025  0.265506297               1
      210022      270026  0.132878572               1
      210022      280027   7.59553239E-02           1
      210022      290028   4.74897847E-02           1
      210022      300029   3.17637362E-02           1
      210022      310030   2.24411972E-02           1
      210022      320031   1.64456591E-02           1
      210022      330032   1.23618664E-02           1
      220023       20001   1.53189572E-03           1
      220023       30002   1.78414141E-03           1
      220023       40003   2.03123991E-03           1
      220023       50004   2.36852840E-03           1
      220023       60005   2.76871352E-03           1
      220023       70006   3.24554369E-03           1
      220023       80007   3.84423975E-03           1
      220023       90008   4.58504725E-03           1
      220023      100009   5.61339501E-03           1
      220023      110010   6.93891430E-03           1
      220023      120011   8.99679586E-03           1
      220023      130012   1.20272804E-02           1
      220023      140013   1.68082211E-02           1
      220023      150014   2.46802196E-02           1
      220023      160015   3.81987803E-02           1
      220023      170016   6.35330975E-02           1
      220023      180017  0.116270296               1
      220023      190018  0.246226147               1
      220023      200019  0.643206775               1
      220023      210020   2.58402705               1
      220023      250024   2.58701253               1
      220023      260025  0.658871830               1
      220023      270026  0.265766591               1
      220023      280027  0.133228660               1
      220023      290028   7.63343051E-02           1
      220023      300029   4.79121581E-02           1
      220023      310030   3.22585292E-02           1
      220023      320031   2.27561612E-02           1
      220023      330032   1.66021902E-02           1
      230024       20001   1.38370518E-03           1
      230024       30002   1.60020287E-03           1
      230024       40003   1.80725334E-03           1
      230024       50004   2.08901102E-03           1
      230024       60005   2.41805683E-03           1
      230024       70006   2.80304393E-03           1
      230024       80007   3.27769504E-03           1
      230024       90008   3.84990545E-03           1
      230024      100009   4.62790998E-03           1
      230024      110010   5.59438160E-03           1
      230024      120011   7.05781113E-03           1
      230024      130012   9.13018826E-03           1
      230024      140013   1.22694690E-02           1
      230024      150014   1.72051433E-02           1
      230024      160015   2.51577944E-02           1
      230024      170016   3.89292575E-02           1
      230024      180017   6.46313503E-02           1
      230024      190018  0.119265199               1
      230024      200019  0.251328647               1
      230024      210020  0.653555274               1
      230024      220021   2.60267472               1
      230024      260025   2.56918931               1
      230024      270026  0.659219623               1
      230024      280027  0.265195638               1
      230024      290028  0.133162752               1
      230024      300029   7.64801726E-02           1
      230024      310030   4.83154729E-02           1
      230024      320031   3.24669518E-02           1
      230024      330032   2.28214152E-02           1
      240025       20001   1.27169583E-03           1
      240025       30002   1.46090100E-03           1
      240025       40003   1.63761294E-03           1
      240025       50004   1.87772885E-03           1
      240025       60005   2.15411675E-03           1
      240025       70006   2.47221603E-03           1
      240025       80007   2.85820360E-03           1
      240025       90008   3.31280590E-03           1
      240025      100009   3.92049737E-03           1
      240025      110010   4.65116277E-03           1
      240025      120011   5.73667884E-03           1
      240025      130012   7.22526805E-03           1
      240025      140013   9.40961204E-03           1
      240025      150014   1.27243660E-02           1
      240025      160015   1.78046636E-02           1
      240025      170016   2.60921996E-02           1
      240025      180017   4.03640196E-02           1
      240025      190018   6.77667335E-02           1
      240025      200019  0.124876417               1
      240025      210020  0.261885792               1
      240025      220021  0.670296609               1
      240025      230022   2.58696890               1
      240025      270026   2.58236480               1
      240025      280027  0.659099281               1
      240025      290028  0.265457600               1
      240025      300029  0.133378416               1
      240025      310030   7.70622194E-02           1
      240025      320031   4.85561006E-02           1
      240025      330032   3.25441509E-02           1
      250026       20001   1.14295084E-03           1
      250026       30002   1.30559283E-03           1
      250026       40003   1.45422260E-03           1
      250026       50004   1.65604369E-03           1
      250026       60005   1.88536348E-03           1
      250026       70006   2.14543450E-03           1
      250026       80007   2.45661940E-03           1
      250026       90008   2.81550619E-03           1
      250026      100009   3.28844110E-03           1
      250026      110010   3.84058524E-03           1
      250026      120011   4.64875530E-03           1
      250026      130012   5.72728459E-03           1
      250026      140013   7.26996642E-03           1
      250026      150014   9.54682101E-03           1
      250026      160015   1.28975976E-02           1
      250026      170016   1.81121603E-02           1
      250026      180017   2.65476946E-02           1
      250026      190018   4.15919237E-02           1
      250026      200019   6.99128211E-02           1
      250026      210020  0.128425166               1
      250026      220021  0.265462458               1
      250026      230022  0.658848464               1
      250026      240023   2.56918597               1
      250026      280027   2.57053876               1
      250026      290028  0.655479670               1
      250026      300029  0.263367951               1
      250026      310030  0.132844895               1
      250026      320031   7.64319450E-02           1
      250026      330032   4.80700396E-02           1
      260027       20001   1.05913321E-03           1
      260027       30002   1.20295282E-03           1
      260027       40003   1.33140106E-03           1
      260027       50004   1.50594185E-03           1
      260027       60005   1.70177722E-03           1
      260027       70006   1.92073267E-03           1
      260027       80007   2.17930507E-03           1
      260027       90008   2.47152662E-03           1
      260027      100009   2.85186805E-03           1
      260027      110010   3.28357611E-03           1
      260027      120011   3.90833709E-03           1
      260027      130012   4.72268648E-03           1
      260027      140013   5.86395012E-03           1
      260027      150014   7.51236267E-03           1
      260027      160015   9.85857472E-03           1
      260027      170016   1.33731244E-02           1
      260027      180017   1.87757444E-02           1
      260027      190018   2.78756432E-02           1
      260027      200019   4.37637903E-02           1
      260027      210020   7.33420551E-02           1
      260027      220021  0.132821932               1
      260027      230022  0.265726388               1
      260027      240023  0.659195960               1
      260027      250024   2.58236194               1
      260027      290028   2.56985092               1
      260027      300029  0.658494651               1
      260027      310030  0.266229719               1
      260027      320031  0.133998394               1
      260027      330032   7.72625655E-02           1
      270028       20001   9.75604751E-04           1
      270028       30002   1.10246136E-03           1
      270028       40003   1.21330249E-03           1
      270028       50004   1.36414100E-03           1
      270028       60005   1.53142796E-03           1
      270028       70006   1.71602704E-03           1
      270028       80007   1.93145697E-03           1
      270028       90008   2.17036461E-03           1
      270028      100009   2.47804425E-03           1
      270028      110010   2.81818653E-03           1
      270028      120011   3.30631691E-03           1
      270028      130012   3.92980734E-03           1
      270028      140013   4.78965603E-03           1
      270028      150014   6.01142738E-03           1
      270028      160015   7.70380162E-03           1
      270028      170016   1.01625873E-02           1
      270028      180017   1.37879122E-02           1
      270028      190018   1.96250957E-02           1
      270028      200019   2.92437840E-02           1
      270028      210020   4.58358824E-02           1
      270028      220021   7.58970976E-02           1
      270028      230022  0.133184299               1
      270028      240023  0.265166104               1
      270028      250024  0.659088969               1
      270028      260025   2.57051039               1
      270028      300029   2.59012294               1
      270028      310030  0.658776820               1
      270028      320031  0.264921844               1
      270028      330032  0.134084255               1
      280029       20001   8.91162665E-04           1
      280029       30002   1.00253965E-03           1
      280029       40003   1.09786086E-03           1
      280029       50004   1.22784451E-03           1
      280029       60005   1.37047761E-03           1
      280029       70006   1.52598775E-03           1
      280029       80007   1.70553790E-03           1
      280029       90008   1.90118141E-03           1
      280029      100009   2.15087528E-03           1
      280029      110010   2.42014905E-03           1
      280029      120011   2.80426675E-03           1
      280029      130012   3.28635983E-03           1
      280029      140013   3.94292222E-03           1
      280029      150014   4.86458186E-03           1
      280029      160015   6.11348124E-03           1
      280029      170016   7.88435806E-03           1
      280029      180017   1.04080420E-02           1
      280029      190018   1.43287005E-02           1
      280029      200019   2.05018055E-02           1
      280029      210020   3.05487495E-02           1
      280029      220021   4.74383011E-02           1
      280029      230022   7.62961730E-02           1
      280029      240023  0.133140057               1
      280029      250024  0.265455097               1
      280029      260025  0.655464888               1
      280029      270026   2.56986308               1
      280029      310030   2.60139585               1
      280029      320031  0.653400540               1
      280029      330032  0.264973551               1
      290030       20001   8.20567657E-04           1
      290030       30002   9.19209851E-04           1
      290030       40003   1.00189215E-03           1
      290030       50004   1.11496157E-03           1
      290030       60005   1.23777043E-03           1
      290030       70006   1.37012056E-03           1
      290030       80007   1.52139051E-03           1
      290030       90008   1.68339862E-03           1
      290030      100009   1.88851135E-03           1
      290030      110010   2.10432662E-03           1
      290030      120011   2.41094199E-03           1
      290030      130012   2.78966967E-03           1
      290030      140013   3.30035458E-03           1
      290030      150014   4.01083659E-03           1
      290030      160015   4.95602796E-03           1
      290030      170016   6.26987265E-03           1
      290030      180017   8.08925740E-03           1
      290030      190018   1.08341500E-02           1
      290030      200019   1.49974972E-02           1
      290030      210020   2.14620437E-02           1
      290030      220021   3.17182131E-02           1
      290030      230022   4.78787869E-02           1
      290030      240023   7.64620453E-02           1
      290030      250024  0.133380324               1
      290030      260025  0.263361931               1
      290030      270026  0.658515453               1
      290030      280027   2.59014845               1
      290030      320031   2.58826756               1
      290030      330032  0.665299177               1
      300031       20001   7.59754097E-04           1
      300031       30002   8.47715826E-04           1
      300031       40003   9.19937273E-04           1
      300031       50004   1.01905200E-03           1
      300031       60005   1.12565933E-03           1
      300031       70006   1.23928196E-03           1
      300031       80007   1.36791938E-03           1
      300031       90008   1.50339282E-03           1
      300031      100009   1.67370832E-03           1
      300031      110010   1.84859615E-03           1
      300031      120011   2.09651235E-03           1
      300031      130012   2.39833607E-03           1
      300031      140013   2.80224881E-03           1
      300031      150014   3.36073968E-03           1
      300031      160015   4.09252755E-03           1
      300031      170016   5.09362249E-03           1
      300031      180017   6.44713733E-03           1
      300031      190018   8.44145939E-03           1
      300031      200019   1.13756703E-02           1
      300031      210020   1.57605167E-02           1
      300031      220021   2.24046614E-02           1
      300031      230022   3.22333090E-02           1
      300031      240023   4.83057462E-02           1
      300031      250024   7.70730525E-02           1
      300031      260025  0.132852942               1
      300031      270026  0.266265929               1
      300031      280027  0.658818603               1
      300031      290028   2.60141730               1
      300031      330032   2.58377481               1
      310032       20001   7.05988961E-04           1
      310032       30002   7.84749805E-04           1
      310032       40003   8.48075375E-04           1
      310032       50004   9.35356366E-04           1
      310032       60005   1.02834799E-03           1
      310032       70006   1.12639065E-03           1
      310032       80007   1.23638299E-03           1
      310032       90008   1.35029445E-03           1
      310032      100009   1.49260834E-03           1
      310032      110010   1.63516274E-03           1
      310032      120011   1.83713087E-03           1
      310032      130012   2.07970967E-03           1
      310032      140013   2.40249187E-03           1
      310032      150014   2.84706894E-03           1
      310032      160015   3.42213502E-03           1
      310032      170016   4.19858750E-03           1
      310032      180017   5.22705959E-03           1
      310032      190018   6.71321014E-03           1
      310032      200019   8.84498656E-03           1
      310032      210020   1.19304135E-02           1
      310032      220021   1.64322816E-02           1
      310032      230022   2.27556173E-02           1
      310032      240023   3.24843898E-02           1
      310032      250024   4.85968515E-02           1
      310032      260025   7.64762908E-02           1
      310032      270026  0.134074196               1
      310032      280027  0.265005022               1
      310032      290028  0.653462887               1
      310032      300029   2.58833742               1
      320033       20001   6.51706301E-04           1
      320033       30002   7.21908233E-04           1
      320033       40003   7.77211564E-04           1
      320033       50004   8.53802369E-04           1
      320033       60005   9.34678596E-04           1
      320033       70006   1.01907947E-03           1
      320033       80007   1.11297041E-03           1
      320033       90008   1.20864308E-03           1
      320033      100009   1.32752897E-03           1
      320033      110010   1.44372834E-03           1
      320033      120011   1.60851609E-03           1
      320033      130012   1.80400116E-03           1
      320033      140013   2.06309417E-03           1
      320033      150014   2.41927220E-03           1
      320033      160015   2.87509756E-03           1
      320033      170016   3.48414457E-03           1
      320033      180017   4.27708123E-03           1
      320033      190018   5.40507305E-03           1
      320033      200019   6.99001411E-03           1
      320033      210020   9.22478735E-03           1
      320033      220021   1.23874834E-02           1
      320033      230022   1.66456588E-02           1
      320033      240023   2.28891317E-02           1
      320033      250024   3.26425247E-02           1
      320033      260025   4.81831022E-02           1
      320033      270026   7.74185285E-02           1
      320033      280027  0.134258911               1
      320033      290028  0.265139788               1
      320033      300029  0.665506423               1
      320033      310030   2.58398557               1
